TABLE NO.     1: First Order: Problem=1 Subproblem=1 Superproblem1=0 Iteration1=0 Superproblem2=0 Iteration2=0
 NAME         THETA1       THETA2       THETA3       THETA4       THETA5       THETA6       SIGMA(1,1)   OMEGA(1,1)
 THETA1        9.67951E+01 -6.92673E-02  7.63950E-01 -3.81370E+01  8.76904E+02 -3.50928E+01  0.00000E+00  0.00000E+00
 THETA2       -6.92673E-02  2.11160E+02 -1.40289E+02  2.33937E+00 -8.44626E+01 -4.42977E-01  0.00000E+00  0.00000E+00
 THETA3        7.63950E-01 -1.40289E+02  1.44265E+02 -2.76302E+00  5.05167E+01  3.80712E+00  0.00000E+00  0.00000E+00
 THETA4       -3.81370E+01  2.33937E+00 -2.76302E+00  2.60081E+02 -1.03527E+03 -1.32031E+02  0.00000E+00  0.00000E+00
 THETA5        8.76904E+02 -8.44626E+01  5.05167E+01 -1.03527E+03  8.37476E+04 -9.85650E+02  0.00000E+00  0.00000E+00
 THETA6       -3.50928E+01 -4.42977E-01  3.80712E+00 -1.32031E+02 -9.85650E+02  1.79375E+02  0.00000E+00  0.00000E+00
 SIGMA(1,1)    0.00000E+00  0.00000E+00  0.00000E+00  0.00000E+00  0.00000E+00  0.00000E+00  0.00000E+00  0.00000E+00
 OMEGA(1,1)    0.00000E+00  0.00000E+00  0.00000E+00  0.00000E+00  0.00000E+00  0.00000E+00  0.00000E+00  0.00000E+00
