TABLE NO.     1: First Order: Problem=1 Subproblem=1 Superproblem1=0 Iteration1=0 Superproblem2=0 Iteration2=0
 NAME         THETA1       THETA2       THETA3       THETA4       THETA5       THETA6       SIGMA(1,1)   OMEGA(1,1)
 THETA1        1.40357E-02  2.02037E-05  8.49995E-05  7.20768E-03 -9.25922E-06  8.29326E-03  0.00000E+00  0.00000E+00
 THETA2        2.02037E-05  1.40672E-02  1.35266E-02 -7.67656E-05 -2.01079E-06 -5.87453E-06  0.00000E+00  0.00000E+00
 THETA3        8.49995E-05  1.35266E-02  2.04472E-02  1.67310E-05  4.12317E-06  2.73159E-04  0.00000E+00  0.00000E+00
 THETA4        7.20768E-03 -7.67656E-05  1.67310E-05  1.27414E-02  2.54189E-04  1.12905E-02  0.00000E+00  0.00000E+00
 THETA5       -9.25922E-06 -2.01079E-06  4.12317E-06  2.54189E-04  1.79582E-05  1.83295E-04  0.00000E+00  0.00000E+00
 THETA6        8.29326E-03 -5.87453E-06  2.73159E-04  1.12905E-02  1.83295E-04  1.46513E-02  0.00000E+00  0.00000E+00
 SIGMA(1,1)    0.00000E+00  0.00000E+00  0.00000E+00  0.00000E+00  0.00000E+00  0.00000E+00  0.00000E+00  0.00000E+00
 OMEGA(1,1)    0.00000E+00  0.00000E+00  0.00000E+00  0.00000E+00  0.00000E+00  0.00000E+00  0.00000E+00  0.00000E+00
