TABLE NO.     1: First Order: Problem=1 Subproblem=1 Superproblem1=0 Iteration1=0 Superproblem2=0 Iteration2=0
 NAME         THETA1       THETA2       THETA3       THETA4       THETA5       THETA6       SIGMA(1,1)   OMEGA(1,1)
 THETA1        1.27454E-01  1.46162E-02  2.12350E-02  5.23886E-01  3.45354E-02  6.15833E-01  0.00000E+00  0.00000E+00
 THETA2        1.46162E-02  1.16198E-01  8.03255E-01  1.66991E-02 -1.53655E-03  1.69088E-02  0.00000E+00  0.00000E+00
 THETA3        2.12350E-02  8.03255E-01  1.41421E-01  1.61735E-02 -1.93165E-03  2.23994E-02  0.00000E+00  0.00000E+00
 THETA4        5.23886E-01  1.66991E-02  1.61735E-02  1.07860E-01  5.62539E-01  8.28697E-01  0.00000E+00  0.00000E+00
 THETA5        3.45354E-02 -1.53655E-03 -1.93165E-03  5.62539E-01  4.07626E-03  3.63854E-01  0.00000E+00  0.00000E+00
 THETA6        6.15833E-01  1.69088E-02  2.23994E-02  8.28697E-01  3.63854E-01  1.17861E-01  0.00000E+00  0.00000E+00
 SIGMA(1,1)    0.00000E+00  0.00000E+00  0.00000E+00  0.00000E+00  0.00000E+00  0.00000E+00  0.00000E+00  0.00000E+00
 OMEGA(1,1)    0.00000E+00  0.00000E+00  0.00000E+00  0.00000E+00  0.00000E+00  0.00000E+00  0.00000E+00  0.00000E+00
