TABLE NO.     1: First Order: Problem=1 Subproblem=1 Superproblem1=0 Iteration1=0 Superproblem2=0 Iteration2=0
 NAME         THETA1       THETA2       THETA3       THETA4       THETA5       THETA6       SIGMA(1,1)   OMEGA(1,1)
 THETA1        1.45070E-01  1.07644E-02  7.97844E-04  5.31223E-01  1.73252E-01  5.73074E-01  0.00000E+00  0.00000E+00
 THETA2        1.07644E-02  1.15845E-01  7.54567E-01  1.50440E-02  1.20583E-02  1.26351E-02  0.00000E+00  0.00000E+00
 THETA3        7.97844E-04  7.54567E-01  1.40937E-01  1.09768E-02  2.36672E-03 -5.47238E-03  0.00000E+00  0.00000E+00
 THETA4        5.31223E-01  1.50440E-02  1.09768E-02  1.07521E-01  4.48929E-01  6.77045E-01  0.00000E+00  0.00000E+00
 THETA5        1.73252E-01  1.20583E-02  2.36672E-03  4.48929E-01  5.09987E-03  5.45411E-01  0.00000E+00  0.00000E+00
 THETA6        5.73074E-01  1.26351E-02 -5.47238E-03  6.77045E-01  5.45411E-01  1.44615E-01  0.00000E+00  0.00000E+00
 SIGMA(1,1)    0.00000E+00  0.00000E+00  0.00000E+00  0.00000E+00  0.00000E+00  0.00000E+00  0.00000E+00  0.00000E+00
 OMEGA(1,1)    0.00000E+00  0.00000E+00  0.00000E+00  0.00000E+00  0.00000E+00  0.00000E+00  0.00000E+00  0.00000E+00
