TABLE NO.     1: First Order: Problem=1 Subproblem=1 Superproblem1=0 Iteration1=0 Superproblem2=0 Iteration2=0
 NAME         THETA1       THETA2       THETA3       THETA4       THETA5       THETA6       SIGMA(1,1)   OMEGA(1,1)
 THETA1        1.15932E-01 -2.64828E-02 -3.28852E-02  4.79015E-01  4.91717E-03  4.76785E-01  0.00000E+00  0.00000E+00
 THETA2       -2.64828E-02  1.14770E-01  8.02762E-01 -1.83034E-02 -9.22101E-04 -3.09269E-02  0.00000E+00  0.00000E+00
 THETA3       -3.28852E-02  8.02762E-01  1.37192E-01 -2.78232E-02 -9.07447E-03 -4.56719E-02  0.00000E+00  0.00000E+00
 THETA4        4.79015E-01 -1.83034E-02 -2.78232E-02  1.02819E-01  4.31211E-01  7.69931E-01  0.00000E+00  0.00000E+00
 THETA5        4.91717E-03 -9.22101E-04 -9.07447E-03  4.31211E-01  4.13627E-03  4.32965E-01  0.00000E+00  0.00000E+00
 THETA6        4.76785E-01 -3.09269E-02 -4.56719E-02  7.69931E-01  4.32965E-01  1.20608E-01  0.00000E+00  0.00000E+00
 SIGMA(1,1)    0.00000E+00  0.00000E+00  0.00000E+00  0.00000E+00  0.00000E+00  0.00000E+00  0.00000E+00  0.00000E+00
 OMEGA(1,1)    0.00000E+00  0.00000E+00  0.00000E+00  0.00000E+00  0.00000E+00  0.00000E+00  0.00000E+00  0.00000E+00
