TABLE NO.     1: First Order: Problem=1 Subproblem=1 Superproblem1=0 Iteration1=0 Superproblem2=0 Iteration2=0
 NAME         THETA1       THETA2       THETA3       THETA4       THETA5       THETA6       SIGMA(1,1)   OMEGA(1,1)
 THETA1        7.96634E+01 -5.07099E-01  2.49595E-01 -3.20962E+01  5.26122E+02 -3.97530E+01  0.00000E+00  0.00000E+00
 THETA2       -5.07099E-01  1.73172E+02 -1.07435E+02  1.85780E+00 -1.36173E+01 -2.70747E+00  0.00000E+00  0.00000E+00
 THETA3        2.49595E-01 -1.07435E+02  1.17019E+02 -2.87115E+00  1.58736E+00  2.98275E+00  0.00000E+00  0.00000E+00
 THETA4       -3.20962E+01  1.85780E+00 -2.87115E+00  1.75424E+02 -6.00132E+02 -5.83450E+01  0.00000E+00  0.00000E+00
 THETA5        5.26122E+02 -1.36173E+01  1.58736E+00 -6.00132E+02  5.91336E+04 -1.13759E+03  0.00000E+00  0.00000E+00
 THETA6       -3.97530E+01 -2.70747E+00  2.98275E+00 -5.83450E+01 -1.13759E+03  1.21963E+02  0.00000E+00  0.00000E+00
 SIGMA(1,1)    0.00000E+00  0.00000E+00  0.00000E+00  0.00000E+00  0.00000E+00  0.00000E+00  0.00000E+00  0.00000E+00
 OMEGA(1,1)    0.00000E+00  0.00000E+00  0.00000E+00  0.00000E+00  0.00000E+00  0.00000E+00  0.00000E+00  0.00000E+00
