TABLE NO.     1: First Order: Problem=1 Subproblem=1 Superproblem1=0 Iteration1=0 Superproblem2=0 Iteration2=0
 NAME         THETA1       THETA2       THETA3       THETA4       THETA5       THETA6       SIGMA(1,1)   OMEGA(1,1)
 THETA1        1.10307E+02  1.03421E+00 -1.18438E+00 -3.92045E+01  1.06534E+03 -5.71190E+01  0.00000E+00  0.00000E+00
 THETA2        1.03421E+00  2.08818E+02 -1.37826E+02 -4.66312E+00  4.13734E+01  2.55034E+00  0.00000E+00  0.00000E+00
 THETA3       -1.18438E+00 -1.37826E+02  1.41003E+02  3.07601E+00 -1.05499E+01 -2.90341E+00  0.00000E+00  0.00000E+00
 THETA4       -3.92045E+01 -4.66312E+00  3.07601E+00  3.80202E+02 -3.29432E+03 -2.20779E+02  0.00000E+00  0.00000E+00
 THETA5        1.06534E+03  4.13734E+01 -1.05499E+01 -3.29432E+03  1.02874E+05  4.93901E+02  0.00000E+00  0.00000E+00
 THETA6       -5.71190E+01  2.55034E+00 -2.90341E+00 -2.20779E+02  4.93901E+02  2.71281E+02  0.00000E+00  0.00000E+00
 SIGMA(1,1)    0.00000E+00  0.00000E+00  0.00000E+00  0.00000E+00  0.00000E+00  0.00000E+00  0.00000E+00  0.00000E+00
 OMEGA(1,1)    0.00000E+00  0.00000E+00  0.00000E+00  0.00000E+00  0.00000E+00  0.00000E+00  0.00000E+00  0.00000E+00
