TABLE NO.     1: First Order: Problem=1 Subproblem=1 Superproblem1=0 Iteration1=0 Superproblem2=0 Iteration2=0
 NAME         THETA1       THETA2       THETA3       THETA4       THETA5       THETA6       SIGMA(1,1)   OMEGA(1,1)
 THETA1        1.54480E-02 -4.38338E-04 -5.90845E-04  6.09492E-03  2.14881E-06  7.53172E-03  0.00000E+00  0.00000E+00
 THETA2       -4.38338E-04  1.34081E-02  1.30503E-02 -3.53324E-04 -1.14150E-06 -5.95968E-04  0.00000E+00  0.00000E+00
 THETA3       -5.90845E-04  1.30503E-02  1.96436E-02 -5.01192E-04 -9.54331E-06 -9.21633E-04  0.00000E+00  0.00000E+00
 THETA4        6.09492E-03 -3.53324E-04 -5.01192E-04  1.05174E-02  1.83252E-04  9.95054E-03  0.00000E+00  0.00000E+00
 THETA5        2.14881E-06 -1.14150E-06 -9.54331E-06  1.83252E-04  1.68741E-05  2.28226E-04  0.00000E+00  0.00000E+00
 THETA6        7.53172E-03 -5.95968E-04 -9.21633E-04  9.95054E-03  2.28226E-04  1.56448E-02  0.00000E+00  0.00000E+00
 SIGMA(1,1)    0.00000E+00  0.00000E+00  0.00000E+00  0.00000E+00  0.00000E+00  0.00000E+00  0.00000E+00  0.00000E+00
 OMEGA(1,1)    0.00000E+00  0.00000E+00  0.00000E+00  0.00000E+00  0.00000E+00  0.00000E+00  0.00000E+00  0.00000E+00
