TABLE NO.     1: First Order: Problem=1 Subproblem=1 Superproblem1=0 Iteration1=0 Superproblem2=0 Iteration2=0
 NAME         THETA1       THETA2       THETA3       THETA4       THETA5       THETA6       SIGMA(1,1)   OMEGA(1,1)
 THETA1        1.29854E+02 -3.85174E-01  2.59585E-02 -6.56690E+01  1.41020E+03 -4.05407E+01  0.00000E+00  0.00000E+00
 THETA2       -3.85174E-01  1.95527E+02 -1.29426E+02 -4.25063E+00  5.78793E+01  5.26091E+00  0.00000E+00  0.00000E+00
 THETA3        2.59585E-02 -1.29426E+02  1.34619E+02  5.94614E+00 -6.47540E+01 -6.34847E+00  0.00000E+00  0.00000E+00
 THETA4       -6.56690E+01 -4.25063E+00  5.94614E+00  3.43422E+02 -2.95050E+03 -1.90673E+02  0.00000E+00  0.00000E+00
 THETA5        1.41020E+03  5.78793E+01 -6.47540E+01 -2.95050E+03  9.52920E+04  2.84536E+02  0.00000E+00  0.00000E+00
 THETA6       -4.05407E+01  5.26091E+00 -6.34847E+00 -1.90673E+02  2.84536E+02  2.34697E+02  0.00000E+00  0.00000E+00
 SIGMA(1,1)    0.00000E+00  0.00000E+00  0.00000E+00  0.00000E+00  0.00000E+00  0.00000E+00  0.00000E+00  0.00000E+00
 OMEGA(1,1)    0.00000E+00  0.00000E+00  0.00000E+00  0.00000E+00  0.00000E+00  0.00000E+00  0.00000E+00  0.00000E+00
