TABLE NO.     1: First Order: Problem=1 Subproblem=1 Superproblem1=0 Iteration1=0 Superproblem2=0 Iteration2=0
 NAME         THETA1       THETA2       THETA3       THETA4       THETA5       THETA6       SIGMA(1,1)   OMEGA(1,1)
 THETA1        2.10453E-02  1.80902E-04  1.63125E-05  8.28607E-03  1.28178E-04  1.20227E-02  0.00000E+00  0.00000E+00
 THETA2        1.80902E-04  1.34201E-02  1.23197E-02  1.87385E-04  7.12398E-06  2.11674E-04  0.00000E+00  0.00000E+00
 THETA3        1.63125E-05  1.23197E-02  1.98632E-02  1.66339E-04  1.70111E-06 -1.11536E-04  0.00000E+00  0.00000E+00
 THETA4        8.28607E-03  1.87385E-04  1.66339E-04  1.15608E-02  2.46168E-04  1.05275E-02  0.00000E+00  0.00000E+00
 THETA5        1.28178E-04  7.12398E-06  1.70111E-06  2.46168E-04  2.60086E-05  4.02250E-04  0.00000E+00  0.00000E+00
 THETA6        1.20227E-02  2.11674E-04 -1.11536E-04  1.05275E-02  4.02250E-04  2.09135E-02  0.00000E+00  0.00000E+00
 SIGMA(1,1)    0.00000E+00  0.00000E+00  0.00000E+00  0.00000E+00  0.00000E+00  0.00000E+00  0.00000E+00  0.00000E+00
 OMEGA(1,1)    0.00000E+00  0.00000E+00  0.00000E+00  0.00000E+00  0.00000E+00  0.00000E+00  0.00000E+00  0.00000E+00
