TABLE NO.     1: First Order: Problem=1 Subproblem=1 Superproblem1=0 Iteration1=0 Superproblem2=0 Iteration2=0
 NAME         THETA1       THETA2       THETA3       THETA4       THETA5       THETA6       SIGMA(1,1)   OMEGA(1,1)
 THETA1        1.10117E+02  4.88444E-01  6.54996E-01 -4.27831E+01  8.93024E+02 -3.55970E+01  0.00000E+00  0.00000E+00
 THETA2        4.88444E-01  2.13543E+02 -1.43443E+02  3.24648E-01 -2.58456E+01 -1.22078E+00  0.00000E+00  0.00000E+00
 THETA3        6.54996E-01 -1.43443E+02  1.49617E+02 -1.68764E+00  5.33080E+00  4.27979E+00  0.00000E+00  0.00000E+00
 THETA4       -4.27831E+01  3.24648E-01 -1.68764E+00  2.55864E+02 -1.06278E+03 -1.32631E+02  0.00000E+00  0.00000E+00
 THETA5        8.93024E+02 -2.58456E+01  5.33080E+00 -1.06278E+03  8.13325E+04 -9.19854E+02  0.00000E+00  0.00000E+00
 THETA6       -3.55970E+01 -1.22078E+00  4.27979E+00 -1.32631E+02 -9.19854E+02  1.85961E+02  0.00000E+00  0.00000E+00
 SIGMA(1,1)    0.00000E+00  0.00000E+00  0.00000E+00  0.00000E+00  0.00000E+00  0.00000E+00  0.00000E+00  0.00000E+00
 OMEGA(1,1)    0.00000E+00  0.00000E+00  0.00000E+00  0.00000E+00  0.00000E+00  0.00000E+00  0.00000E+00  0.00000E+00
