TABLE NO.     1: Stochastic Approximation Expectation-Maximization: Problem=1 Subproblem=0 Superproblem1=0 Iteration1=0 Superproblem2=0 Iteration2=0
 NAME         THETA1       THETA2       THETA3       THETA4       SIGMA(1,1)   OMEGA(1,1)   OMEGA(2,1)   OMEGA(2,2)   OMEGA(3,1)   OMEGA(3,2)   OMEGA(3,3)   OMEGA(4,1)   OMEGA(4,2)   OMEGA(4,3)   OMEGA(4,4)
 THETA1        1.18967E+02 -1.08701E+02 -1.23738E+01  3.39907E+01 -2.93615E-02  1.00304E+02 -1.68598E+02  5.18702E+01  0.00000E+00  0.00000E+00 -3.83883E+00  0.00000E+00  0.00000E+00  0.00000E+00  0.00000E+00
 THETA2       -1.08701E+02  1.28370E+02  5.13962E+01 -5.92716E+01 -1.47148E-01 -6.49989E+01  1.15551E+02 -3.12820E+01  0.00000E+00  0.00000E+00  3.81631E-01  0.00000E+00  0.00000E+00  0.00000E+00  0.00000E+00
 THETA3       -1.23738E+01  5.13962E+01  1.07165E+02 -6.99958E+01  1.37673E+00  2.34273E+01 -3.52151E+01  3.01519E+01  0.00000E+00  0.00000E+00 -4.82992E+00  0.00000E+00  0.00000E+00  0.00000E+00  0.00000E+00
 THETA4        3.39907E+01 -5.92716E+01 -6.99958E+01  2.31259E+02  1.18047E+00 -1.00627E+01  4.05094E+00 -5.31684E+00  0.00000E+00  0.00000E+00  3.56636E+01  0.00000E+00  0.00000E+00  0.00000E+00  0.00000E+00
 SIGMA(1,1)   -2.93615E-02 -1.47148E-01  1.37673E+00  1.18047E+00  2.48137E+00 -1.17608E+00  1.45893E+00 -1.24189E-01  0.00000E+00  0.00000E+00  5.71007E+00  0.00000E+00  0.00000E+00  0.00000E+00  0.00000E+00
 OMEGA(1,1)    1.00304E+02 -6.49989E+01  2.34273E+01 -1.00627E+01 -1.17608E+00  3.30080E+02 -4.94527E+02  1.88942E+02  0.00000E+00  0.00000E+00 -9.40920E+00  0.00000E+00  0.00000E+00  0.00000E+00  0.00000E+00
 OMEGA(2,1)   -1.68598E+02  1.15551E+02 -3.52151E+01  4.05094E+00  1.45893E+00 -4.94527E+02  7.71983E+02 -3.09975E+02  0.00000E+00  0.00000E+00  7.83983E+00  0.00000E+00  0.00000E+00  0.00000E+00  0.00000E+00
 OMEGA(2,2)    5.18702E+01 -3.12820E+01  3.01519E+01 -5.31684E+00 -1.24189E-01  1.88942E+02 -3.09975E+02  1.43204E+02  0.00000E+00  0.00000E+00  1.65284E+00  0.00000E+00  0.00000E+00  0.00000E+00  0.00000E+00
 OMEGA(3,1)    0.00000E+00  0.00000E+00  0.00000E+00  0.00000E+00  0.00000E+00  0.00000E+00  0.00000E+00  0.00000E+00  0.00000E+00  0.00000E+00  0.00000E+00  0.00000E+00  0.00000E+00  0.00000E+00  0.00000E+00
 OMEGA(3,2)    0.00000E+00  0.00000E+00  0.00000E+00  0.00000E+00  0.00000E+00  0.00000E+00  0.00000E+00  0.00000E+00  0.00000E+00  0.00000E+00  0.00000E+00  0.00000E+00  0.00000E+00  0.00000E+00  0.00000E+00
 OMEGA(3,3)   -3.83883E+00  3.81631E-01 -4.82992E+00  3.56636E+01  5.71007E+00 -9.40920E+00  7.83983E+00  1.65284E+00  0.00000E+00  0.00000E+00  2.07336E+02  0.00000E+00  0.00000E+00  0.00000E+00  0.00000E+00
 OMEGA(4,1)    0.00000E+00  0.00000E+00  0.00000E+00  0.00000E+00  0.00000E+00  0.00000E+00  0.00000E+00  0.00000E+00  0.00000E+00  0.00000E+00  0.00000E+00  0.00000E+00  0.00000E+00  0.00000E+00  0.00000E+00
 OMEGA(4,2)    0.00000E+00  0.00000E+00  0.00000E+00  0.00000E+00  0.00000E+00  0.00000E+00  0.00000E+00  0.00000E+00  0.00000E+00  0.00000E+00  0.00000E+00  0.00000E+00  0.00000E+00  0.00000E+00  0.00000E+00
 OMEGA(4,3)    0.00000E+00  0.00000E+00  0.00000E+00  0.00000E+00  0.00000E+00  0.00000E+00  0.00000E+00  0.00000E+00  0.00000E+00  0.00000E+00  0.00000E+00  0.00000E+00  0.00000E+00  0.00000E+00  0.00000E+00
 OMEGA(4,4)    0.00000E+00  0.00000E+00  0.00000E+00  0.00000E+00  0.00000E+00  0.00000E+00  0.00000E+00  0.00000E+00  0.00000E+00  0.00000E+00  0.00000E+00  0.00000E+00  0.00000E+00  0.00000E+00  0.00000E+00
TABLE NO.     2: Objective Function Evaluation by Importance Sampling: Problem=1 Subproblem=0 Superproblem1=0 Iteration1=0 Superproblem2=0 Iteration2=0
 NAME         THETA1       THETA2       THETA3       THETA4       SIGMA(1,1)   OMEGA(1,1)   OMEGA(2,1)   OMEGA(2,2)   OMEGA(3,1)   OMEGA(3,2)   OMEGA(3,3)   OMEGA(4,1)   OMEGA(4,2)   OMEGA(4,3)   OMEGA(4,4)
 THETA1        1.21879E+02 -1.10865E+02 -9.50121E+00  2.58461E+01  5.38975E-01  4.55343E+01 -1.00326E+02  3.17633E+01  0.00000E+00  0.00000E+00  1.70939E+01  0.00000E+00  0.00000E+00  0.00000E+00  0.00000E+00
 THETA2       -1.10865E+02  1.30335E+02  4.35650E+01 -4.79793E+01 -3.98982E-01 -3.08043E+01  7.47094E+01 -2.38205E+01  0.00000E+00  0.00000E+00 -2.10610E+01  0.00000E+00  0.00000E+00  0.00000E+00  0.00000E+00
 THETA3       -9.50121E+00  4.35650E+01  1.02278E+02 -5.59418E+01  4.95323E+00  1.97867E+01 -2.77950E+01  2.36744E+01  0.00000E+00  0.00000E+00 -8.11610E-01  0.00000E+00  0.00000E+00  0.00000E+00  0.00000E+00
 THETA4        2.58461E+01 -4.79793E+01 -5.59418E+01  2.32332E+02 -1.28325E+00  1.46126E-01 -1.83000E+01  1.39022E+01  0.00000E+00  0.00000E+00  7.37062E+01  0.00000E+00  0.00000E+00  0.00000E+00  0.00000E+00
 SIGMA(1,1)    5.38975E-01 -3.98982E-01  4.95323E+00 -1.28325E+00  2.58906E+00 -2.60908E-01 -9.08186E-01  1.39485E+00  0.00000E+00  0.00000E+00  9.41025E+00  0.00000E+00  0.00000E+00  0.00000E+00  0.00000E+00
 OMEGA(1,1)    4.55343E+01 -3.08043E+01  1.97867E+01  1.46126E-01 -2.60908E-01  1.44409E+02 -2.46168E+02  1.13448E+02  0.00000E+00  0.00000E+00  2.66935E+00  0.00000E+00  0.00000E+00  0.00000E+00  0.00000E+00
 OMEGA(2,1)   -1.00326E+02  7.47094E+01 -2.77950E+01 -1.83000E+01 -9.08186E-01 -2.46168E+02  4.66789E+02 -2.31227E+02  0.00000E+00  0.00000E+00 -2.80285E+01  0.00000E+00  0.00000E+00  0.00000E+00  0.00000E+00
 OMEGA(2,2)    3.17633E+01 -2.38205E+01  2.36744E+01  1.39022E+01  1.39485E+00  1.13448E+02 -2.31227E+02  1.32207E+02  0.00000E+00  0.00000E+00  2.80203E+01  0.00000E+00  0.00000E+00  0.00000E+00  0.00000E+00
 OMEGA(3,1)    0.00000E+00  0.00000E+00  0.00000E+00  0.00000E+00  0.00000E+00  0.00000E+00  0.00000E+00  0.00000E+00  0.00000E+00  0.00000E+00  0.00000E+00  0.00000E+00  0.00000E+00  0.00000E+00  0.00000E+00
 OMEGA(3,2)    0.00000E+00  0.00000E+00  0.00000E+00  0.00000E+00  0.00000E+00  0.00000E+00  0.00000E+00  0.00000E+00  0.00000E+00  0.00000E+00  0.00000E+00  0.00000E+00  0.00000E+00  0.00000E+00  0.00000E+00
 OMEGA(3,3)    1.70939E+01 -2.10610E+01 -8.11610E-01  7.37062E+01  9.41025E+00  2.66935E+00 -2.80285E+01  2.80203E+01  0.00000E+00  0.00000E+00  2.92970E+02  0.00000E+00  0.00000E+00  0.00000E+00  0.00000E+00
 OMEGA(4,1)    0.00000E+00  0.00000E+00  0.00000E+00  0.00000E+00  0.00000E+00  0.00000E+00  0.00000E+00  0.00000E+00  0.00000E+00  0.00000E+00  0.00000E+00  0.00000E+00  0.00000E+00  0.00000E+00  0.00000E+00
 OMEGA(4,2)    0.00000E+00  0.00000E+00  0.00000E+00  0.00000E+00  0.00000E+00  0.00000E+00  0.00000E+00  0.00000E+00  0.00000E+00  0.00000E+00  0.00000E+00  0.00000E+00  0.00000E+00  0.00000E+00  0.00000E+00
 OMEGA(4,3)    0.00000E+00  0.00000E+00  0.00000E+00  0.00000E+00  0.00000E+00  0.00000E+00  0.00000E+00  0.00000E+00  0.00000E+00  0.00000E+00  0.00000E+00  0.00000E+00  0.00000E+00  0.00000E+00  0.00000E+00
 OMEGA(4,4)    0.00000E+00  0.00000E+00  0.00000E+00  0.00000E+00  0.00000E+00  0.00000E+00  0.00000E+00  0.00000E+00  0.00000E+00  0.00000E+00  0.00000E+00  0.00000E+00  0.00000E+00  0.00000E+00  0.00000E+00
