TABLE NO.     1: Importance Sampling: Problem=1 Subproblem=0 Superproblem1=0 Iteration1=0 Superproblem2=0 Iteration2=0
 NAME         THETA1       THETA2       THETA3       THETA4       SIGMA(1,1)   OMEGA(1,1)   OMEGA(2,1)   OMEGA(2,2)   OMEGA(3,1)   OMEGA(3,2)   OMEGA(3,3)   OMEGA(4,1)   OMEGA(4,2)   OMEGA(4,3)   OMEGA(4,4)
 THETA1        1.45771E-02  5.93356E-03  1.63863E-03 -2.34970E-04 -8.85306E-03 -3.66654E-03  1.84738E-03  4.02350E-03  0.00000E+00  0.00000E+00  6.47717E-05  0.00000E+00  0.00000E+00  0.00000E+00  0.00000E+00
 THETA2        5.93356E-03  1.16737E-02 -6.13700E-04  1.48508E-03  7.60298E-04 -4.04865E-03 -4.35553E-03 -1.13425E-03  0.00000E+00  0.00000E+00 -2.13942E-04  0.00000E+00  0.00000E+00  0.00000E+00  0.00000E+00
 THETA3        1.63863E-03 -6.13700E-04  1.39529E-02  7.73543E-04 -4.76261E-03 -5.92319E-04  1.30233E-03  8.96643E-04  0.00000E+00  0.00000E+00 -1.31302E-04  0.00000E+00  0.00000E+00  0.00000E+00  0.00000E+00
 THETA4       -2.34970E-04  1.48508E-03  7.73543E-04  4.86522E-03  8.23294E-03  5.47731E-04 -5.96531E-04 -8.57384E-04  0.00000E+00  0.00000E+00 -1.38719E-03  0.00000E+00  0.00000E+00  0.00000E+00  0.00000E+00
 SIGMA(1,1)   -8.85306E-03  7.60298E-04 -4.76261E-03  8.23294E-03  5.65147E-01  7.42648E-03 -8.07471E-03 -2.34679E-02  0.00000E+00  0.00000E+00 -1.41773E-02  0.00000E+00  0.00000E+00  0.00000E+00  0.00000E+00
 OMEGA(1,1)   -3.66654E-03 -4.04865E-03 -5.92319E-04  5.47731E-04  7.42648E-03  1.76282E-02  6.09230E-03 -1.16856E-03  0.00000E+00  0.00000E+00 -3.34417E-04  0.00000E+00  0.00000E+00  0.00000E+00  0.00000E+00
 OMEGA(2,1)    1.84738E-03 -4.35553E-03  1.30233E-03 -5.96531E-04 -8.07471E-03  6.09230E-03  1.15876E-02  8.02434E-03  0.00000E+00  0.00000E+00 -1.60478E-05  0.00000E+00  0.00000E+00  0.00000E+00  0.00000E+00
 OMEGA(2,2)    4.02350E-03 -1.13425E-03  8.96643E-04 -8.57384E-04 -2.34679E-02 -1.16856E-03  8.02434E-03  1.43296E-02  0.00000E+00  0.00000E+00 -4.99660E-04  0.00000E+00  0.00000E+00  0.00000E+00  0.00000E+00
 OMEGA(3,1)    0.00000E+00  0.00000E+00  0.00000E+00  0.00000E+00  0.00000E+00  0.00000E+00  0.00000E+00  0.00000E+00  0.00000E+00  0.00000E+00  0.00000E+00  0.00000E+00  0.00000E+00  0.00000E+00  0.00000E+00
 OMEGA(3,2)    0.00000E+00  0.00000E+00  0.00000E+00  0.00000E+00  0.00000E+00  0.00000E+00  0.00000E+00  0.00000E+00  0.00000E+00  0.00000E+00  0.00000E+00  0.00000E+00  0.00000E+00  0.00000E+00  0.00000E+00
 OMEGA(3,3)    6.47717E-05 -2.13942E-04 -1.31302E-04 -1.38719E-03 -1.41773E-02 -3.34417E-04 -1.60478E-05 -4.99660E-04  0.00000E+00  0.00000E+00  3.97305E-03  0.00000E+00  0.00000E+00  0.00000E+00  0.00000E+00
 OMEGA(4,1)    0.00000E+00  0.00000E+00  0.00000E+00  0.00000E+00  0.00000E+00  0.00000E+00  0.00000E+00  0.00000E+00  0.00000E+00  0.00000E+00  0.00000E+00  0.00000E+00  0.00000E+00  0.00000E+00  0.00000E+00
 OMEGA(4,2)    0.00000E+00  0.00000E+00  0.00000E+00  0.00000E+00  0.00000E+00  0.00000E+00  0.00000E+00  0.00000E+00  0.00000E+00  0.00000E+00  0.00000E+00  0.00000E+00  0.00000E+00  0.00000E+00  0.00000E+00
 OMEGA(4,3)    0.00000E+00  0.00000E+00  0.00000E+00  0.00000E+00  0.00000E+00  0.00000E+00  0.00000E+00  0.00000E+00  0.00000E+00  0.00000E+00  0.00000E+00  0.00000E+00  0.00000E+00  0.00000E+00  0.00000E+00
 OMEGA(4,4)    0.00000E+00  0.00000E+00  0.00000E+00  0.00000E+00  0.00000E+00  0.00000E+00  0.00000E+00  0.00000E+00  0.00000E+00  0.00000E+00  0.00000E+00  0.00000E+00  0.00000E+00  0.00000E+00  0.00000E+00
TABLE NO.     2: Objective Function Evaluation by Importance Sampling: Problem=1 Subproblem=0 Superproblem1=0 Iteration1=0 Superproblem2=0 Iteration2=0
 NAME         THETA1       THETA2       THETA3       THETA4       SIGMA(1,1)   OMEGA(1,1)   OMEGA(2,1)   OMEGA(2,2)   OMEGA(3,1)   OMEGA(3,2)   OMEGA(3,3)   OMEGA(4,1)   OMEGA(4,2)   OMEGA(4,3)   OMEGA(4,4)
 THETA1        2.02777E-02  1.04422E-02 -6.94345E-03 -1.09076E-03 -2.24539E-02 -4.70786E-03  5.25132E-03  1.06656E-02  0.00000E+00  0.00000E+00  1.13031E-03  0.00000E+00  0.00000E+00  0.00000E+00  0.00000E+00
 THETA2        1.04422E-02  1.42405E-02 -6.11185E-03  7.95697E-04 -1.12251E-02 -4.26541E-03 -5.06101E-04  4.77873E-03  0.00000E+00  0.00000E+00  5.67506E-04  0.00000E+00  0.00000E+00  0.00000E+00  0.00000E+00
 THETA3       -6.94345E-03 -6.11185E-03  1.84342E-02  1.83413E-03  1.46270E-02  8.68423E-04 -3.63846E-03 -7.54312E-03  0.00000E+00  0.00000E+00 -1.91101E-03  0.00000E+00  0.00000E+00  0.00000E+00  0.00000E+00
 THETA4       -1.09076E-03  7.95697E-04  1.83413E-03  5.08685E-03  1.05349E-02  7.69508E-04 -8.93500E-04 -1.56709E-03  0.00000E+00  0.00000E+00 -1.65295E-03  0.00000E+00  0.00000E+00  0.00000E+00  0.00000E+00
 SIGMA(1,1)   -2.24539E-02 -1.12251E-02  1.46270E-02  1.05349E-02  6.26015E-01  1.05310E-02 -1.67392E-02 -3.73253E-02  0.00000E+00  0.00000E+00 -2.01584E-02  0.00000E+00  0.00000E+00  0.00000E+00  0.00000E+00
 OMEGA(1,1)   -4.70786E-03 -4.26541E-03  8.68423E-04  7.69508E-04  1.05310E-02  1.96488E-02  5.37399E-03 -2.90313E-03  0.00000E+00  0.00000E+00 -6.62212E-04  0.00000E+00  0.00000E+00  0.00000E+00  0.00000E+00
 OMEGA(2,1)    5.25132E-03 -5.06101E-04 -3.63846E-03 -8.93500E-04 -1.67392E-02  5.37399E-03  1.24598E-02  1.08464E-02  0.00000E+00  0.00000E+00  7.53212E-04  0.00000E+00  0.00000E+00  0.00000E+00  0.00000E+00
 OMEGA(2,2)    1.06656E-02  4.77873E-03 -7.54312E-03 -1.56709E-03 -3.73253E-02 -2.90313E-03  1.08464E-02  2.06950E-02  0.00000E+00  0.00000E+00  8.63223E-04  0.00000E+00  0.00000E+00  0.00000E+00  0.00000E+00
 OMEGA(3,1)    0.00000E+00  0.00000E+00  0.00000E+00  0.00000E+00  0.00000E+00  0.00000E+00  0.00000E+00  0.00000E+00  0.00000E+00  0.00000E+00  0.00000E+00  0.00000E+00  0.00000E+00  0.00000E+00  0.00000E+00
 OMEGA(3,2)    0.00000E+00  0.00000E+00  0.00000E+00  0.00000E+00  0.00000E+00  0.00000E+00  0.00000E+00  0.00000E+00  0.00000E+00  0.00000E+00  0.00000E+00  0.00000E+00  0.00000E+00  0.00000E+00  0.00000E+00
 OMEGA(3,3)    1.13031E-03  5.67506E-04 -1.91101E-03 -1.65295E-03 -2.01584E-02 -6.62212E-04  7.53212E-04  8.63223E-04  0.00000E+00  0.00000E+00  4.41354E-03  0.00000E+00  0.00000E+00  0.00000E+00  0.00000E+00
 OMEGA(4,1)    0.00000E+00  0.00000E+00  0.00000E+00  0.00000E+00  0.00000E+00  0.00000E+00  0.00000E+00  0.00000E+00  0.00000E+00  0.00000E+00  0.00000E+00  0.00000E+00  0.00000E+00  0.00000E+00  0.00000E+00
 OMEGA(4,2)    0.00000E+00  0.00000E+00  0.00000E+00  0.00000E+00  0.00000E+00  0.00000E+00  0.00000E+00  0.00000E+00  0.00000E+00  0.00000E+00  0.00000E+00  0.00000E+00  0.00000E+00  0.00000E+00  0.00000E+00
 OMEGA(4,3)    0.00000E+00  0.00000E+00  0.00000E+00  0.00000E+00  0.00000E+00  0.00000E+00  0.00000E+00  0.00000E+00  0.00000E+00  0.00000E+00  0.00000E+00  0.00000E+00  0.00000E+00  0.00000E+00  0.00000E+00
 OMEGA(4,4)    0.00000E+00  0.00000E+00  0.00000E+00  0.00000E+00  0.00000E+00  0.00000E+00  0.00000E+00  0.00000E+00  0.00000E+00  0.00000E+00  0.00000E+00  0.00000E+00  0.00000E+00  0.00000E+00  0.00000E+00
