TABLE NO.     1: Stochastic Approximation Expectation-Maximization: Problem=1 Subproblem=0 Superproblem1=0 Iteration1=0 Superproblem2=0 Iteration2=0
 NAME         THETA1       THETA2       THETA3       THETA4       SIGMA(1,1)   OMEGA(1,1)   OMEGA(2,1)   OMEGA(2,2)   OMEGA(3,1)   OMEGA(3,2)   OMEGA(3,3)   OMEGA(4,1)   OMEGA(4,2)   OMEGA(4,3)   OMEGA(4,4)
 THETA1        2.71045E-01  8.17798E-01 -6.79449E-01 -1.89060E-01  2.21496E-02  3.95436E-01  6.20747E-01  6.63509E-01  0.00000E+00  0.00000E+00 -5.40303E-02  0.00000E+00  0.00000E+00  0.00000E+00  0.00000E+00
 THETA2        8.17798E-01  2.27173E-01 -7.01157E-01 -6.05750E-02  7.52000E-02  7.20530E-02  2.68292E-01  3.72257E-01  0.00000E+00  0.00000E+00 -1.12933E-01  0.00000E+00  0.00000E+00  0.00000E+00  0.00000E+00
 THETA3       -6.79449E-01 -7.01157E-01  2.39622E-01  3.67490E-01 -6.81261E-02 -1.63154E-01 -4.26545E-01 -6.14357E-01  0.00000E+00  0.00000E+00  1.17989E-01  0.00000E+00  0.00000E+00  0.00000E+00  0.00000E+00
 THETA4       -1.89060E-01 -6.05750E-02  3.67490E-01  7.76514E-02 -2.62941E-02 -3.66146E-03 -1.17223E-01 -2.06430E-01  0.00000E+00  0.00000E+00 -8.84524E-02  0.00000E+00  0.00000E+00  0.00000E+00  0.00000E+00
 SIGMA(1,1)    2.21496E-02  7.52000E-02 -6.81261E-02 -2.62941E-02  6.19300E-01 -4.49391E-02 -4.00509E-02 -4.00046E-03  0.00000E+00  0.00000E+00 -2.35221E-01  0.00000E+00  0.00000E+00  0.00000E+00  0.00000E+00
 OMEGA(1,1)    3.95436E-01  7.20530E-02 -1.63154E-01 -3.66146E-03 -4.49391E-02  3.04310E-01  9.19345E-01  6.42586E-01  0.00000E+00  0.00000E+00  1.99292E-03  0.00000E+00  0.00000E+00  0.00000E+00  0.00000E+00
 OMEGA(2,1)    6.20747E-01  2.68292E-01 -4.26545E-01 -1.17223E-01 -4.00509E-02  9.19345E-01  3.49061E-01  8.71070E-01  0.00000E+00  0.00000E+00  4.46328E-03  0.00000E+00  0.00000E+00  0.00000E+00  0.00000E+00
 OMEGA(2,2)    6.63509E-01  3.72257E-01 -6.14357E-01 -2.06430E-01 -4.00046E-03  6.42586E-01  8.71070E-01  3.39946E-01  0.00000E+00  0.00000E+00 -4.13631E-02  0.00000E+00  0.00000E+00  0.00000E+00  0.00000E+00
 OMEGA(3,1)    0.00000E+00  0.00000E+00  0.00000E+00  0.00000E+00  0.00000E+00  0.00000E+00  0.00000E+00  0.00000E+00  0.00000E+00  0.00000E+00  0.00000E+00  0.00000E+00  0.00000E+00  0.00000E+00  0.00000E+00
 OMEGA(3,2)    0.00000E+00  0.00000E+00  0.00000E+00  0.00000E+00  0.00000E+00  0.00000E+00  0.00000E+00  0.00000E+00  0.00000E+00  0.00000E+00  0.00000E+00  0.00000E+00  0.00000E+00  0.00000E+00  0.00000E+00
 OMEGA(3,3)   -5.40303E-02 -1.12933E-01  1.17989E-01 -8.84524E-02 -2.35221E-01  1.99292E-03  4.46328E-03 -4.13631E-02  0.00000E+00  0.00000E+00  7.39686E-02  0.00000E+00  0.00000E+00  0.00000E+00  0.00000E+00
 OMEGA(4,1)    0.00000E+00  0.00000E+00  0.00000E+00  0.00000E+00  0.00000E+00  0.00000E+00  0.00000E+00  0.00000E+00  0.00000E+00  0.00000E+00  0.00000E+00  0.00000E+00  0.00000E+00  0.00000E+00  0.00000E+00
 OMEGA(4,2)    0.00000E+00  0.00000E+00  0.00000E+00  0.00000E+00  0.00000E+00  0.00000E+00  0.00000E+00  0.00000E+00  0.00000E+00  0.00000E+00  0.00000E+00  0.00000E+00  0.00000E+00  0.00000E+00  0.00000E+00
 OMEGA(4,3)    0.00000E+00  0.00000E+00  0.00000E+00  0.00000E+00  0.00000E+00  0.00000E+00  0.00000E+00  0.00000E+00  0.00000E+00  0.00000E+00  0.00000E+00  0.00000E+00  0.00000E+00  0.00000E+00  0.00000E+00
 OMEGA(4,4)    0.00000E+00  0.00000E+00  0.00000E+00  0.00000E+00  0.00000E+00  0.00000E+00  0.00000E+00  0.00000E+00  0.00000E+00  0.00000E+00  0.00000E+00  0.00000E+00  0.00000E+00  0.00000E+00  0.00000E+00
TABLE NO.     2: Objective Function Evaluation by Importance Sampling: Problem=1 Subproblem=0 Superproblem1=0 Iteration1=0 Superproblem2=0 Iteration2=0
 NAME         THETA1       THETA2       THETA3       THETA4       SIGMA(1,1)   OMEGA(1,1)   OMEGA(2,1)   OMEGA(2,2)   OMEGA(3,1)   OMEGA(3,2)   OMEGA(3,3)   OMEGA(4,1)   OMEGA(4,2)   OMEGA(4,3)   OMEGA(4,4)
 THETA1        2.26923E-01  8.21745E-01 -6.40752E-01 -1.01870E-01  6.99889E-02  3.93612E-01  6.04921E-01  6.56844E-01  0.00000E+00  0.00000E+00 -1.11316E-01  0.00000E+00  0.00000E+00  0.00000E+00  0.00000E+00
 THETA2        8.21745E-01  1.92356E-01 -5.84512E-01  3.84937E-02  7.79420E-02  1.30262E-01  2.79572E-01  3.76819E-01  0.00000E+00  0.00000E+00 -5.63794E-02  0.00000E+00  0.00000E+00  0.00000E+00  0.00000E+00
 THETA3       -6.40752E-01 -5.84512E-01  1.65063E-01  2.53357E-01 -1.27034E-01 -3.99202E-01 -5.15119E-01 -5.85461E-01  0.00000E+00  0.00000E+00  5.08886E-02  0.00000E+00  0.00000E+00  0.00000E+00  0.00000E+00
 THETA4       -1.01870E-01  3.84937E-02  2.53357E-01  7.20615E-02  7.50033E-02 -1.10615E-01 -1.61207E-01 -1.89025E-01  0.00000E+00  0.00000E+00 -1.95059E-01  0.00000E+00  0.00000E+00  0.00000E+00  0.00000E+00
 SIGMA(1,1)    6.99889E-02  7.79420E-02 -1.27034E-01  7.50033E-02  6.08296E-01  4.39811E-02  3.62313E-02  4.43759E-02  0.00000E+00  0.00000E+00 -3.07116E-01  0.00000E+00  0.00000E+00  0.00000E+00  0.00000E+00
 OMEGA(1,1)    3.93612E-01  1.30262E-01 -3.99202E-01 -1.10615E-01  4.39811E-02  2.56478E-01  8.77588E-01  6.56359E-01  0.00000E+00  0.00000E+00 -5.15298E-02  0.00000E+00  0.00000E+00  0.00000E+00  0.00000E+00
 OMEGA(2,1)    6.04921E-01  2.79572E-01 -5.15119E-01 -1.61207E-01  3.62313E-02  8.77588E-01  2.87956E-01  9.11150E-01  0.00000E+00  0.00000E+00 -1.17125E-01  0.00000E+00  0.00000E+00  0.00000E+00  0.00000E+00
 OMEGA(2,2)    6.56844E-01  3.76819E-01 -5.85461E-01 -1.89025E-01  4.43759E-02  6.56359E-01  9.11150E-01  3.19041E-01  0.00000E+00  0.00000E+00 -1.75737E-01  0.00000E+00  0.00000E+00  0.00000E+00  0.00000E+00
 OMEGA(3,1)    0.00000E+00  0.00000E+00  0.00000E+00  0.00000E+00  0.00000E+00  0.00000E+00  0.00000E+00  0.00000E+00  0.00000E+00  0.00000E+00  0.00000E+00  0.00000E+00  0.00000E+00  0.00000E+00  0.00000E+00
 OMEGA(3,2)    0.00000E+00  0.00000E+00  0.00000E+00  0.00000E+00  0.00000E+00  0.00000E+00  0.00000E+00  0.00000E+00  0.00000E+00  0.00000E+00  0.00000E+00  0.00000E+00  0.00000E+00  0.00000E+00  0.00000E+00
 OMEGA(3,3)   -1.11316E-01 -5.63794E-02  5.08886E-02 -1.95059E-01 -3.07116E-01 -5.15298E-02 -1.17125E-01 -1.75737E-01  0.00000E+00  0.00000E+00  6.40646E-02  0.00000E+00  0.00000E+00  0.00000E+00  0.00000E+00
 OMEGA(4,1)    0.00000E+00  0.00000E+00  0.00000E+00  0.00000E+00  0.00000E+00  0.00000E+00  0.00000E+00  0.00000E+00  0.00000E+00  0.00000E+00  0.00000E+00  0.00000E+00  0.00000E+00  0.00000E+00  0.00000E+00
 OMEGA(4,2)    0.00000E+00  0.00000E+00  0.00000E+00  0.00000E+00  0.00000E+00  0.00000E+00  0.00000E+00  0.00000E+00  0.00000E+00  0.00000E+00  0.00000E+00  0.00000E+00  0.00000E+00  0.00000E+00  0.00000E+00
 OMEGA(4,3)    0.00000E+00  0.00000E+00  0.00000E+00  0.00000E+00  0.00000E+00  0.00000E+00  0.00000E+00  0.00000E+00  0.00000E+00  0.00000E+00  0.00000E+00  0.00000E+00  0.00000E+00  0.00000E+00  0.00000E+00
 OMEGA(4,4)    0.00000E+00  0.00000E+00  0.00000E+00  0.00000E+00  0.00000E+00  0.00000E+00  0.00000E+00  0.00000E+00  0.00000E+00  0.00000E+00  0.00000E+00  0.00000E+00  0.00000E+00  0.00000E+00  0.00000E+00
