TABLE NO.     1: Importance Sampling assisted by MAP Estimation: Problem=1 Subproblem=0 Superproblem1=0 Iteration1=0 Superproblem2=0 Iteration2=0
 NAME         THETA1       THETA2       THETA3       THETA4       SIGMA(1,1)   OMEGA(1,1)   OMEGA(2,1)   OMEGA(2,2)   OMEGA(3,1)   OMEGA(3,2)   OMEGA(3,3)   OMEGA(4,1)   OMEGA(4,2)   OMEGA(4,3)   OMEGA(4,4)
 THETA1        1.66913E-02  7.82843E-03  1.42320E-03 -3.27804E-04 -1.84503E-02 -5.94673E-03  1.02002E-03  5.22142E-03  0.00000E+00  0.00000E+00  1.74533E-04  0.00000E+00  0.00000E+00  0.00000E+00  0.00000E+00
 THETA2        7.82843E-03  1.14633E-02 -1.11221E-03  1.06403E-03 -1.11894E-02 -5.51411E-03 -2.72849E-03  1.72361E-03  0.00000E+00  0.00000E+00 -4.05480E-04  0.00000E+00  0.00000E+00  0.00000E+00  0.00000E+00
 THETA3        1.42320E-03 -1.11221E-03  2.90966E-02  3.65956E-03 -6.11761E-03  2.62382E-03 -1.31721E-03 -7.61696E-04  0.00000E+00  0.00000E+00  5.49844E-04  0.00000E+00  0.00000E+00  0.00000E+00  0.00000E+00
 THETA4       -3.27804E-04  1.06403E-03  3.65956E-03  5.51895E-03  8.58196E-03  1.23291E-03 -5.96459E-04 -9.51471E-04  0.00000E+00  0.00000E+00 -1.65417E-03  0.00000E+00  0.00000E+00  0.00000E+00  0.00000E+00
 SIGMA(1,1)   -1.84503E-02 -1.11894E-02 -6.11761E-03  8.58196E-03  5.59198E-01  3.65457E-02  4.91661E-03 -2.31428E-02  0.00000E+00  0.00000E+00 -1.52826E-02  0.00000E+00  0.00000E+00  0.00000E+00  0.00000E+00
 OMEGA(1,1)   -5.94673E-03 -5.51411E-03  2.62382E-03  1.23291E-03  3.65457E-02  2.52088E-02  6.84529E-03 -4.52233E-03  0.00000E+00  0.00000E+00 -7.01273E-04  0.00000E+00  0.00000E+00  0.00000E+00  0.00000E+00
 OMEGA(2,1)    1.02002E-03 -2.72849E-03 -1.31721E-03 -5.96459E-04  4.91661E-03  6.84529E-03  8.77662E-03  4.88520E-03  0.00000E+00  0.00000E+00 -4.17958E-05  0.00000E+00  0.00000E+00  0.00000E+00  0.00000E+00
 OMEGA(2,2)    5.22142E-03  1.72361E-03 -7.61696E-04 -9.51471E-04 -2.31428E-02 -4.52233E-03  4.88520E-03  1.18721E-02  0.00000E+00  0.00000E+00 -1.21274E-04  0.00000E+00  0.00000E+00  0.00000E+00  0.00000E+00
 OMEGA(3,1)    0.00000E+00  0.00000E+00  0.00000E+00  0.00000E+00  0.00000E+00  0.00000E+00  0.00000E+00  0.00000E+00  0.00000E+00  0.00000E+00  0.00000E+00  0.00000E+00  0.00000E+00  0.00000E+00  0.00000E+00
 OMEGA(3,2)    0.00000E+00  0.00000E+00  0.00000E+00  0.00000E+00  0.00000E+00  0.00000E+00  0.00000E+00  0.00000E+00  0.00000E+00  0.00000E+00  0.00000E+00  0.00000E+00  0.00000E+00  0.00000E+00  0.00000E+00
 OMEGA(3,3)    1.74533E-04 -4.05480E-04  5.49844E-04 -1.65417E-03 -1.52826E-02 -7.01273E-04 -4.17958E-05 -1.21274E-04  0.00000E+00  0.00000E+00  4.52611E-03  0.00000E+00  0.00000E+00  0.00000E+00  0.00000E+00
 OMEGA(4,1)    0.00000E+00  0.00000E+00  0.00000E+00  0.00000E+00  0.00000E+00  0.00000E+00  0.00000E+00  0.00000E+00  0.00000E+00  0.00000E+00  0.00000E+00  0.00000E+00  0.00000E+00  0.00000E+00  0.00000E+00
 OMEGA(4,2)    0.00000E+00  0.00000E+00  0.00000E+00  0.00000E+00  0.00000E+00  0.00000E+00  0.00000E+00  0.00000E+00  0.00000E+00  0.00000E+00  0.00000E+00  0.00000E+00  0.00000E+00  0.00000E+00  0.00000E+00
 OMEGA(4,3)    0.00000E+00  0.00000E+00  0.00000E+00  0.00000E+00  0.00000E+00  0.00000E+00  0.00000E+00  0.00000E+00  0.00000E+00  0.00000E+00  0.00000E+00  0.00000E+00  0.00000E+00  0.00000E+00  0.00000E+00
 OMEGA(4,4)    0.00000E+00  0.00000E+00  0.00000E+00  0.00000E+00  0.00000E+00  0.00000E+00  0.00000E+00  0.00000E+00  0.00000E+00  0.00000E+00  0.00000E+00  0.00000E+00  0.00000E+00  0.00000E+00  0.00000E+00
TABLE NO.     2: Importance Sampling: Problem=1 Subproblem=0 Superproblem1=0 Iteration1=0 Superproblem2=0 Iteration2=0
 NAME         THETA1       THETA2       THETA3       THETA4       SIGMA(1,1)   OMEGA(1,1)   OMEGA(2,1)   OMEGA(2,2)   OMEGA(3,1)   OMEGA(3,2)   OMEGA(3,3)   OMEGA(4,1)   OMEGA(4,2)   OMEGA(4,3)   OMEGA(4,4)
 THETA1        2.75104E-02  1.51814E-02 -4.57360E-03 -7.62929E-04 -1.58766E-02 -8.06585E-03  1.06097E-02  2.18893E-02  0.00000E+00  0.00000E+00 -1.40088E-03  0.00000E+00  0.00000E+00  0.00000E+00  0.00000E+00
 THETA2        1.51814E-02  1.88131E-02 -3.89466E-03  1.43485E-03 -4.25217E-04 -8.22942E-03  6.79325E-04  1.01133E-02  0.00000E+00  0.00000E+00 -1.19468E-03  0.00000E+00  0.00000E+00  0.00000E+00  0.00000E+00
 THETA3       -4.57360E-03 -3.89466E-03  9.79003E-03  8.32810E-04 -1.56541E-02 -1.56035E-04 -1.97871E-03 -4.06771E-03  0.00000E+00  0.00000E+00  8.64387E-04  0.00000E+00  0.00000E+00  0.00000E+00  0.00000E+00
 THETA4       -7.62929E-04  1.43485E-03  8.32810E-04  5.00198E-03  9.37982E-03  1.74559E-04 -1.17585E-03 -1.57098E-03  0.00000E+00  0.00000E+00 -1.34017E-03  0.00000E+00  0.00000E+00  0.00000E+00  0.00000E+00
 SIGMA(1,1)   -1.58766E-02 -4.25217E-04 -1.56541E-02  9.37982E-03  6.88115E-01  1.29732E-02 -1.85898E-02 -3.86853E-02  0.00000E+00  0.00000E+00 -1.92287E-02  0.00000E+00  0.00000E+00  0.00000E+00  0.00000E+00
 OMEGA(1,1)   -8.06585E-03 -8.22942E-03 -1.56035E-04  1.74559E-04  1.29732E-02  2.54678E-02  7.16742E-03 -7.62764E-03  0.00000E+00  0.00000E+00  5.35731E-04  0.00000E+00  0.00000E+00  0.00000E+00  0.00000E+00
 OMEGA(2,1)    1.06097E-02  6.79325E-04 -1.97871E-03 -1.17585E-03 -1.85898E-02  7.16742E-03  2.00579E-02  2.11633E-02  0.00000E+00  0.00000E+00 -7.28279E-04  0.00000E+00  0.00000E+00  0.00000E+00  0.00000E+00
 OMEGA(2,2)    2.18893E-02  1.01133E-02 -4.06771E-03 -1.57098E-03 -3.86853E-02 -7.62764E-03  2.11633E-02  4.22936E-02  0.00000E+00  0.00000E+00 -2.40447E-03  0.00000E+00  0.00000E+00  0.00000E+00  0.00000E+00
 OMEGA(3,1)    0.00000E+00  0.00000E+00  0.00000E+00  0.00000E+00  0.00000E+00  0.00000E+00  0.00000E+00  0.00000E+00  0.00000E+00  0.00000E+00  0.00000E+00  0.00000E+00  0.00000E+00  0.00000E+00  0.00000E+00
 OMEGA(3,2)    0.00000E+00  0.00000E+00  0.00000E+00  0.00000E+00  0.00000E+00  0.00000E+00  0.00000E+00  0.00000E+00  0.00000E+00  0.00000E+00  0.00000E+00  0.00000E+00  0.00000E+00  0.00000E+00  0.00000E+00
 OMEGA(3,3)   -1.40088E-03 -1.19468E-03  8.64387E-04 -1.34017E-03 -1.92287E-02  5.35731E-04 -7.28279E-04 -2.40447E-03  0.00000E+00  0.00000E+00  4.32694E-03  0.00000E+00  0.00000E+00  0.00000E+00  0.00000E+00
 OMEGA(4,1)    0.00000E+00  0.00000E+00  0.00000E+00  0.00000E+00  0.00000E+00  0.00000E+00  0.00000E+00  0.00000E+00  0.00000E+00  0.00000E+00  0.00000E+00  0.00000E+00  0.00000E+00  0.00000E+00  0.00000E+00
 OMEGA(4,2)    0.00000E+00  0.00000E+00  0.00000E+00  0.00000E+00  0.00000E+00  0.00000E+00  0.00000E+00  0.00000E+00  0.00000E+00  0.00000E+00  0.00000E+00  0.00000E+00  0.00000E+00  0.00000E+00  0.00000E+00
 OMEGA(4,3)    0.00000E+00  0.00000E+00  0.00000E+00  0.00000E+00  0.00000E+00  0.00000E+00  0.00000E+00  0.00000E+00  0.00000E+00  0.00000E+00  0.00000E+00  0.00000E+00  0.00000E+00  0.00000E+00  0.00000E+00
 OMEGA(4,4)    0.00000E+00  0.00000E+00  0.00000E+00  0.00000E+00  0.00000E+00  0.00000E+00  0.00000E+00  0.00000E+00  0.00000E+00  0.00000E+00  0.00000E+00  0.00000E+00  0.00000E+00  0.00000E+00  0.00000E+00
