TABLE NO.     1: Stochastic Approximation Expectation-Maximization: Problem=1 Subproblem=0 Superproblem1=0 Iteration1=0 Superproblem2=0 Iteration2=0
 NAME         THETA1       THETA2       THETA3       THETA4       SIGMA(1,1)   OMEGA(1,1)   OMEGA(2,1)   OMEGA(2,2)   OMEGA(3,1)   OMEGA(3,2)   OMEGA(3,3)   OMEGA(4,1)   OMEGA(4,2)   OMEGA(4,3)   OMEGA(4,4)
 THETA1        1.48723E-01  1.02489E-01 -4.91288E-02 -5.25092E-03 -3.45709E-03  1.21426E-01  1.66110E-01  1.62134E-01  0.00000E+00  0.00000E+00  8.36302E-04  0.00000E+00  0.00000E+00  0.00000E+00  0.00000E+00
 THETA2        1.02489E-01  8.88329E-02 -3.79643E-02 -1.43099E-03  8.63083E-03  5.51299E-02  8.32474E-02  8.60632E-02  0.00000E+00  0.00000E+00  6.77875E-06  0.00000E+00  0.00000E+00  0.00000E+00  0.00000E+00
 THETA3       -4.91288E-02 -3.79643E-02  3.04948E-02  5.28084E-03 -7.42341E-03 -4.18548E-02 -6.11432E-02 -6.55056E-02  0.00000E+00  0.00000E+00 -2.68595E-04  0.00000E+00  0.00000E+00  0.00000E+00  0.00000E+00
 THETA4       -5.25092E-03 -1.43099E-03  5.28084E-03  6.32732E-03 -5.89152E-04 -5.66179E-03 -9.21496E-03 -1.06135E-02  0.00000E+00  0.00000E+00 -1.00553E-03  0.00000E+00  0.00000E+00  0.00000E+00  0.00000E+00
 SIGMA(1,1)   -3.45709E-03  8.63083E-03 -7.42341E-03 -5.89152E-04  4.64176E-01 -2.68731E-02 -3.06009E-02 -2.54539E-02  0.00000E+00  0.00000E+00 -1.15020E-02  0.00000E+00  0.00000E+00  0.00000E+00  0.00000E+00
 OMEGA(1,1)    1.21426E-01  5.51299E-02 -4.18548E-02 -5.66179E-03 -2.68731E-02  2.65224E-01  2.93400E-01  2.44587E-01  0.00000E+00  0.00000E+00  1.27463E-03  0.00000E+00  0.00000E+00  0.00000E+00  0.00000E+00
 OMEGA(2,1)    1.66110E-01  8.32474E-02 -6.11432E-02 -9.21496E-03 -3.06009E-02  2.93400E-01  3.48775E-01  3.15360E-01  0.00000E+00  0.00000E+00  1.45753E-03  0.00000E+00  0.00000E+00  0.00000E+00  0.00000E+00
 OMEGA(2,2)    1.62134E-01  8.60632E-02 -6.55056E-02 -1.06135E-02 -2.54539E-02  2.44587E-01  3.15360E-01  3.18124E-01  0.00000E+00  0.00000E+00  7.48502E-04  0.00000E+00  0.00000E+00  0.00000E+00  0.00000E+00
 OMEGA(3,1)    0.00000E+00  0.00000E+00  0.00000E+00  0.00000E+00  0.00000E+00  0.00000E+00  0.00000E+00  0.00000E+00  0.00000E+00  0.00000E+00  0.00000E+00  0.00000E+00  0.00000E+00  0.00000E+00  0.00000E+00
 OMEGA(3,2)    0.00000E+00  0.00000E+00  0.00000E+00  0.00000E+00  0.00000E+00  0.00000E+00  0.00000E+00  0.00000E+00  0.00000E+00  0.00000E+00  0.00000E+00  0.00000E+00  0.00000E+00  0.00000E+00  0.00000E+00
 OMEGA(3,3)    8.36302E-04  6.77875E-06 -2.68595E-04 -1.00553E-03 -1.15020E-02  1.27463E-03  1.45753E-03  7.48502E-04  0.00000E+00  0.00000E+00  5.23694E-03  0.00000E+00  0.00000E+00  0.00000E+00  0.00000E+00
 OMEGA(4,1)    0.00000E+00  0.00000E+00  0.00000E+00  0.00000E+00  0.00000E+00  0.00000E+00  0.00000E+00  0.00000E+00  0.00000E+00  0.00000E+00  0.00000E+00  0.00000E+00  0.00000E+00  0.00000E+00  0.00000E+00
 OMEGA(4,2)    0.00000E+00  0.00000E+00  0.00000E+00  0.00000E+00  0.00000E+00  0.00000E+00  0.00000E+00  0.00000E+00  0.00000E+00  0.00000E+00  0.00000E+00  0.00000E+00  0.00000E+00  0.00000E+00  0.00000E+00
 OMEGA(4,3)    0.00000E+00  0.00000E+00  0.00000E+00  0.00000E+00  0.00000E+00  0.00000E+00  0.00000E+00  0.00000E+00  0.00000E+00  0.00000E+00  0.00000E+00  0.00000E+00  0.00000E+00  0.00000E+00  0.00000E+00
 OMEGA(4,4)    0.00000E+00  0.00000E+00  0.00000E+00  0.00000E+00  0.00000E+00  0.00000E+00  0.00000E+00  0.00000E+00  0.00000E+00  0.00000E+00  0.00000E+00  0.00000E+00  0.00000E+00  0.00000E+00  0.00000E+00
TABLE NO.     2: Objective Function Evaluation by Importance Sampling: Problem=1 Subproblem=0 Superproblem1=0 Iteration1=0 Superproblem2=0 Iteration2=0
 NAME         THETA1       THETA2       THETA3       THETA4       SIGMA(1,1)   OMEGA(1,1)   OMEGA(2,1)   OMEGA(2,2)   OMEGA(3,1)   OMEGA(3,2)   OMEGA(3,3)   OMEGA(4,1)   OMEGA(4,2)   OMEGA(4,3)   OMEGA(4,4)
 THETA1        7.06319E-02  4.86502E-02 -1.01027E-02  1.59030E-03  1.93001E-03  4.67247E-02  6.27468E-02  6.22738E-02  0.00000E+00  0.00000E+00 -1.57044E-03  0.00000E+00  0.00000E+00  0.00000E+00  0.00000E+00
 THETA2        4.86502E-02  4.66255E-02 -8.50082E-03  2.92589E-03  7.80539E-03  1.69694E-02  2.45263E-02  2.62281E-02  0.00000E+00  0.00000E+00 -9.43440E-04  0.00000E+00  0.00000E+00  0.00000E+00  0.00000E+00
 THETA3       -1.01027E-02 -8.50082E-03  7.89218E-03  8.91295E-04 -8.75436E-03 -9.85461E-03 -1.12622E-02 -1.16279E-02  0.00000E+00  0.00000E+00  1.81856E-04  0.00000E+00  0.00000E+00  0.00000E+00  0.00000E+00
 THETA4        1.59030E-03  2.92589E-03  8.91295E-04  5.43947E-03  8.00673E-03  5.99804E-04 -3.20438E-04 -1.38145E-03  0.00000E+00  0.00000E+00 -1.40601E-03  0.00000E+00  0.00000E+00  0.00000E+00  0.00000E+00
 SIGMA(1,1)    1.93001E-03  7.80539E-03 -8.75436E-03  8.00673E-03  4.93905E-01  6.75249E-03 -4.27545E-03 -1.33101E-02  0.00000E+00  0.00000E+00 -1.68360E-02  0.00000E+00  0.00000E+00  0.00000E+00  0.00000E+00
 OMEGA(1,1)    4.67247E-02  1.69694E-02 -9.85461E-03  5.99804E-04  6.75249E-03  1.41453E-01  1.33859E-01  1.03729E-01  0.00000E+00  0.00000E+00 -2.91594E-04  0.00000E+00  0.00000E+00  0.00000E+00  0.00000E+00
 OMEGA(2,1)    6.27468E-02  2.45263E-02 -1.12622E-02 -3.20438E-04 -4.27545E-03  1.33859E-01  1.51887E-01  1.39440E-01  0.00000E+00  0.00000E+00 -1.76331E-03  0.00000E+00  0.00000E+00  0.00000E+00  0.00000E+00
 OMEGA(2,2)    6.22738E-02  2.62281E-02 -1.16279E-02 -1.38145E-03 -1.33101E-02  1.03729E-01  1.39440E-01  1.52758E-01  0.00000E+00  0.00000E+00 -3.26615E-03  0.00000E+00  0.00000E+00  0.00000E+00  0.00000E+00
 OMEGA(3,1)    0.00000E+00  0.00000E+00  0.00000E+00  0.00000E+00  0.00000E+00  0.00000E+00  0.00000E+00  0.00000E+00  0.00000E+00  0.00000E+00  0.00000E+00  0.00000E+00  0.00000E+00  0.00000E+00  0.00000E+00
 OMEGA(3,2)    0.00000E+00  0.00000E+00  0.00000E+00  0.00000E+00  0.00000E+00  0.00000E+00  0.00000E+00  0.00000E+00  0.00000E+00  0.00000E+00  0.00000E+00  0.00000E+00  0.00000E+00  0.00000E+00  0.00000E+00
 OMEGA(3,3)   -1.57044E-03 -9.43440E-04  1.81856E-04 -1.40601E-03 -1.68360E-02 -2.91594E-04 -1.76331E-03 -3.26615E-03  0.00000E+00  0.00000E+00  4.45152E-03  0.00000E+00  0.00000E+00  0.00000E+00  0.00000E+00
 OMEGA(4,1)    0.00000E+00  0.00000E+00  0.00000E+00  0.00000E+00  0.00000E+00  0.00000E+00  0.00000E+00  0.00000E+00  0.00000E+00  0.00000E+00  0.00000E+00  0.00000E+00  0.00000E+00  0.00000E+00  0.00000E+00
 OMEGA(4,2)    0.00000E+00  0.00000E+00  0.00000E+00  0.00000E+00  0.00000E+00  0.00000E+00  0.00000E+00  0.00000E+00  0.00000E+00  0.00000E+00  0.00000E+00  0.00000E+00  0.00000E+00  0.00000E+00  0.00000E+00
 OMEGA(4,3)    0.00000E+00  0.00000E+00  0.00000E+00  0.00000E+00  0.00000E+00  0.00000E+00  0.00000E+00  0.00000E+00  0.00000E+00  0.00000E+00  0.00000E+00  0.00000E+00  0.00000E+00  0.00000E+00  0.00000E+00
 OMEGA(4,4)    0.00000E+00  0.00000E+00  0.00000E+00  0.00000E+00  0.00000E+00  0.00000E+00  0.00000E+00  0.00000E+00  0.00000E+00  0.00000E+00  0.00000E+00  0.00000E+00  0.00000E+00  0.00000E+00  0.00000E+00
