TABLE NO.     1: Stochastic Approximation Expectation-Maximization: Problem=1 Subproblem=0 Superproblem1=0 Iteration1=0 Superproblem2=0 Iteration2=0
 NAME         THETA1       THETA2       THETA3       THETA4       SIGMA(1,1)   OMEGA(1,1)   OMEGA(2,1)   OMEGA(2,2)   OMEGA(3,1)   OMEGA(3,2)   OMEGA(3,3)   OMEGA(4,1)   OMEGA(4,2)   OMEGA(4,3)   OMEGA(4,4)
 THETA1        3.85646E-01  8.91668E-01 -7.29516E-01 -1.71173E-01 -1.31577E-02  6.11386E-01  7.29347E-01  7.45398E-01  0.00000E+00  0.00000E+00  2.99665E-02  0.00000E+00  0.00000E+00  0.00000E+00  0.00000E+00
 THETA2        8.91668E-01  2.98049E-01 -7.29417E-01 -6.03587E-02  4.25034E-02  3.59165E-01  4.72945E-01  5.11956E-01  0.00000E+00  0.00000E+00  3.14285E-04  0.00000E+00  0.00000E+00  0.00000E+00  0.00000E+00
 THETA3       -7.29516E-01 -7.29417E-01  1.74627E-01  3.80172E-01 -6.23950E-02 -4.65400E-01 -5.92875E-01 -6.65071E-01  0.00000E+00  0.00000E+00 -2.12543E-02  0.00000E+00  0.00000E+00  0.00000E+00  0.00000E+00
 THETA4       -1.71173E-01 -6.03587E-02  3.80172E-01  7.95445E-02 -1.08712E-02 -1.38209E-01 -1.96160E-01 -2.36564E-01  0.00000E+00  0.00000E+00 -1.74681E-01  0.00000E+00  0.00000E+00  0.00000E+00  0.00000E+00
 SIGMA(1,1)   -1.31577E-02  4.25034E-02 -6.23950E-02 -1.08712E-02  6.81305E-01 -7.65895E-02 -7.60537E-02 -6.62391E-02  0.00000E+00  0.00000E+00 -2.33288E-01  0.00000E+00  0.00000E+00  0.00000E+00  0.00000E+00
 OMEGA(1,1)    6.11386E-01  3.59165E-01 -4.65400E-01 -1.38209E-01 -7.65895E-02  5.14999E-01  9.64674E-01  8.42032E-01  0.00000E+00  0.00000E+00  3.42009E-02  0.00000E+00  0.00000E+00  0.00000E+00  0.00000E+00
 OMEGA(2,1)    7.29347E-01  4.72945E-01 -5.92875E-01 -1.96160E-01 -7.60537E-02  9.64674E-01  5.90572E-01  9.46750E-01  0.00000E+00  0.00000E+00  3.41041E-02  0.00000E+00  0.00000E+00  0.00000E+00  0.00000E+00
 OMEGA(2,2)    7.45398E-01  5.11956E-01 -6.65071E-01 -2.36564E-01 -6.62391E-02  8.42032E-01  9.46750E-01  5.64025E-01  0.00000E+00  0.00000E+00  1.83382E-02  0.00000E+00  0.00000E+00  0.00000E+00  0.00000E+00
 OMEGA(3,1)    0.00000E+00  0.00000E+00  0.00000E+00  0.00000E+00  0.00000E+00  0.00000E+00  0.00000E+00  0.00000E+00  0.00000E+00  0.00000E+00  0.00000E+00  0.00000E+00  0.00000E+00  0.00000E+00  0.00000E+00
 OMEGA(3,2)    0.00000E+00  0.00000E+00  0.00000E+00  0.00000E+00  0.00000E+00  0.00000E+00  0.00000E+00  0.00000E+00  0.00000E+00  0.00000E+00  0.00000E+00  0.00000E+00  0.00000E+00  0.00000E+00  0.00000E+00
 OMEGA(3,3)    2.99665E-02  3.14285E-04 -2.12543E-02 -1.74681E-01 -2.33288E-01  3.42009E-02  3.41041E-02  1.83382E-02  0.00000E+00  0.00000E+00  7.23667E-02  0.00000E+00  0.00000E+00  0.00000E+00  0.00000E+00
 OMEGA(4,1)    0.00000E+00  0.00000E+00  0.00000E+00  0.00000E+00  0.00000E+00  0.00000E+00  0.00000E+00  0.00000E+00  0.00000E+00  0.00000E+00  0.00000E+00  0.00000E+00  0.00000E+00  0.00000E+00  0.00000E+00
 OMEGA(4,2)    0.00000E+00  0.00000E+00  0.00000E+00  0.00000E+00  0.00000E+00  0.00000E+00  0.00000E+00  0.00000E+00  0.00000E+00  0.00000E+00  0.00000E+00  0.00000E+00  0.00000E+00  0.00000E+00  0.00000E+00
 OMEGA(4,3)    0.00000E+00  0.00000E+00  0.00000E+00  0.00000E+00  0.00000E+00  0.00000E+00  0.00000E+00  0.00000E+00  0.00000E+00  0.00000E+00  0.00000E+00  0.00000E+00  0.00000E+00  0.00000E+00  0.00000E+00
 OMEGA(4,4)    0.00000E+00  0.00000E+00  0.00000E+00  0.00000E+00  0.00000E+00  0.00000E+00  0.00000E+00  0.00000E+00  0.00000E+00  0.00000E+00  0.00000E+00  0.00000E+00  0.00000E+00  0.00000E+00  0.00000E+00
TABLE NO.     2: Objective Function Evaluation by Importance Sampling: Problem=1 Subproblem=0 Superproblem1=0 Iteration1=0 Superproblem2=0 Iteration2=0
 NAME         THETA1       THETA2       THETA3       THETA4       SIGMA(1,1)   OMEGA(1,1)   OMEGA(2,1)   OMEGA(2,2)   OMEGA(3,1)   OMEGA(3,2)   OMEGA(3,3)   OMEGA(4,1)   OMEGA(4,2)   OMEGA(4,3)   OMEGA(4,4)
 THETA1        2.65767E-01  8.47760E-01 -4.27895E-01  8.11333E-02  1.03333E-02  4.67455E-01  6.05801E-01  5.99519E-01  0.00000E+00  0.00000E+00 -8.85660E-02  0.00000E+00  0.00000E+00  0.00000E+00  0.00000E+00
 THETA2        8.47760E-01  2.15929E-01 -4.43150E-01  1.83725E-01  5.14353E-02  2.08953E-01  2.91447E-01  3.10780E-01  0.00000E+00  0.00000E+00 -6.54860E-02  0.00000E+00  0.00000E+00  0.00000E+00  0.00000E+00
 THETA3       -4.27895E-01 -4.43150E-01  8.88379E-02  1.36033E-01 -1.40218E-01 -2.94941E-01 -3.25285E-01 -3.34889E-01  0.00000E+00  0.00000E+00  3.06814E-02  0.00000E+00  0.00000E+00  0.00000E+00  0.00000E+00
 THETA4        8.11333E-02  1.83725E-01  1.36033E-01  7.37528E-02  1.54474E-01  2.16235E-02 -1.11482E-02 -4.79240E-02  0.00000E+00  0.00000E+00 -2.85730E-01  0.00000E+00  0.00000E+00  0.00000E+00  0.00000E+00
 SIGMA(1,1)    1.03333E-02  5.14353E-02 -1.40218E-01  1.54474E-01  7.02784E-01  2.55468E-02 -1.56099E-02 -4.84570E-02  0.00000E+00  0.00000E+00 -3.59057E-01  0.00000E+00  0.00000E+00  0.00000E+00  0.00000E+00
 OMEGA(1,1)    4.67455E-01  2.08953E-01 -2.94941E-01  2.16235E-02  2.55468E-02  3.76102E-01  9.13231E-01  7.05656E-01  0.00000E+00  0.00000E+00 -1.16203E-02  0.00000E+00  0.00000E+00  0.00000E+00  0.00000E+00
 OMEGA(2,1)    6.05801E-01  2.91447E-01 -3.25285E-01 -1.11482E-02 -1.56099E-02  9.13231E-01  3.89727E-01  9.15430E-01  0.00000E+00  0.00000E+00 -6.78130E-02  0.00000E+00  0.00000E+00  0.00000E+00  0.00000E+00
 OMEGA(2,2)    5.99519E-01  3.10780E-01 -3.34889E-01 -4.79240E-02 -4.84570E-02  7.05656E-01  9.15430E-01  3.90843E-01  0.00000E+00  0.00000E+00 -1.25251E-01  0.00000E+00  0.00000E+00  0.00000E+00  0.00000E+00
 OMEGA(3,1)    0.00000E+00  0.00000E+00  0.00000E+00  0.00000E+00  0.00000E+00  0.00000E+00  0.00000E+00  0.00000E+00  0.00000E+00  0.00000E+00  0.00000E+00  0.00000E+00  0.00000E+00  0.00000E+00  0.00000E+00
 OMEGA(3,2)    0.00000E+00  0.00000E+00  0.00000E+00  0.00000E+00  0.00000E+00  0.00000E+00  0.00000E+00  0.00000E+00  0.00000E+00  0.00000E+00  0.00000E+00  0.00000E+00  0.00000E+00  0.00000E+00  0.00000E+00
 OMEGA(3,3)   -8.85660E-02 -6.54860E-02  3.06814E-02 -2.85730E-01 -3.59057E-01 -1.16203E-02 -6.78130E-02 -1.25251E-01  0.00000E+00  0.00000E+00  6.67197E-02  0.00000E+00  0.00000E+00  0.00000E+00  0.00000E+00
 OMEGA(4,1)    0.00000E+00  0.00000E+00  0.00000E+00  0.00000E+00  0.00000E+00  0.00000E+00  0.00000E+00  0.00000E+00  0.00000E+00  0.00000E+00  0.00000E+00  0.00000E+00  0.00000E+00  0.00000E+00  0.00000E+00
 OMEGA(4,2)    0.00000E+00  0.00000E+00  0.00000E+00  0.00000E+00  0.00000E+00  0.00000E+00  0.00000E+00  0.00000E+00  0.00000E+00  0.00000E+00  0.00000E+00  0.00000E+00  0.00000E+00  0.00000E+00  0.00000E+00
 OMEGA(4,3)    0.00000E+00  0.00000E+00  0.00000E+00  0.00000E+00  0.00000E+00  0.00000E+00  0.00000E+00  0.00000E+00  0.00000E+00  0.00000E+00  0.00000E+00  0.00000E+00  0.00000E+00  0.00000E+00  0.00000E+00
 OMEGA(4,4)    0.00000E+00  0.00000E+00  0.00000E+00  0.00000E+00  0.00000E+00  0.00000E+00  0.00000E+00  0.00000E+00  0.00000E+00  0.00000E+00  0.00000E+00  0.00000E+00  0.00000E+00  0.00000E+00  0.00000E+00
