TABLE NO.     1: Stochastic Approximation Expectation-Maximization: Problem=1 Subproblem=0 Superproblem1=0 Iteration1=0 Superproblem2=0 Iteration2=0
 NAME         THETA1       THETA2       THETA3       THETA4       SIGMA(1,1)   OMEGA(1,1)   OMEGA(2,1)   OMEGA(2,2)   OMEGA(3,1)   OMEGA(3,2)   OMEGA(3,3)   OMEGA(4,1)   OMEGA(4,2)   OMEGA(4,3)   OMEGA(4,4)
 THETA1        1.23930E+02 -1.02265E+02 -2.57472E+01  4.30703E+01  1.52189E-01  1.01434E+02 -1.59257E+02  3.49678E+01  0.00000E+00  0.00000E+00  1.23768E+01  0.00000E+00  0.00000E+00  0.00000E+00  0.00000E+00
 THETA2       -1.02265E+02  1.29514E+02  5.39569E+01 -6.63006E+01 -7.09894E-01 -5.73697E+01  9.54050E+01 -1.02781E+01  0.00000E+00  0.00000E+00 -6.99739E+00  0.00000E+00  0.00000E+00  0.00000E+00  0.00000E+00
 THETA3       -2.57472E+01  5.39569E+01  6.96149E+01 -5.49815E+01  1.31736E-01 -4.42492E+01  5.15055E+01  6.98370E+00  0.00000E+00  0.00000E+00 -1.72322E+01  0.00000E+00  0.00000E+00  0.00000E+00  0.00000E+00
 THETA4        4.30703E+01 -6.63006E+01 -5.49815E+01  2.32778E+02  1.21870E+00  1.17281E+01 -2.84041E+01 -1.78292E-01  0.00000E+00  0.00000E+00  3.10302E+01  0.00000E+00  0.00000E+00  0.00000E+00  0.00000E+00
 SIGMA(1,1)    1.52189E-01 -7.09894E-01  1.31736E-01  1.21870E+00  2.79388E+00 -1.55222E+00  2.34668E+00 -9.28879E-01  0.00000E+00  0.00000E+00  5.13566E+00  0.00000E+00  0.00000E+00  0.00000E+00  0.00000E+00
 OMEGA(1,1)    1.01434E+02 -5.73697E+01 -4.42492E+01  1.17281E+01 -1.55222E+00  3.63508E+02 -4.84375E+02  1.66615E+02  0.00000E+00  0.00000E+00  5.40244E+01  0.00000E+00  0.00000E+00  0.00000E+00  0.00000E+00
 OMEGA(2,1)   -1.59257E+02  9.54050E+01  5.15055E+01 -2.84041E+01  2.34668E+00 -4.84375E+02  6.88873E+02 -2.56702E+02  0.00000E+00  0.00000E+00 -7.54792E+01  0.00000E+00  0.00000E+00  0.00000E+00  0.00000E+00
 OMEGA(2,2)    3.49678E+01 -1.02781E+01  6.98370E+00 -1.78292E-01 -9.28879E-01  1.66615E+02 -2.56702E+02  1.29728E+02  0.00000E+00  0.00000E+00  2.75446E+01  0.00000E+00  0.00000E+00  0.00000E+00  0.00000E+00
 OMEGA(3,1)    0.00000E+00  0.00000E+00  0.00000E+00  0.00000E+00  0.00000E+00  0.00000E+00  0.00000E+00  0.00000E+00  0.00000E+00  0.00000E+00  0.00000E+00  0.00000E+00  0.00000E+00  0.00000E+00  0.00000E+00
 OMEGA(3,2)    0.00000E+00  0.00000E+00  0.00000E+00  0.00000E+00  0.00000E+00  0.00000E+00  0.00000E+00  0.00000E+00  0.00000E+00  0.00000E+00  0.00000E+00  0.00000E+00  0.00000E+00  0.00000E+00  0.00000E+00
 OMEGA(3,3)    1.23768E+01 -6.99739E+00 -1.72322E+01  3.10302E+01  5.13566E+00  5.40244E+01 -7.54792E+01  2.75446E+01  0.00000E+00  0.00000E+00  2.08759E+02  0.00000E+00  0.00000E+00  0.00000E+00  0.00000E+00
 OMEGA(4,1)    0.00000E+00  0.00000E+00  0.00000E+00  0.00000E+00  0.00000E+00  0.00000E+00  0.00000E+00  0.00000E+00  0.00000E+00  0.00000E+00  0.00000E+00  0.00000E+00  0.00000E+00  0.00000E+00  0.00000E+00
 OMEGA(4,2)    0.00000E+00  0.00000E+00  0.00000E+00  0.00000E+00  0.00000E+00  0.00000E+00  0.00000E+00  0.00000E+00  0.00000E+00  0.00000E+00  0.00000E+00  0.00000E+00  0.00000E+00  0.00000E+00  0.00000E+00
 OMEGA(4,3)    0.00000E+00  0.00000E+00  0.00000E+00  0.00000E+00  0.00000E+00  0.00000E+00  0.00000E+00  0.00000E+00  0.00000E+00  0.00000E+00  0.00000E+00  0.00000E+00  0.00000E+00  0.00000E+00  0.00000E+00
 OMEGA(4,4)    0.00000E+00  0.00000E+00  0.00000E+00  0.00000E+00  0.00000E+00  0.00000E+00  0.00000E+00  0.00000E+00  0.00000E+00  0.00000E+00  0.00000E+00  0.00000E+00  0.00000E+00  0.00000E+00  0.00000E+00
TABLE NO.     2: Objective Function Evaluation by Importance Sampling: Problem=1 Subproblem=0 Superproblem1=0 Iteration1=0 Superproblem2=0 Iteration2=0
 NAME         THETA1       THETA2       THETA3       THETA4       SIGMA(1,1)   OMEGA(1,1)   OMEGA(2,1)   OMEGA(2,2)   OMEGA(3,1)   OMEGA(3,2)   OMEGA(3,3)   OMEGA(4,1)   OMEGA(4,2)   OMEGA(4,3)   OMEGA(4,4)
 THETA1        1.29678E+02 -1.03872E+02  6.85499E+00  2.54774E+01  2.36922E-02  4.43966E+01 -9.68016E+01  2.29433E+01  0.00000E+00  0.00000E+00  1.65845E+01  0.00000E+00  0.00000E+00  0.00000E+00  0.00000E+00
 THETA2       -1.03872E+02  1.29357E+02  2.74439E+01 -4.70295E+01 -1.42423E-02 -2.33654E+01  6.99435E+01 -2.04118E+01  0.00000E+00  0.00000E+00 -1.88790E+01  0.00000E+00  0.00000E+00  0.00000E+00  0.00000E+00
 THETA3        6.85499E+00  2.74439E+01  8.48564E+01 -3.71683E+01  2.05776E+00  2.62513E+01 -3.67668E+01  3.11499E+01  0.00000E+00  0.00000E+00  7.38927E+00  0.00000E+00  0.00000E+00  0.00000E+00  0.00000E+00
 THETA4        2.54774E+01 -4.70295E+01 -3.71683E+01  2.38860E+02 -1.01460E+00  4.66195E-01 -1.82422E+01  1.46717E+01  0.00000E+00  0.00000E+00  5.97395E+01  0.00000E+00  0.00000E+00  0.00000E+00  0.00000E+00
 SIGMA(1,1)    2.36922E-02 -1.42423E-02  2.05776E+00 -1.01460E+00  3.06732E+00 -7.64465E-01  6.54552E-01  4.98197E-01  0.00000E+00  0.00000E+00  9.08193E+00  0.00000E+00  0.00000E+00  0.00000E+00  0.00000E+00
 OMEGA(1,1)    4.43966E+01 -2.33654E+01  2.62513E+01  4.66195E-01 -7.64465E-01  1.62374E+02 -2.47405E+02  1.10672E+02  0.00000E+00  0.00000E+00  8.08789E+00  0.00000E+00  0.00000E+00  0.00000E+00  0.00000E+00
 OMEGA(2,1)   -9.68016E+01  6.99435E+01 -3.67668E+01 -1.82422E+01  6.54552E-01 -2.47405E+02  4.58808E+02 -2.30638E+02  0.00000E+00  0.00000E+00 -3.49479E+01  0.00000E+00  0.00000E+00  0.00000E+00  0.00000E+00
 OMEGA(2,2)    2.29433E+01 -2.04118E+01  3.11499E+01  1.46717E+01  4.98197E-01  1.10672E+02 -2.30638E+02  1.46295E+02  0.00000E+00  0.00000E+00  3.56228E+01  0.00000E+00  0.00000E+00  0.00000E+00  0.00000E+00
 OMEGA(3,1)    0.00000E+00  0.00000E+00  0.00000E+00  0.00000E+00  0.00000E+00  0.00000E+00  0.00000E+00  0.00000E+00  0.00000E+00  0.00000E+00  0.00000E+00  0.00000E+00  0.00000E+00  0.00000E+00  0.00000E+00
 OMEGA(3,2)    0.00000E+00  0.00000E+00  0.00000E+00  0.00000E+00  0.00000E+00  0.00000E+00  0.00000E+00  0.00000E+00  0.00000E+00  0.00000E+00  0.00000E+00  0.00000E+00  0.00000E+00  0.00000E+00  0.00000E+00
 OMEGA(3,3)    1.65845E+01 -1.88790E+01  7.38927E+00  5.97395E+01  9.08193E+00  8.08789E+00 -3.49479E+01  3.56228E+01  0.00000E+00  0.00000E+00  3.00060E+02  0.00000E+00  0.00000E+00  0.00000E+00  0.00000E+00
 OMEGA(4,1)    0.00000E+00  0.00000E+00  0.00000E+00  0.00000E+00  0.00000E+00  0.00000E+00  0.00000E+00  0.00000E+00  0.00000E+00  0.00000E+00  0.00000E+00  0.00000E+00  0.00000E+00  0.00000E+00  0.00000E+00
 OMEGA(4,2)    0.00000E+00  0.00000E+00  0.00000E+00  0.00000E+00  0.00000E+00  0.00000E+00  0.00000E+00  0.00000E+00  0.00000E+00  0.00000E+00  0.00000E+00  0.00000E+00  0.00000E+00  0.00000E+00  0.00000E+00
 OMEGA(4,3)    0.00000E+00  0.00000E+00  0.00000E+00  0.00000E+00  0.00000E+00  0.00000E+00  0.00000E+00  0.00000E+00  0.00000E+00  0.00000E+00  0.00000E+00  0.00000E+00  0.00000E+00  0.00000E+00  0.00000E+00
 OMEGA(4,4)    0.00000E+00  0.00000E+00  0.00000E+00  0.00000E+00  0.00000E+00  0.00000E+00  0.00000E+00  0.00000E+00  0.00000E+00  0.00000E+00  0.00000E+00  0.00000E+00  0.00000E+00  0.00000E+00  0.00000E+00
