TABLE NO.     1: Stochastic Approximation Expectation-Maximization: Problem=1 Subproblem=0 Superproblem1=0 Iteration1=0 Superproblem2=0 Iteration2=0
 NAME         THETA1       THETA2       THETA3       THETA4       SIGMA(1,1)   OMEGA(1,1)   OMEGA(2,1)   OMEGA(2,2)   OMEGA(3,1)   OMEGA(3,2)   OMEGA(3,3)   OMEGA(4,1)   OMEGA(4,2)   OMEGA(4,3)   OMEGA(4,4)
 THETA1        1.66951E-01  1.21244E-01 -6.39899E-02 -6.23534E-03  2.01641E-02  1.35575E-01  1.68771E-01  1.65708E-01  0.00000E+00  0.00000E+00  3.44505E-04  0.00000E+00  0.00000E+00  0.00000E+00  0.00000E+00
 THETA2        1.21244E-01  1.06439E-01 -5.08819E-02 -2.42383E-03  2.23058E-02  6.84964E-02  8.99326E-02  9.42737E-02  0.00000E+00  0.00000E+00 -3.77387E-04  0.00000E+00  0.00000E+00  0.00000E+00  0.00000E+00
 THETA3       -6.39899E-02 -5.08819E-02  4.05748E-02  5.77224E-03 -1.80701E-02 -5.67418E-02 -7.10699E-02 -7.52532E-02  0.00000E+00  0.00000E+00  7.10429E-05  0.00000E+00  0.00000E+00  0.00000E+00  0.00000E+00
 THETA4       -6.23534E-03 -2.42383E-03  5.77224E-03  6.15017E-03 -2.73732E-03 -6.53307E-03 -8.99738E-03 -1.01065E-02  0.00000E+00  0.00000E+00 -8.34720E-04  0.00000E+00  0.00000E+00  0.00000E+00  0.00000E+00
 SIGMA(1,1)    2.01641E-02  2.23058E-02 -1.80701E-02 -2.73732E-03  4.42322E-01  7.49834E-03  8.33071E-03  9.93150E-03  0.00000E+00  0.00000E+00 -1.18533E-02  0.00000E+00  0.00000E+00  0.00000E+00  0.00000E+00
 OMEGA(1,1)    1.35575E-01  6.84964E-02 -5.67418E-02 -6.53307E-03  7.49834E-03  2.94043E-01  3.08281E-01  2.56884E-01  0.00000E+00  0.00000E+00  1.61903E-03  0.00000E+00  0.00000E+00  0.00000E+00  0.00000E+00
 OMEGA(2,1)    1.68771E-01  8.99326E-02 -7.10699E-02 -8.99738E-03  8.33071E-03  3.08281E-01  3.42710E-01  3.08215E-01  0.00000E+00  0.00000E+00  1.19643E-03  0.00000E+00  0.00000E+00  0.00000E+00  0.00000E+00
 OMEGA(2,2)    1.65708E-01  9.42737E-02 -7.52532E-02 -1.01065E-02  9.93150E-03  2.56884E-01  3.08215E-01  3.11253E-01  0.00000E+00  0.00000E+00  1.28667E-04  0.00000E+00  0.00000E+00  0.00000E+00  0.00000E+00
 OMEGA(3,1)    0.00000E+00  0.00000E+00  0.00000E+00  0.00000E+00  0.00000E+00  0.00000E+00  0.00000E+00  0.00000E+00  0.00000E+00  0.00000E+00  0.00000E+00  0.00000E+00  0.00000E+00  0.00000E+00  0.00000E+00
 OMEGA(3,2)    0.00000E+00  0.00000E+00  0.00000E+00  0.00000E+00  0.00000E+00  0.00000E+00  0.00000E+00  0.00000E+00  0.00000E+00  0.00000E+00  0.00000E+00  0.00000E+00  0.00000E+00  0.00000E+00  0.00000E+00
 OMEGA(3,3)    3.44505E-04 -3.77387E-04  7.10429E-05 -8.34720E-04 -1.18533E-02  1.61903E-03  1.19643E-03  1.28667E-04  0.00000E+00  0.00000E+00  5.32905E-03  0.00000E+00  0.00000E+00  0.00000E+00  0.00000E+00
 OMEGA(4,1)    0.00000E+00  0.00000E+00  0.00000E+00  0.00000E+00  0.00000E+00  0.00000E+00  0.00000E+00  0.00000E+00  0.00000E+00  0.00000E+00  0.00000E+00  0.00000E+00  0.00000E+00  0.00000E+00  0.00000E+00
 OMEGA(4,2)    0.00000E+00  0.00000E+00  0.00000E+00  0.00000E+00  0.00000E+00  0.00000E+00  0.00000E+00  0.00000E+00  0.00000E+00  0.00000E+00  0.00000E+00  0.00000E+00  0.00000E+00  0.00000E+00  0.00000E+00
 OMEGA(4,3)    0.00000E+00  0.00000E+00  0.00000E+00  0.00000E+00  0.00000E+00  0.00000E+00  0.00000E+00  0.00000E+00  0.00000E+00  0.00000E+00  0.00000E+00  0.00000E+00  0.00000E+00  0.00000E+00  0.00000E+00
 OMEGA(4,4)    0.00000E+00  0.00000E+00  0.00000E+00  0.00000E+00  0.00000E+00  0.00000E+00  0.00000E+00  0.00000E+00  0.00000E+00  0.00000E+00  0.00000E+00  0.00000E+00  0.00000E+00  0.00000E+00  0.00000E+00
TABLE NO.     2: Objective Function Evaluation by Importance Sampling: Problem=1 Subproblem=0 Superproblem1=0 Iteration1=0 Superproblem2=0 Iteration2=0
 NAME         THETA1       THETA2       THETA3       THETA4       SIGMA(1,1)   OMEGA(1,1)   OMEGA(2,1)   OMEGA(2,2)   OMEGA(3,1)   OMEGA(3,2)   OMEGA(3,3)   OMEGA(4,1)   OMEGA(4,2)   OMEGA(4,3)   OMEGA(4,4)
 THETA1        1.31910E-01  1.03489E-01 -5.32699E-02 -2.29924E-03  8.71111E-02  1.02614E-01  1.29489E-01  1.35104E-01  0.00000E+00  0.00000E+00 -4.09238E-03  0.00000E+00  0.00000E+00  0.00000E+00  0.00000E+00
 THETA2        1.03489E-01  9.45327E-02 -4.55933E-02 -4.08869E-04  7.84315E-02  6.64625E-02  8.41409E-02  9.03088E-02  0.00000E+00  0.00000E+00 -2.97830E-03  0.00000E+00  0.00000E+00  0.00000E+00  0.00000E+00
 THETA3       -5.32699E-02 -4.55933E-02  3.77241E-02  3.77901E-03 -6.46722E-02 -5.00127E-02 -6.00235E-02 -6.43596E-02  0.00000E+00  0.00000E+00  1.93030E-03  0.00000E+00  0.00000E+00  0.00000E+00  0.00000E+00
 THETA4       -2.29924E-03 -4.08869E-04  3.77901E-03  5.78805E-03  1.93748E-03 -3.09182E-03 -4.81731E-03 -6.33872E-03  0.00000E+00  0.00000E+00 -1.22963E-03  0.00000E+00  0.00000E+00  0.00000E+00  0.00000E+00
 SIGMA(1,1)    8.71111E-02  7.84315E-02 -6.46722E-02  1.93748E-03  5.65722E-01  8.91833E-02  9.56278E-02  9.33334E-02  0.00000E+00  0.00000E+00 -1.88726E-02  0.00000E+00  0.00000E+00  0.00000E+00  0.00000E+00
 OMEGA(1,1)    1.02614E-01  6.64625E-02 -5.00127E-02 -3.09182E-03  8.91833E-02  2.02902E-01  2.03751E-01  1.78513E-01  0.00000E+00  0.00000E+00 -2.86380E-03  0.00000E+00  0.00000E+00  0.00000E+00  0.00000E+00
 OMEGA(2,1)    1.29489E-01  8.41409E-02 -6.00235E-02 -4.81731E-03  9.56278E-02  2.03751E-01  2.33242E-01  2.28435E-01  0.00000E+00  0.00000E+00 -4.92259E-03  0.00000E+00  0.00000E+00  0.00000E+00  0.00000E+00
 OMEGA(2,2)    1.35104E-01  9.03088E-02 -6.43596E-02 -6.33872E-03  9.33334E-02  1.78513E-01  2.28435E-01  2.50346E-01  0.00000E+00  0.00000E+00 -6.68785E-03  0.00000E+00  0.00000E+00  0.00000E+00  0.00000E+00
 OMEGA(3,1)    0.00000E+00  0.00000E+00  0.00000E+00  0.00000E+00  0.00000E+00  0.00000E+00  0.00000E+00  0.00000E+00  0.00000E+00  0.00000E+00  0.00000E+00  0.00000E+00  0.00000E+00  0.00000E+00  0.00000E+00
 OMEGA(3,2)    0.00000E+00  0.00000E+00  0.00000E+00  0.00000E+00  0.00000E+00  0.00000E+00  0.00000E+00  0.00000E+00  0.00000E+00  0.00000E+00  0.00000E+00  0.00000E+00  0.00000E+00  0.00000E+00  0.00000E+00
 OMEGA(3,3)   -4.09238E-03 -2.97830E-03  1.93030E-03 -1.22963E-03 -1.88726E-02 -2.86380E-03 -4.92259E-03 -6.68785E-03  0.00000E+00  0.00000E+00  4.55367E-03  0.00000E+00  0.00000E+00  0.00000E+00  0.00000E+00
 OMEGA(4,1)    0.00000E+00  0.00000E+00  0.00000E+00  0.00000E+00  0.00000E+00  0.00000E+00  0.00000E+00  0.00000E+00  0.00000E+00  0.00000E+00  0.00000E+00  0.00000E+00  0.00000E+00  0.00000E+00  0.00000E+00
 OMEGA(4,2)    0.00000E+00  0.00000E+00  0.00000E+00  0.00000E+00  0.00000E+00  0.00000E+00  0.00000E+00  0.00000E+00  0.00000E+00  0.00000E+00  0.00000E+00  0.00000E+00  0.00000E+00  0.00000E+00  0.00000E+00
 OMEGA(4,3)    0.00000E+00  0.00000E+00  0.00000E+00  0.00000E+00  0.00000E+00  0.00000E+00  0.00000E+00  0.00000E+00  0.00000E+00  0.00000E+00  0.00000E+00  0.00000E+00  0.00000E+00  0.00000E+00  0.00000E+00
 OMEGA(4,4)    0.00000E+00  0.00000E+00  0.00000E+00  0.00000E+00  0.00000E+00  0.00000E+00  0.00000E+00  0.00000E+00  0.00000E+00  0.00000E+00  0.00000E+00  0.00000E+00  0.00000E+00  0.00000E+00  0.00000E+00
