TABLE NO.     1: Stochastic Approximation Expectation-Maximization: Problem=1 Subproblem=0 Superproblem1=0 Iteration1=0 Superproblem2=0 Iteration2=0
 NAME         THETA1       THETA2       THETA3       THETA4       SIGMA(1,1)   OMEGA(1,1)   OMEGA(2,1)   OMEGA(2,2)   OMEGA(3,1)   OMEGA(3,2)   OMEGA(3,3)   OMEGA(4,1)   OMEGA(4,2)   OMEGA(4,3)   OMEGA(4,4)
 THETA1        4.08597E-01  9.09522E-01 -7.77479E-01 -1.94590E-01  7.42020E-02  6.11899E-01  7.05568E-01  7.26928E-01  0.00000E+00  0.00000E+00  1.15498E-02  0.00000E+00  0.00000E+00  0.00000E+00  0.00000E+00
 THETA2        9.09522E-01  3.26251E-01 -7.74255E-01 -9.47344E-02  1.02801E-01  3.87178E-01  4.70871E-01  5.17944E-01  0.00000E+00  0.00000E+00 -1.58457E-02  0.00000E+00  0.00000E+00  0.00000E+00  0.00000E+00
 THETA3       -7.77479E-01 -7.74255E-01  2.01432E-01  3.65404E-01 -1.34885E-01 -5.19481E-01 -6.02690E-01 -6.69638E-01  0.00000E+00  0.00000E+00  4.83134E-03  0.00000E+00  0.00000E+00  0.00000E+00  0.00000E+00
 THETA4       -1.94590E-01 -9.47344E-02  3.65404E-01  7.84230E-02 -5.24823E-02 -1.53627E-01 -1.95979E-01 -2.30993E-01  0.00000E+00  0.00000E+00 -1.45805E-01  0.00000E+00  0.00000E+00  0.00000E+00  0.00000E+00
 SIGMA(1,1)    7.42020E-02  1.02801E-01 -1.34885E-01 -5.24823E-02  6.65073E-01  2.07917E-02  2.13968E-02  2.67663E-02  0.00000E+00  0.00000E+00 -2.44144E-01  0.00000E+00  0.00000E+00  0.00000E+00  0.00000E+00
 OMEGA(1,1)    6.11899E-01  3.87178E-01 -5.19481E-01 -1.53627E-01  2.07917E-02  5.42257E-01  9.71129E-01  8.49133E-01  0.00000E+00  0.00000E+00  4.09001E-02  0.00000E+00  0.00000E+00  0.00000E+00  0.00000E+00
 OMEGA(2,1)    7.05568E-01  4.70871E-01 -6.02690E-01 -1.95979E-01  2.13968E-02  9.71129E-01  5.85415E-01  9.43699E-01  0.00000E+00  0.00000E+00  2.79962E-02  0.00000E+00  0.00000E+00  0.00000E+00  0.00000E+00
 OMEGA(2,2)    7.26928E-01  5.17944E-01 -6.69638E-01 -2.30993E-01  2.67663E-02  8.49133E-01  9.43699E-01  5.57900E-01  0.00000E+00  0.00000E+00  3.15927E-03  0.00000E+00  0.00000E+00  0.00000E+00  0.00000E+00
 OMEGA(3,1)    0.00000E+00  0.00000E+00  0.00000E+00  0.00000E+00  0.00000E+00  0.00000E+00  0.00000E+00  0.00000E+00  0.00000E+00  0.00000E+00  0.00000E+00  0.00000E+00  0.00000E+00  0.00000E+00  0.00000E+00
 OMEGA(3,2)    0.00000E+00  0.00000E+00  0.00000E+00  0.00000E+00  0.00000E+00  0.00000E+00  0.00000E+00  0.00000E+00  0.00000E+00  0.00000E+00  0.00000E+00  0.00000E+00  0.00000E+00  0.00000E+00  0.00000E+00
 OMEGA(3,3)    1.15498E-02 -1.58457E-02  4.83134E-03 -1.45805E-01 -2.44144E-01  4.09001E-02  2.79962E-02  3.15927E-03  0.00000E+00  0.00000E+00  7.30003E-02  0.00000E+00  0.00000E+00  0.00000E+00  0.00000E+00
 OMEGA(4,1)    0.00000E+00  0.00000E+00  0.00000E+00  0.00000E+00  0.00000E+00  0.00000E+00  0.00000E+00  0.00000E+00  0.00000E+00  0.00000E+00  0.00000E+00  0.00000E+00  0.00000E+00  0.00000E+00  0.00000E+00
 OMEGA(4,2)    0.00000E+00  0.00000E+00  0.00000E+00  0.00000E+00  0.00000E+00  0.00000E+00  0.00000E+00  0.00000E+00  0.00000E+00  0.00000E+00  0.00000E+00  0.00000E+00  0.00000E+00  0.00000E+00  0.00000E+00
 OMEGA(4,3)    0.00000E+00  0.00000E+00  0.00000E+00  0.00000E+00  0.00000E+00  0.00000E+00  0.00000E+00  0.00000E+00  0.00000E+00  0.00000E+00  0.00000E+00  0.00000E+00  0.00000E+00  0.00000E+00  0.00000E+00
 OMEGA(4,4)    0.00000E+00  0.00000E+00  0.00000E+00  0.00000E+00  0.00000E+00  0.00000E+00  0.00000E+00  0.00000E+00  0.00000E+00  0.00000E+00  0.00000E+00  0.00000E+00  0.00000E+00  0.00000E+00  0.00000E+00
TABLE NO.     2: Objective Function Evaluation by Importance Sampling: Problem=1 Subproblem=0 Superproblem1=0 Iteration1=0 Superproblem2=0 Iteration2=0
 NAME         THETA1       THETA2       THETA3       THETA4       SIGMA(1,1)   OMEGA(1,1)   OMEGA(2,1)   OMEGA(2,2)   OMEGA(3,1)   OMEGA(3,2)   OMEGA(3,3)   OMEGA(4,1)   OMEGA(4,2)   OMEGA(4,3)   OMEGA(4,4)
 THETA1        3.63194E-01  9.26754E-01 -7.55151E-01 -8.32108E-02  3.18884E-01  6.27225E-01  7.38228E-01  7.43461E-01  0.00000E+00  0.00000E+00 -1.66977E-01  0.00000E+00  0.00000E+00  0.00000E+00  0.00000E+00
 THETA2        9.26754E-01  3.07462E-01 -7.63485E-01 -1.74794E-02  3.39155E-01  4.79891E-01  5.66646E-01  5.87042E-01  0.00000E+00  0.00000E+00 -1.43548E-01  0.00000E+00  0.00000E+00  0.00000E+00  0.00000E+00
 THETA3       -7.55151E-01 -7.63485E-01  1.94227E-01  2.55742E-01 -4.42697E-01 -5.71646E-01 -6.39894E-01 -6.62268E-01  0.00000E+00  0.00000E+00  1.47277E-01  0.00000E+00  0.00000E+00  0.00000E+00  0.00000E+00
 THETA4       -8.32108E-02 -1.74794E-02  2.55742E-01  7.60793E-02  3.38586E-02 -9.02203E-02 -1.31110E-01 -1.66520E-01  0.00000E+00  0.00000E+00 -2.39512E-01  0.00000E+00  0.00000E+00  0.00000E+00  0.00000E+00
 SIGMA(1,1)    3.18884E-01  3.39155E-01 -4.42697E-01  3.38586E-02  7.52145E-01  2.63232E-01  2.63256E-01  2.48008E-01  0.00000E+00  0.00000E+00 -3.71833E-01  0.00000E+00  0.00000E+00  0.00000E+00  0.00000E+00
 OMEGA(1,1)    6.27225E-01  4.79891E-01 -5.71646E-01 -9.02203E-02  2.63232E-01  4.50447E-01  9.36598E-01  7.92059E-01  0.00000E+00  0.00000E+00 -9.42146E-02  0.00000E+00  0.00000E+00  0.00000E+00  0.00000E+00
 OMEGA(2,1)    7.38228E-01  5.66646E-01 -6.39894E-01 -1.31110E-01  2.63256E-01  9.36598E-01  4.82952E-01  9.45343E-01  0.00000E+00  0.00000E+00 -1.51046E-01  0.00000E+00  0.00000E+00  0.00000E+00  0.00000E+00
 OMEGA(2,2)    7.43461E-01  5.87042E-01 -6.62268E-01 -1.66520E-01  2.48008E-01  7.92059E-01  9.45343E-01  5.00345E-01  0.00000E+00  0.00000E+00 -1.98078E-01  0.00000E+00  0.00000E+00  0.00000E+00  0.00000E+00
 OMEGA(3,1)    0.00000E+00  0.00000E+00  0.00000E+00  0.00000E+00  0.00000E+00  0.00000E+00  0.00000E+00  0.00000E+00  0.00000E+00  0.00000E+00  0.00000E+00  0.00000E+00  0.00000E+00  0.00000E+00  0.00000E+00
 OMEGA(3,2)    0.00000E+00  0.00000E+00  0.00000E+00  0.00000E+00  0.00000E+00  0.00000E+00  0.00000E+00  0.00000E+00  0.00000E+00  0.00000E+00  0.00000E+00  0.00000E+00  0.00000E+00  0.00000E+00  0.00000E+00
 OMEGA(3,3)   -1.66977E-01 -1.43548E-01  1.47277E-01 -2.39512E-01 -3.71833E-01 -9.42146E-02 -1.51046E-01 -1.98078E-01  0.00000E+00  0.00000E+00  6.74809E-02  0.00000E+00  0.00000E+00  0.00000E+00  0.00000E+00
 OMEGA(4,1)    0.00000E+00  0.00000E+00  0.00000E+00  0.00000E+00  0.00000E+00  0.00000E+00  0.00000E+00  0.00000E+00  0.00000E+00  0.00000E+00  0.00000E+00  0.00000E+00  0.00000E+00  0.00000E+00  0.00000E+00
 OMEGA(4,2)    0.00000E+00  0.00000E+00  0.00000E+00  0.00000E+00  0.00000E+00  0.00000E+00  0.00000E+00  0.00000E+00  0.00000E+00  0.00000E+00  0.00000E+00  0.00000E+00  0.00000E+00  0.00000E+00  0.00000E+00
 OMEGA(4,3)    0.00000E+00  0.00000E+00  0.00000E+00  0.00000E+00  0.00000E+00  0.00000E+00  0.00000E+00  0.00000E+00  0.00000E+00  0.00000E+00  0.00000E+00  0.00000E+00  0.00000E+00  0.00000E+00  0.00000E+00
 OMEGA(4,4)    0.00000E+00  0.00000E+00  0.00000E+00  0.00000E+00  0.00000E+00  0.00000E+00  0.00000E+00  0.00000E+00  0.00000E+00  0.00000E+00  0.00000E+00  0.00000E+00  0.00000E+00  0.00000E+00  0.00000E+00
