TABLE NO.     1: Importance Sampling assisted by MAP Estimation: Problem=1 Subproblem=0 Superproblem1=0 Iteration1=0 Superproblem2=0 Iteration2=0
 NAME         THETA1       THETA2       THETA3       THETA4       SIGMA(1,1)   OMEGA(1,1)   OMEGA(2,1)   OMEGA(2,2)   OMEGA(3,1)   OMEGA(3,2)   OMEGA(3,3)   OMEGA(4,1)   OMEGA(4,2)   OMEGA(4,3)   OMEGA(4,4)
 THETA1        1.29195E-01  5.65946E-01  6.45801E-02 -3.41540E-02 -1.90974E-01 -2.89905E-01  8.42748E-02  3.70920E-01  0.00000E+00  0.00000E+00  2.00803E-02  0.00000E+00  0.00000E+00  0.00000E+00  0.00000E+00
 THETA2        5.65946E-01  1.07067E-01 -6.08992E-02  1.33774E-01 -1.39756E-01 -3.24373E-01 -2.72022E-01  1.47748E-01  0.00000E+00  0.00000E+00 -5.62928E-02  0.00000E+00  0.00000E+00  0.00000E+00  0.00000E+00
 THETA3        6.45801E-02 -6.08992E-02  1.70577E-01  2.88788E-01 -4.79599E-02  9.68806E-02 -8.24269E-02 -4.09824E-02  0.00000E+00  0.00000E+00  4.79133E-02  0.00000E+00  0.00000E+00  0.00000E+00  0.00000E+00
 THETA4       -3.41540E-02  1.33774E-01  2.88788E-01  7.42896E-02  1.54481E-01  1.04526E-01 -8.57015E-02 -1.17545E-01  0.00000E+00  0.00000E+00 -3.30971E-01  0.00000E+00  0.00000E+00  0.00000E+00  0.00000E+00
 SIGMA(1,1)   -1.90974E-01 -1.39756E-01 -4.79599E-02  1.54481E-01  7.47795E-01  3.07806E-01  7.01810E-02 -2.84033E-01  0.00000E+00  0.00000E+00 -3.03774E-01  0.00000E+00  0.00000E+00  0.00000E+00  0.00000E+00
 OMEGA(1,1)   -2.89905E-01 -3.24373E-01  9.68806E-02  1.04526E-01  3.07806E-01  1.58773E-01  4.60205E-01 -2.61410E-01  0.00000E+00  0.00000E+00 -6.56520E-02  0.00000E+00  0.00000E+00  0.00000E+00  0.00000E+00
 OMEGA(2,1)    8.42748E-02 -2.72022E-01 -8.24269E-02 -8.57015E-02  7.01810E-02  4.60205E-01  9.36836E-02  4.78581E-01  0.00000E+00  0.00000E+00 -6.63142E-03  0.00000E+00  0.00000E+00  0.00000E+00  0.00000E+00
 OMEGA(2,2)    3.70920E-01  1.47748E-01 -4.09824E-02 -1.17545E-01 -2.84033E-01 -2.61410E-01  4.78581E-01  1.08959E-01  0.00000E+00  0.00000E+00 -1.65440E-02  0.00000E+00  0.00000E+00  0.00000E+00  0.00000E+00
 OMEGA(3,1)    0.00000E+00  0.00000E+00  0.00000E+00  0.00000E+00  0.00000E+00  0.00000E+00  0.00000E+00  0.00000E+00  0.00000E+00  0.00000E+00  0.00000E+00  0.00000E+00  0.00000E+00  0.00000E+00  0.00000E+00
 OMEGA(3,2)    0.00000E+00  0.00000E+00  0.00000E+00  0.00000E+00  0.00000E+00  0.00000E+00  0.00000E+00  0.00000E+00  0.00000E+00  0.00000E+00  0.00000E+00  0.00000E+00  0.00000E+00  0.00000E+00  0.00000E+00
 OMEGA(3,3)    2.00803E-02 -5.62928E-02  4.79133E-02 -3.30971E-01 -3.03774E-01 -6.56520E-02 -6.63142E-03 -1.65440E-02  0.00000E+00  0.00000E+00  6.72764E-02  0.00000E+00  0.00000E+00  0.00000E+00  0.00000E+00
 OMEGA(4,1)    0.00000E+00  0.00000E+00  0.00000E+00  0.00000E+00  0.00000E+00  0.00000E+00  0.00000E+00  0.00000E+00  0.00000E+00  0.00000E+00  0.00000E+00  0.00000E+00  0.00000E+00  0.00000E+00  0.00000E+00
 OMEGA(4,2)    0.00000E+00  0.00000E+00  0.00000E+00  0.00000E+00  0.00000E+00  0.00000E+00  0.00000E+00  0.00000E+00  0.00000E+00  0.00000E+00  0.00000E+00  0.00000E+00  0.00000E+00  0.00000E+00  0.00000E+00
 OMEGA(4,3)    0.00000E+00  0.00000E+00  0.00000E+00  0.00000E+00  0.00000E+00  0.00000E+00  0.00000E+00  0.00000E+00  0.00000E+00  0.00000E+00  0.00000E+00  0.00000E+00  0.00000E+00  0.00000E+00  0.00000E+00
 OMEGA(4,4)    0.00000E+00  0.00000E+00  0.00000E+00  0.00000E+00  0.00000E+00  0.00000E+00  0.00000E+00  0.00000E+00  0.00000E+00  0.00000E+00  0.00000E+00  0.00000E+00  0.00000E+00  0.00000E+00  0.00000E+00
TABLE NO.     2: Importance Sampling: Problem=1 Subproblem=0 Superproblem1=0 Iteration1=0 Superproblem2=0 Iteration2=0
 NAME         THETA1       THETA2       THETA3       THETA4       SIGMA(1,1)   OMEGA(1,1)   OMEGA(2,1)   OMEGA(2,2)   OMEGA(3,1)   OMEGA(3,2)   OMEGA(3,3)   OMEGA(4,1)   OMEGA(4,2)   OMEGA(4,3)   OMEGA(4,4)
 THETA1        1.65863E-01  6.67319E-01 -2.78688E-01 -6.50376E-02 -1.15393E-01 -3.04724E-01  4.51662E-01  6.41721E-01  0.00000E+00  0.00000E+00 -1.28399E-01  0.00000E+00  0.00000E+00  0.00000E+00  0.00000E+00
 THETA2        6.67319E-01  1.37161E-01 -2.86977E-01  1.47913E-01 -3.73724E-03 -3.75962E-01  3.49708E-02  3.58530E-01  0.00000E+00  0.00000E+00 -1.32413E-01  0.00000E+00  0.00000E+00  0.00000E+00  0.00000E+00
 THETA3       -2.78688E-01 -2.86977E-01  9.89446E-02  1.19010E-01 -1.90724E-01 -9.88175E-03 -1.41204E-01 -1.99904E-01  0.00000E+00  0.00000E+00  1.32808E-01  0.00000E+00  0.00000E+00  0.00000E+00  0.00000E+00
 THETA4       -6.50376E-02  1.47913E-01  1.19010E-01  7.07247E-02  1.59880E-01  1.54659E-02 -1.17393E-01 -1.08010E-01  0.00000E+00  0.00000E+00 -2.88069E-01  0.00000E+00  0.00000E+00  0.00000E+00  0.00000E+00
 SIGMA(1,1)   -1.15393E-01 -3.73724E-03 -1.90724E-01  1.59880E-01  8.29527E-01  9.79992E-02 -1.58235E-01 -2.26766E-01  0.00000E+00  0.00000E+00 -3.52394E-01  0.00000E+00  0.00000E+00  0.00000E+00  0.00000E+00
 OMEGA(1,1)   -3.04724E-01 -3.75962E-01 -9.88175E-03  1.54659E-02  9.79992E-02  1.59586E-01  3.17121E-01 -2.32411E-01  0.00000E+00  0.00000E+00  5.10341E-02  0.00000E+00  0.00000E+00  0.00000E+00  0.00000E+00
 OMEGA(2,1)    4.51662E-01  3.49708E-02 -1.41204E-01 -1.17393E-01 -1.58235E-01  3.17121E-01  1.41626E-01  7.26613E-01  0.00000E+00  0.00000E+00 -7.81745E-02  0.00000E+00  0.00000E+00  0.00000E+00  0.00000E+00
 OMEGA(2,2)    6.41721E-01  3.58530E-01 -1.99904E-01 -1.08010E-01 -2.26766E-01 -2.32411E-01  7.26613E-01  2.05654E-01  0.00000E+00  0.00000E+00 -1.77742E-01  0.00000E+00  0.00000E+00  0.00000E+00  0.00000E+00
 OMEGA(3,1)    0.00000E+00  0.00000E+00  0.00000E+00  0.00000E+00  0.00000E+00  0.00000E+00  0.00000E+00  0.00000E+00  0.00000E+00  0.00000E+00  0.00000E+00  0.00000E+00  0.00000E+00  0.00000E+00  0.00000E+00
 OMEGA(3,2)    0.00000E+00  0.00000E+00  0.00000E+00  0.00000E+00  0.00000E+00  0.00000E+00  0.00000E+00  0.00000E+00  0.00000E+00  0.00000E+00  0.00000E+00  0.00000E+00  0.00000E+00  0.00000E+00  0.00000E+00
 OMEGA(3,3)   -1.28399E-01 -1.32413E-01  1.32808E-01 -2.88069E-01 -3.52394E-01  5.10341E-02 -7.81745E-02 -1.77742E-01  0.00000E+00  0.00000E+00  6.57795E-02  0.00000E+00  0.00000E+00  0.00000E+00  0.00000E+00
 OMEGA(4,1)    0.00000E+00  0.00000E+00  0.00000E+00  0.00000E+00  0.00000E+00  0.00000E+00  0.00000E+00  0.00000E+00  0.00000E+00  0.00000E+00  0.00000E+00  0.00000E+00  0.00000E+00  0.00000E+00  0.00000E+00
 OMEGA(4,2)    0.00000E+00  0.00000E+00  0.00000E+00  0.00000E+00  0.00000E+00  0.00000E+00  0.00000E+00  0.00000E+00  0.00000E+00  0.00000E+00  0.00000E+00  0.00000E+00  0.00000E+00  0.00000E+00  0.00000E+00
 OMEGA(4,3)    0.00000E+00  0.00000E+00  0.00000E+00  0.00000E+00  0.00000E+00  0.00000E+00  0.00000E+00  0.00000E+00  0.00000E+00  0.00000E+00  0.00000E+00  0.00000E+00  0.00000E+00  0.00000E+00  0.00000E+00
 OMEGA(4,4)    0.00000E+00  0.00000E+00  0.00000E+00  0.00000E+00  0.00000E+00  0.00000E+00  0.00000E+00  0.00000E+00  0.00000E+00  0.00000E+00  0.00000E+00  0.00000E+00  0.00000E+00  0.00000E+00  0.00000E+00
