TABLE NO.     1: Importance Sampling: Problem=1 Subproblem=0 Superproblem1=0 Iteration1=0 Superproblem2=0 Iteration2=0
 NAME         THETA1       THETA2       THETA3       THETA4       SIGMA(1,1)   OMEGA(1,1)   OMEGA(2,1)   OMEGA(2,2)   OMEGA(3,1)   OMEGA(3,2)   OMEGA(3,3)   OMEGA(4,1)   OMEGA(4,2)   OMEGA(4,3)   OMEGA(4,4)
 THETA1        1.20736E-01  4.54857E-01  1.14898E-01 -2.79014E-02 -9.75386E-02 -2.28727E-01  1.42143E-01  2.78387E-01  0.00000E+00  0.00000E+00  8.51113E-03  0.00000E+00  0.00000E+00  0.00000E+00  0.00000E+00
 THETA2        4.54857E-01  1.08045E-01 -4.80862E-02  1.97058E-01  9.36049E-03 -2.82229E-01 -3.74490E-01 -8.76972E-02  0.00000E+00  0.00000E+00 -3.14145E-02  0.00000E+00  0.00000E+00  0.00000E+00  0.00000E+00
 THETA3        1.14898E-01 -4.80862E-02  1.18122E-01  9.38862E-02 -5.36331E-02 -3.77677E-02  1.02422E-01  6.34118E-02  0.00000E+00  0.00000E+00 -1.76351E-02  0.00000E+00  0.00000E+00  0.00000E+00  0.00000E+00
 THETA4       -2.79014E-02  1.97058E-01  9.38862E-02  6.97511E-02  1.57009E-01  5.91443E-02 -7.94486E-02 -1.02685E-01  0.00000E+00  0.00000E+00 -3.15518E-01  0.00000E+00  0.00000E+00  0.00000E+00  0.00000E+00
 SIGMA(1,1)   -9.75386E-02  9.36049E-03 -5.36331E-02  1.57009E-01  7.51763E-01  7.44044E-02 -9.97815E-02 -2.60781E-01  0.00000E+00  0.00000E+00 -2.99192E-01  0.00000E+00  0.00000E+00  0.00000E+00  0.00000E+00
 OMEGA(1,1)   -2.28727E-01 -2.82229E-01 -3.77677E-02  5.91443E-02  7.44044E-02  1.32771E-01  4.26267E-01 -7.35240E-02  0.00000E+00  0.00000E+00 -3.99598E-02  0.00000E+00  0.00000E+00  0.00000E+00  0.00000E+00
 OMEGA(2,1)    1.42143E-01 -3.74490E-01  1.02422E-01 -7.94486E-02 -9.97815E-02  4.26267E-01  1.07646E-01  6.22724E-01  0.00000E+00  0.00000E+00 -2.36514E-03  0.00000E+00  0.00000E+00  0.00000E+00  0.00000E+00
 OMEGA(2,2)    2.78387E-01 -8.76972E-02  6.34118E-02 -1.02685E-01 -2.60781E-01 -7.35240E-02  6.22724E-01  1.19707E-01  0.00000E+00  0.00000E+00 -6.62208E-02  0.00000E+00  0.00000E+00  0.00000E+00  0.00000E+00
 OMEGA(3,1)    0.00000E+00  0.00000E+00  0.00000E+00  0.00000E+00  0.00000E+00  0.00000E+00  0.00000E+00  0.00000E+00  0.00000E+00  0.00000E+00  0.00000E+00  0.00000E+00  0.00000E+00  0.00000E+00  0.00000E+00
 OMEGA(3,2)    0.00000E+00  0.00000E+00  0.00000E+00  0.00000E+00  0.00000E+00  0.00000E+00  0.00000E+00  0.00000E+00  0.00000E+00  0.00000E+00  0.00000E+00  0.00000E+00  0.00000E+00  0.00000E+00  0.00000E+00
 OMEGA(3,3)    8.51113E-03 -3.14145E-02 -1.76351E-02 -3.15518E-01 -2.99192E-01 -3.99598E-02 -2.36514E-03 -6.62208E-02  0.00000E+00  0.00000E+00  6.30321E-02  0.00000E+00  0.00000E+00  0.00000E+00  0.00000E+00
 OMEGA(4,1)    0.00000E+00  0.00000E+00  0.00000E+00  0.00000E+00  0.00000E+00  0.00000E+00  0.00000E+00  0.00000E+00  0.00000E+00  0.00000E+00  0.00000E+00  0.00000E+00  0.00000E+00  0.00000E+00  0.00000E+00
 OMEGA(4,2)    0.00000E+00  0.00000E+00  0.00000E+00  0.00000E+00  0.00000E+00  0.00000E+00  0.00000E+00  0.00000E+00  0.00000E+00  0.00000E+00  0.00000E+00  0.00000E+00  0.00000E+00  0.00000E+00  0.00000E+00
 OMEGA(4,3)    0.00000E+00  0.00000E+00  0.00000E+00  0.00000E+00  0.00000E+00  0.00000E+00  0.00000E+00  0.00000E+00  0.00000E+00  0.00000E+00  0.00000E+00  0.00000E+00  0.00000E+00  0.00000E+00  0.00000E+00
 OMEGA(4,4)    0.00000E+00  0.00000E+00  0.00000E+00  0.00000E+00  0.00000E+00  0.00000E+00  0.00000E+00  0.00000E+00  0.00000E+00  0.00000E+00  0.00000E+00  0.00000E+00  0.00000E+00  0.00000E+00  0.00000E+00
TABLE NO.     2: Objective Function Evaluation by Importance Sampling: Problem=1 Subproblem=0 Superproblem1=0 Iteration1=0 Superproblem2=0 Iteration2=0
 NAME         THETA1       THETA2       THETA3       THETA4       SIGMA(1,1)   OMEGA(1,1)   OMEGA(2,1)   OMEGA(2,2)   OMEGA(3,1)   OMEGA(3,2)   OMEGA(3,3)   OMEGA(4,1)   OMEGA(4,2)   OMEGA(4,3)   OMEGA(4,4)
 THETA1        1.42400E-01  6.14501E-01 -3.59132E-01 -1.07397E-01 -1.99293E-01 -2.35856E-01  3.30373E-01  5.20647E-01  0.00000E+00  0.00000E+00  1.19480E-01  0.00000E+00  0.00000E+00  0.00000E+00  0.00000E+00
 THETA2        6.14501E-01  1.19333E-01 -3.77223E-01  9.34890E-02 -1.18888E-01 -2.54995E-01 -3.79944E-02  2.78367E-01  0.00000E+00  0.00000E+00  7.15838E-02  0.00000E+00  0.00000E+00  0.00000E+00  0.00000E+00
 THETA3       -3.59132E-01 -3.77223E-01  1.35773E-01  1.89406E-01  1.36160E-01  4.56300E-02 -2.40077E-01 -3.86194E-01  0.00000E+00  0.00000E+00 -2.11864E-01  0.00000E+00  0.00000E+00  0.00000E+00  0.00000E+00
 THETA4       -1.07397E-01  9.34890E-02  1.89406E-01  7.13222E-02  1.86686E-01  7.69699E-02 -1.12232E-01 -1.52734E-01  0.00000E+00  0.00000E+00 -3.48853E-01  0.00000E+00  0.00000E+00  0.00000E+00  0.00000E+00
 SIGMA(1,1)   -1.99293E-01 -1.18888E-01  1.36160E-01  1.86686E-01  7.91211E-01  9.49534E-02 -1.89535E-01 -3.27928E-01  0.00000E+00  0.00000E+00 -3.83504E-01  0.00000E+00  0.00000E+00  0.00000E+00  0.00000E+00
 OMEGA(1,1)   -2.35856E-01 -2.54995E-01  4.56300E-02  7.69699E-02  9.49534E-02  1.40174E-01  3.43458E-01 -1.43968E-01  0.00000E+00  0.00000E+00 -7.11108E-02  0.00000E+00  0.00000E+00  0.00000E+00  0.00000E+00
 OMEGA(2,1)    3.30373E-01 -3.79944E-02 -2.40077E-01 -1.12232E-01 -1.89535E-01  3.43458E-01  1.11623E-01  6.75457E-01  0.00000E+00  0.00000E+00  1.01571E-01  0.00000E+00  0.00000E+00  0.00000E+00  0.00000E+00
 OMEGA(2,2)    5.20647E-01  2.78367E-01 -3.86194E-01 -1.52734E-01 -3.27928E-01 -1.43968E-01  6.75457E-01  1.43858E-01  0.00000E+00  0.00000E+00  9.03226E-02  0.00000E+00  0.00000E+00  0.00000E+00  0.00000E+00
 OMEGA(3,1)    0.00000E+00  0.00000E+00  0.00000E+00  0.00000E+00  0.00000E+00  0.00000E+00  0.00000E+00  0.00000E+00  0.00000E+00  0.00000E+00  0.00000E+00  0.00000E+00  0.00000E+00  0.00000E+00  0.00000E+00
 OMEGA(3,2)    0.00000E+00  0.00000E+00  0.00000E+00  0.00000E+00  0.00000E+00  0.00000E+00  0.00000E+00  0.00000E+00  0.00000E+00  0.00000E+00  0.00000E+00  0.00000E+00  0.00000E+00  0.00000E+00  0.00000E+00
 OMEGA(3,3)    1.19480E-01  7.15838E-02 -2.11864E-01 -3.48853E-01 -3.83504E-01 -7.11108E-02  1.01571E-01  9.03226E-02  0.00000E+00  0.00000E+00  6.64344E-02  0.00000E+00  0.00000E+00  0.00000E+00  0.00000E+00
 OMEGA(4,1)    0.00000E+00  0.00000E+00  0.00000E+00  0.00000E+00  0.00000E+00  0.00000E+00  0.00000E+00  0.00000E+00  0.00000E+00  0.00000E+00  0.00000E+00  0.00000E+00  0.00000E+00  0.00000E+00  0.00000E+00
 OMEGA(4,2)    0.00000E+00  0.00000E+00  0.00000E+00  0.00000E+00  0.00000E+00  0.00000E+00  0.00000E+00  0.00000E+00  0.00000E+00  0.00000E+00  0.00000E+00  0.00000E+00  0.00000E+00  0.00000E+00  0.00000E+00
 OMEGA(4,3)    0.00000E+00  0.00000E+00  0.00000E+00  0.00000E+00  0.00000E+00  0.00000E+00  0.00000E+00  0.00000E+00  0.00000E+00  0.00000E+00  0.00000E+00  0.00000E+00  0.00000E+00  0.00000E+00  0.00000E+00
 OMEGA(4,4)    0.00000E+00  0.00000E+00  0.00000E+00  0.00000E+00  0.00000E+00  0.00000E+00  0.00000E+00  0.00000E+00  0.00000E+00  0.00000E+00  0.00000E+00  0.00000E+00  0.00000E+00  0.00000E+00  0.00000E+00
