TABLE NO.     1: Importance Sampling: Problem=1 Subproblem=0 Superproblem1=0 Iteration1=0 Superproblem2=0 Iteration2=0
 NAME         THETA1       THETA2       THETA3       THETA4       SIGMA(1,1)   OMEGA(1,1)   OMEGA(2,1)   OMEGA(2,2)   OMEGA(3,1)   OMEGA(3,2)   OMEGA(3,3)   OMEGA(4,1)   OMEGA(4,2)   OMEGA(4,3)   OMEGA(4,4)
 THETA1        1.11672E+02 -7.56650E+01  5.26600E+00  2.13555E+01  3.31229E-01  2.25692E+01 -5.45646E+01 -6.11300E+00  0.00000E+00  0.00000E+00  3.49605E+00  0.00000E+00  0.00000E+00  0.00000E+00  0.00000E+00
 THETA2       -7.56650E+01  1.51713E+02  3.40014E+01 -4.57205E+01 -3.79141E-01 -9.78209E+00  8.17402E+01 -2.30384E+01  0.00000E+00  0.00000E+00 -1.06420E+01  0.00000E+00  0.00000E+00  0.00000E+00  0.00000E+00
 THETA3        5.26600E+00  3.40014E+01 -5.72713E+01 -2.81210E+01  1.04921E+00  1.93473E+01 -1.53823E+00  2.96138E+01  0.00000E+00  0.00000E+00  1.78630E+00  0.00000E+00  0.00000E+00  0.00000E+00  0.00000E+00
 THETA4        2.13555E+01 -4.57205E+01 -2.81210E+01  2.49846E+02 -8.07230E-01 -6.97232E+00 -1.18280E+01  1.63978E+01  0.00000E+00  0.00000E+00  8.22451E+01  0.00000E+00  0.00000E+00  0.00000E+00  0.00000E+00
 SIGMA(1,1)    3.31229E-01 -3.79141E-01  1.04921E+00 -8.07230E-01  2.16462E+00  5.03573E-01 -2.62309E+00  5.04924E+00  0.00000E+00  0.00000E+00  8.11176E+00  0.00000E+00  0.00000E+00  0.00000E+00  0.00000E+00
 OMEGA(1,1)    2.25692E+01 -9.78209E+00  1.93473E+01 -6.97232E+00  5.03573E-01  9.68133E+01 -9.84780E+01  5.35678E+01  0.00000E+00  0.00000E+00  1.33533E+01  0.00000E+00  0.00000E+00  0.00000E+00  0.00000E+00
 OMEGA(2,1)   -5.45646E+01  8.17402E+01 -1.53823E+00 -1.18280E+01 -2.62309E+00 -9.84780E+01  2.77968E+02 -1.49628E+02  0.00000E+00  0.00000E+00 -3.44274E+01  0.00000E+00  0.00000E+00  0.00000E+00  0.00000E+00
 OMEGA(2,2)   -6.11300E+00 -2.30384E+01  2.96138E+01  1.63978E+01  5.04924E+00  5.35678E+01 -1.49628E+02  1.62993E+02  0.00000E+00  0.00000E+00  4.75177E+01  0.00000E+00  0.00000E+00  0.00000E+00  0.00000E+00
 OMEGA(3,1)    0.00000E+00  0.00000E+00  0.00000E+00  0.00000E+00  0.00000E+00  0.00000E+00  0.00000E+00  0.00000E+00  0.00000E+00  0.00000E+00  0.00000E+00  0.00000E+00  0.00000E+00  0.00000E+00  0.00000E+00
 OMEGA(3,2)    0.00000E+00  0.00000E+00  0.00000E+00  0.00000E+00  0.00000E+00  0.00000E+00  0.00000E+00  0.00000E+00  0.00000E+00  0.00000E+00  0.00000E+00  0.00000E+00  0.00000E+00  0.00000E+00  0.00000E+00
 OMEGA(3,3)    3.49605E+00 -1.06420E+01  1.78630E+00  8.22451E+01  8.11176E+00  1.33533E+01 -3.44274E+01  4.75177E+01  0.00000E+00  0.00000E+00  3.15732E+02  0.00000E+00  0.00000E+00  0.00000E+00  0.00000E+00
 OMEGA(4,1)    0.00000E+00  0.00000E+00  0.00000E+00  0.00000E+00  0.00000E+00  0.00000E+00  0.00000E+00  0.00000E+00  0.00000E+00  0.00000E+00  0.00000E+00  0.00000E+00  0.00000E+00  0.00000E+00  0.00000E+00
 OMEGA(4,2)    0.00000E+00  0.00000E+00  0.00000E+00  0.00000E+00  0.00000E+00  0.00000E+00  0.00000E+00  0.00000E+00  0.00000E+00  0.00000E+00  0.00000E+00  0.00000E+00  0.00000E+00  0.00000E+00  0.00000E+00
 OMEGA(4,3)    0.00000E+00  0.00000E+00  0.00000E+00  0.00000E+00  0.00000E+00  0.00000E+00  0.00000E+00  0.00000E+00  0.00000E+00  0.00000E+00  0.00000E+00  0.00000E+00  0.00000E+00  0.00000E+00  0.00000E+00
 OMEGA(4,4)    0.00000E+00  0.00000E+00  0.00000E+00  0.00000E+00  0.00000E+00  0.00000E+00  0.00000E+00  0.00000E+00  0.00000E+00  0.00000E+00  0.00000E+00  0.00000E+00  0.00000E+00  0.00000E+00  0.00000E+00
TABLE NO.     2: Objective Function Evaluation by Importance Sampling: Problem=1 Subproblem=0 Superproblem1=0 Iteration1=0 Superproblem2=0 Iteration2=0
 NAME         THETA1       THETA2       THETA3       THETA4       SIGMA(1,1)   OMEGA(1,1)   OMEGA(2,1)   OMEGA(2,2)   OMEGA(3,1)   OMEGA(3,2)   OMEGA(3,3)   OMEGA(4,1)   OMEGA(4,2)   OMEGA(4,3)   OMEGA(4,4)
 THETA1        1.12601E+02 -7.56273E+01  7.93154E-01  2.15873E+01  1.67967E-01  2.22895E+01 -5.07108E+01 -8.79513E+00  0.00000E+00  0.00000E+00  3.80154E+00  0.00000E+00  0.00000E+00  0.00000E+00  0.00000E+00
 THETA2       -7.56273E+01  1.49874E+02  2.80716E+01 -4.89591E+01  1.65812E-01 -8.52762E+00  7.02013E+01 -2.62360E+01  0.00000E+00  0.00000E+00 -1.34558E+01  0.00000E+00  0.00000E+00  0.00000E+00  0.00000E+00
 THETA3        7.93154E-01  2.80716E+01  7.57178E+01 -2.08127E+01  9.66884E-01  6.99754E+00  2.47137E-01  2.07875E+01  0.00000E+00  0.00000E+00  2.25357E+01  0.00000E+00  0.00000E+00  0.00000E+00  0.00000E+00
 THETA4        2.15873E+01 -4.89591E+01 -2.08127E+01  2.46130E+02 -6.74112E-01 -4.79927E+00 -1.54747E+01  1.41152E+01  0.00000E+00  0.00000E+00  8.00167E+01  0.00000E+00  0.00000E+00  0.00000E+00  0.00000E+00
 SIGMA(1,1)    1.67967E-01  1.65812E-01  9.66884E-01 -6.74112E-01  2.10986E+00  3.40029E-01 -1.60312E+00  4.48661E+00  0.00000E+00  0.00000E+00  9.18553E+00  0.00000E+00  0.00000E+00  0.00000E+00  0.00000E+00
 OMEGA(1,1)    2.22895E+01 -8.52762E+00  6.99754E+00 -4.79927E+00  3.40029E-01  8.83049E+01 -9.38163E+01  5.41368E+01  0.00000E+00  0.00000E+00  1.68453E+01  0.00000E+00  0.00000E+00  0.00000E+00  0.00000E+00
 OMEGA(2,1)   -5.07108E+01  7.02013E+01  2.47137E-01 -1.54747E+01 -1.60312E+00 -9.38163E+01  2.74045E+02 -1.49139E+02  0.00000E+00  0.00000E+00 -4.07255E+01  0.00000E+00  0.00000E+00  0.00000E+00  0.00000E+00
 OMEGA(2,2)   -8.79513E+00 -2.62360E+01  2.07875E+01  1.41152E+01  4.48661E+00  5.41368E+01 -1.49139E+02  1.59625E+02  0.00000E+00  0.00000E+00  4.27597E+01  0.00000E+00  0.00000E+00  0.00000E+00  0.00000E+00
 OMEGA(3,1)    0.00000E+00  0.00000E+00  0.00000E+00  0.00000E+00  0.00000E+00  0.00000E+00  0.00000E+00  0.00000E+00  0.00000E+00  0.00000E+00  0.00000E+00  0.00000E+00  0.00000E+00  0.00000E+00  0.00000E+00
 OMEGA(3,2)    0.00000E+00  0.00000E+00  0.00000E+00  0.00000E+00  0.00000E+00  0.00000E+00  0.00000E+00  0.00000E+00  0.00000E+00  0.00000E+00  0.00000E+00  0.00000E+00  0.00000E+00  0.00000E+00  0.00000E+00
 OMEGA(3,3)    3.80154E+00 -1.34558E+01  2.25357E+01  8.00167E+01  9.18553E+00  1.68453E+01 -4.07255E+01  4.27597E+01  0.00000E+00  0.00000E+00  3.10126E+02  0.00000E+00  0.00000E+00  0.00000E+00  0.00000E+00
 OMEGA(4,1)    0.00000E+00  0.00000E+00  0.00000E+00  0.00000E+00  0.00000E+00  0.00000E+00  0.00000E+00  0.00000E+00  0.00000E+00  0.00000E+00  0.00000E+00  0.00000E+00  0.00000E+00  0.00000E+00  0.00000E+00
 OMEGA(4,2)    0.00000E+00  0.00000E+00  0.00000E+00  0.00000E+00  0.00000E+00  0.00000E+00  0.00000E+00  0.00000E+00  0.00000E+00  0.00000E+00  0.00000E+00  0.00000E+00  0.00000E+00  0.00000E+00  0.00000E+00
 OMEGA(4,3)    0.00000E+00  0.00000E+00  0.00000E+00  0.00000E+00  0.00000E+00  0.00000E+00  0.00000E+00  0.00000E+00  0.00000E+00  0.00000E+00  0.00000E+00  0.00000E+00  0.00000E+00  0.00000E+00  0.00000E+00
 OMEGA(4,4)    0.00000E+00  0.00000E+00  0.00000E+00  0.00000E+00  0.00000E+00  0.00000E+00  0.00000E+00  0.00000E+00  0.00000E+00  0.00000E+00  0.00000E+00  0.00000E+00  0.00000E+00  0.00000E+00  0.00000E+00
