TABLE NO.     1: First Order Conditional Estimation with Interaction: Problem=1 Subproblem=0 Superproblem1=0 Iteration1=0 Superproblem2=0 Iteration2=0
 NAME         THETA1       THETA2       THETA3       THETA4       SIGMA(1,1)   OMEGA(1,1)   OMEGA(2,1)   OMEGA(2,2)   OMEGA(3,1)   OMEGA(3,2)   OMEGA(3,3)
 THETA1        1.46920E-02 -1.15397E-05  2.36937E-05 -2.57351E-05  3.23979E-05 -3.89017E-04  0.00000E+00 -4.05863E-04  0.00000E+00 -3.78577E-04 -4.68518E-04
 THETA2       -1.15397E-05  1.22481E-05  2.95268E-06 -1.39242E-05  1.39021E-05  5.10941E-06  0.00000E+00 -7.45214E-06  0.00000E+00 -5.68825E-06 -1.45618E-05
 THETA3        2.36937E-05  2.95268E-06  5.84495E-06 -2.32454E-05  3.34608E-05  6.68246E-06  0.00000E+00 -3.58298E-06  0.00000E+00 -6.97743E-06 -2.09042E-05
 THETA4       -2.57351E-05 -1.39242E-05 -2.32454E-05  2.74440E-04 -3.59788E-04 -5.41785E-05  0.00000E+00  7.70426E-05  0.00000E+00  1.07353E-04  2.25781E-04
 SIGMA(1,1)    3.23979E-05  1.39021E-05  3.34608E-05 -3.59788E-04  5.05562E-04  7.09405E-05  0.00000E+00 -6.33281E-05  0.00000E+00 -1.11343E-04 -2.63948E-04
 OMEGA(1,1)   -3.89017E-04  5.10941E-06  6.68246E-06 -5.41785E-05  7.09405E-05  3.20144E-04  0.00000E+00  3.95585E-06  0.00000E+00 -3.38613E-05 -6.82915E-05
 OMEGA(2,1)    0.00000E+00  0.00000E+00  0.00000E+00  0.00000E+00  0.00000E+00  0.00000E+00  0.00000E+00  0.00000E+00  0.00000E+00  0.00000E+00  0.00000E+00
 OMEGA(2,2)   -4.05863E-04 -7.45214E-06 -3.58298E-06  7.70426E-05 -6.33281E-05  3.95585E-06  0.00000E+00  3.68107E-04  0.00000E+00  2.22455E-04  2.05008E-04
 OMEGA(3,1)    0.00000E+00  0.00000E+00  0.00000E+00  0.00000E+00  0.00000E+00  0.00000E+00  0.00000E+00  0.00000E+00  0.00000E+00  0.00000E+00  0.00000E+00
 OMEGA(3,2)   -3.78577E-04 -5.68825E-06 -6.97743E-06  1.07353E-04 -1.11343E-04 -3.38613E-05  0.00000E+00  2.22455E-04  0.00000E+00  3.59944E-04  2.94975E-04
 OMEGA(3,3)   -4.68518E-04 -1.45618E-05 -2.09042E-05  2.25781E-04 -2.63948E-04 -6.82915E-05  0.00000E+00  2.05008E-04  0.00000E+00  2.94975E-04  5.46642E-04
