TABLE NO.     1: First Order Conditional Estimation with Interaction: Problem=1 Subproblem=0 Superproblem1=0 Iteration1=0 Superproblem2=0 Iteration2=0
 NAME         THETA1       THETA2       THETA3       THETA4       SIGMA(1,1)   OMEGA(1,1)   OMEGA(2,1)   OMEGA(2,2)   OMEGA(3,1)   OMEGA(3,2)   OMEGA(3,3)
 THETA1        7.59211E+01  1.45758E+02 -5.00077E+02 -1.99796E+02 -8.25969E+01  1.02119E+02  0.00000E+00  5.37479E+01  0.00000E+00  2.36168E+01  7.23265E+01
 THETA2        1.45758E+02  1.04154E+05 -6.37350E+04  2.68299E+04  1.99894E+04 -2.90098E+02  0.00000E+00  4.58011E+02  0.00000E+00 -1.07885E+03 -5.93365E+02
 THETA3       -5.00077E+02 -6.37350E+04  3.25509E+05 -3.10713E+04 -3.93740E+04 -2.02623E+03  0.00000E+00 -4.24164E+02  0.00000E+00 -2.47882E+03  5.38652E+03
 THETA4       -1.99796E+02  2.68299E+04 -3.10713E+04  8.01595E+04  5.48719E+04  2.21078E+02  0.00000E+00 -4.08840E+03  0.00000E+00 -1.89384E+02 -5.59500E+03
 SIGMA(1,1)   -8.25969E+01  1.99894E+04 -3.93740E+04  5.48719E+04  4.13579E+04 -5.32849E+00  0.00000E+00 -2.87609E+03  0.00000E+00 -2.67566E+02 -2.51573E+03
 OMEGA(1,1)    1.02119E+02 -2.90098E+02 -2.02623E+03  2.21078E+02 -5.32849E+00  3.43363E+03  0.00000E+00 -3.34651E+02  0.00000E+00  2.62567E+02  3.21205E+02
 OMEGA(2,1)    0.00000E+00  0.00000E+00  0.00000E+00  0.00000E+00  0.00000E+00  0.00000E+00  0.00000E+00  0.00000E+00  0.00000E+00  0.00000E+00  0.00000E+00
 OMEGA(2,2)    5.37479E+01  4.58011E+02 -4.24164E+02 -4.08840E+03 -2.87609E+03 -3.34651E+02  0.00000E+00  4.69454E+03  0.00000E+00 -2.42165E+03 -1.53692E+02
 OMEGA(3,1)    0.00000E+00  0.00000E+00  0.00000E+00  0.00000E+00  0.00000E+00  0.00000E+00  0.00000E+00  0.00000E+00  0.00000E+00  0.00000E+00  0.00000E+00
 OMEGA(3,2)    2.36168E+01 -1.07885E+03 -2.47882E+03 -1.89384E+02 -2.67566E+02  2.62567E+02  0.00000E+00 -2.42165E+03  0.00000E+00  6.43307E+03 -2.68463E+03
 OMEGA(3,3)    7.23265E+01 -5.93365E+02  5.38652E+03 -5.59500E+03 -2.51573E+03  3.21205E+02  0.00000E+00 -1.53692E+02  0.00000E+00 -2.68463E+03  4.72414E+03
