TABLE NO.     1: MCMC Bayesian Analysis: Problem=1 Subproblem=0 Superproblem1=0 Iteration1=0 Superproblem2=0 Iteration2=0
 NAME         THETA1       THETA2       THETA3       THETA4       THETA5       THETA6       THETA7       THETA8       SIGMA(1,1)   SIGMA(2,1)   SIGMA(2,2)   OMEGA(1,1)   OMEGA(2,1)   OMEGA(2,2)   OMEGA(3,1)   OMEGA(3,2)   OMEGA(3,3)   OMEGA(4,1)   OMEGA(4,2)   OMEGA(4,3)   OMEGA(4,4)   OMEGA(5,1)   OMEGA(5,2)   OMEGA(5,3)   OMEGA(5,4)   OMEGA(5,5)   OMEGA(6,1)   OMEGA(6,2)   OMEGA(6,3)   OMEGA(6,4)   OMEGA(6,5)   OMEGA(6,6)   OMEGA(7,1)   OMEGA(7,2)   OMEGA(7,3)   OMEGA(7,4)   OMEGA(7,5)   OMEGA(7,6)   OMEGA(7,7)   OMEGA(8,1)   OMEGA(8,2)   OMEGA(8,3)   OMEGA(8,4)   OMEGA(8,5)   OMEGA(8,6)   OMEGA(8,7)   OMEGA(8,8)
 THETA1        2.18103E+02  5.74422E+01 -2.30662E+01 -2.04526E+01 -2.71305E+01 -2.32527E+00  7.64421E+00 -8.87506E+01  3.93781E+02  0.00000E+00 -1.92036E+02  9.92549E-01 -4.04792E+00  1.45390E+01  6.64436E+00  4.04428E+00 -1.60544E+01  8.42928E-01  7.63661E+00  9.98854E+00  6.94259E+00  5.21516E+00 -2.12021E+00 -4.91455E+00 -5.56804E+00  4.20968E+00 -7.30921E+00 -4.64421E-01 -1.09780E+01 -4.80314E+00  1.14740E+01  4.04285E+00 -8.91737E+00 -2.03309E+01 -1.22120E+01 -7.84481E-01 -5.55016E-01  5.01870E+00 -1.05025E+01 -7.48382E+00 -5.56570E+00  9.00089E+00 -8.89800E+00  8.42012E+00  9.07800E+00  1.99234E+01  3.84116E+00
 THETA2        5.74422E+01  2.31103E+02  5.52811E+00 -2.08284E+01 -2.92928E+01 -1.13720E+01  6.80520E+01 -9.16804E+01  2.46963E+02  0.00000E+00  6.14832E+01 -7.78325E+00 -8.19900E+00  3.95713E+01 -8.08279E+00 -2.28034E+01 -5.59006E+00  2.21749E+01  3.42978E+01 -2.95908E+00 -5.83605E+00 -2.80893E+00  2.76493E+00  8.75139E+00 -3.88682E+00  5.61837E-01 -5.79019E+00 -8.49213E+00  3.20333E-01 -1.29879E+00  6.49722E+00  2.40966E+00 -1.96384E+01 -7.44069E+01 -1.38100E+01  1.72977E+01  8.68574E+00  9.95550E+00 -1.78942E+01  1.37022E+01 -6.39878E+00  5.64240E+00 -2.22806E+01  4.25263E+00  1.38706E+01  4.90233E+01 -7.48626E+00
 THETA3       -2.30662E+01  5.52811E+00  3.17333E+02 -1.84293E-01  2.31302E+00 -1.89865E+01 -2.69537E+01 -5.48469E+01 -9.99426E+01  0.00000E+00 -1.03902E+01  6.01203E+00 -1.25556E+01 -4.77713E+00 -2.84315E+01 -7.41461E+00  4.82947E+01  2.55173E+01  1.33565E+00 -7.26442E+01 -3.48601E+01  6.81894E+00  2.32844E+00  2.27611E+01 -4.33082E+00  3.65826E+00  1.23430E+01 -7.41013E+00 -5.71258E+00  2.32069E+01 -6.07549E+00  4.03209E+00 -6.31519E+00  1.73700E-01 -3.68485E+00  4.59113E+00  2.03989E+00 -5.35931E+00  2.89024E+00  8.12380E+00  7.93093E+00 -6.17017E+00  2.71874E+01 -1.07255E+01 -1.12447E+01  1.15632E+01 -1.16782E+01
 THETA4       -2.04526E+01 -2.08284E+01 -1.84293E-01  2.17727E+02  1.89799E+01 -2.08390E+01  7.38498E+01 -5.60765E+01 -1.16776E+02  0.00000E+00  7.32785E+00 -4.08797E+00 -1.12072E+01 -3.64493E+00  1.17399E+00 -2.08275E+00  1.85324E+01 -6.94737E+00 -7.46399E+00 -1.12671E+01 -1.42401E+01  1.21353E+00 -9.28490E+00 -1.74597E+00 -5.40113E+00 -2.02370E+00  2.10904E+00 -5.76196E+00 -5.44266E+00  7.11949E+00  1.41319E+00 -5.58708E-01 -7.88941E+00  1.71448E+00  7.83559E+00 -4.74092E+00 -4.69243E+00 -2.27542E+00 -3.06826E+00  1.51452E+01 -2.79737E+00 -1.92118E+01  2.44631E+01  9.69187E+00  3.14367E+00  3.62585E+00 -4.15434E+00
 THETA5       -2.71305E+01 -2.92928E+01  2.31302E+00  1.89799E+01  2.51260E+02  5.10218E+01 -3.29052E+01  2.28470E+01 -4.36729E+02  0.00000E+00  1.79622E+02 -1.40769E+00  8.97492E-01 -8.13077E+00 -2.73348E+00  8.45317E-01  7.05232E-01  1.86934E+00 -5.16113E+00  4.41642E-01 -6.20586E+00 -7.73177E+00 -4.07626E+00  3.24457E+00  1.11575E+00  9.87517E+00 -8.39491E+00  9.08642E+00  7.95641E+00 -9.95789E+00 -4.09019E+00 -8.50446E+00 -5.98072E+00  1.21258E+01  2.28544E+00 -3.48048E+00  6.72965E+00  5.15587E+00  1.44179E+00  1.01093E+01  1.65272E+01  2.40011E+00  1.22219E+00 -1.20761E+01 -1.62188E+01 -1.17861E+00 -1.63563E+01
 THETA6       -2.32527E+00 -1.13720E+01 -1.89865E+01 -2.08390E+01  5.10218E+01  1.96864E+02 -2.96292E+01  6.06566E+01 -1.20839E+02  0.00000E+00  7.01876E+01 -1.25915E+00  1.14484E+01 -5.47396E+00  4.01835E+00 -7.46476E+00 -6.60796E+00  2.42982E+00 -4.24808E+00  1.08675E+01  1.13423E+00 -1.65480E+01  3.64796E-01 -2.58149E+00 -4.55037E+00  1.27432E+01 -6.40689E+00  1.82246E+01 -1.66138E+00 -2.11639E+01 -4.22014E+00 -8.49919E+00  2.87819E+00  6.70772E+00 -1.03045E+00 -9.28410E+00  2.92648E+00  1.16610E+01 -2.61715E+00  2.14550E+00  1.17067E+01 -1.08145E+00 -4.90001E+00 -3.79464E+00 -1.51673E+01  4.31939E+00 -1.00278E+01
 THETA7        7.64421E+00  6.80520E+01 -2.69537E+01  7.38498E+01 -3.29052E+01 -2.96292E+01  2.71501E+02 -1.00168E+02  2.04893E+02  0.00000E+00 -1.66144E+02 -5.21753E+00 -5.41171E+00  9.23601E+00  4.08692E+00 -7.64535E+00  4.14308E+00 -7.91395E+00  7.91179E+00  1.28468E+01 -2.26001E+00 -3.25066E-01 -1.03147E+01 -4.93353E+00  3.11797E+00 -3.24920E+00  4.72147E+00 -1.17624E+01 -4.08069E+00 -3.78095E-01  2.49012E+00  2.98408E+00 -6.31539E+00 -1.89276E+01  3.67582E+00  6.27231E-01  2.47872E+00 -2.45726E+00 -2.85780E+00  1.11671E+01 -1.05676E+01 -1.64163E-01 -4.74391E+00  9.09039E+00  1.04250E+01  4.45490E+00  4.30652E+00
 THETA8       -8.87506E+01 -9.16804E+01 -5.48469E+01 -5.60765E+01  2.28470E+01  6.06566E+01 -1.00168E+02  3.14490E+02 -4.14035E+02  0.00000E+00  1.24846E+02  4.84675E+00  1.36948E+01 -2.17631E+01  5.67210E-01  2.08559E+00 -1.43892E+01 -1.49900E+01 -1.71375E+01  3.57328E+00  1.12170E+01 -9.80388E+00  3.26580E+00 -1.23641E+01  4.57982E+00  1.39487E+00 -1.64334E+00  1.11894E+01 -2.70357E-01 -1.26686E+01 -2.30454E+00 -1.02636E+00  1.71167E+01  3.83386E+01  6.38902E+00 -2.12280E+00 -3.25285E+00 -7.29225E+00  1.29980E+01 -4.40521E+00  9.81850E+00  2.80804E+00 -3.83407E+00 -4.61015E+00 -6.24550E+00 -3.83446E+01 -3.59985E+00
 SIGMA(1,1)    3.93781E+02  2.46963E+02 -9.99426E+01 -1.16776E+02 -4.36729E+02 -1.20839E+02  2.04893E+02 -4.14035E+02  2.55222E+06  0.00000E+00  5.94535E+04 -9.60805E+02 -1.05345E+03  1.38110E+03  6.95020E+02  5.95971E+02  1.12796E+03 -1.80438E+02 -1.45447E+03  3.84124E+02  2.75107E+02  9.49162E+02 -7.11240E+01 -1.12548E+03  8.03203E+02 -5.33751E+02  1.57208E+02 -3.12357E+02 -1.60329E+02  1.23651E+03 -9.07989E+02 -1.03609E+03 -1.85717E+02 -9.28791E+02  5.23567E+02 -6.41857E+02 -7.12477E+02  2.31915E+02 -3.18023E+02  1.20332E+03 -3.01160E+02  3.68152E+02  1.31430E+03 -1.36294E+02 -4.43554E+02  3.02294E+02  3.24656E+02
 SIGMA(2,1)    0.00000E+00  0.00000E+00  0.00000E+00  0.00000E+00  0.00000E+00  0.00000E+00  0.00000E+00  0.00000E+00  0.00000E+00  0.00000E+00  0.00000E+00  0.00000E+00  0.00000E+00  0.00000E+00  0.00000E+00  0.00000E+00  0.00000E+00  0.00000E+00  0.00000E+00  0.00000E+00  0.00000E+00  0.00000E+00  0.00000E+00  0.00000E+00  0.00000E+00  0.00000E+00  0.00000E+00  0.00000E+00  0.00000E+00  0.00000E+00  0.00000E+00  0.00000E+00  0.00000E+00  0.00000E+00  0.00000E+00  0.00000E+00  0.00000E+00  0.00000E+00  0.00000E+00  0.00000E+00  0.00000E+00  0.00000E+00  0.00000E+00  0.00000E+00  0.00000E+00  0.00000E+00  0.00000E+00
 SIGMA(2,2)   -1.92036E+02  6.14832E+01 -1.03902E+01  7.32785E+00  1.79622E+02  7.01876E+01 -1.66144E+02  1.24846E+02  5.94535E+04  0.00000E+00  7.10783E+05  2.12262E+02  5.00475E+00 -3.74683E+02 -6.80999E+02 -4.89182E+02  7.60267E+02  1.11468E+02  1.78212E+02  7.30725E+02  5.34810E+01 -1.32571E+02  5.45076E+02 -1.74759E+01 -6.42475E+01 -1.36841E+02  5.01925E+02  4.52964E+02 -6.98400E+02 -4.60148E+02  2.86806E+02  7.27009E+02  6.17105E+01 -4.71449E+02  3.21120E+02  5.00390E+01  3.88664E+02  3.84805E+02 -3.34311E+02  1.20152E+02  6.01390E+02 -1.07110E+02 -8.17795E+02  7.17381E+00  4.33774E+01  1.75603E+02  4.37286E+01
 OMEGA(1,1)    9.92549E-01 -7.78325E+00  6.01203E+00 -4.08797E+00 -1.40769E+00 -1.25915E+00 -5.21753E+00  4.84675E+00 -9.60805E+02  0.00000E+00  2.12262E+02  4.54465E+02  2.83728E+02  4.65572E+01 -1.05262E+02 -4.26977E+01 -5.75704E+00 -7.54603E+01 -1.80888E+01  1.92353E+01 -4.00258E+00 -1.39759E+02 -5.06009E+01  2.51214E+01  1.23082E+01  2.04669E+00 -5.00590E+01 -3.09035E+01  2.38088E+01  1.77176E+01  2.80421E+00 -1.12819E+01  5.33979E+01  1.20161E+01 -1.15405E+01 -1.44201E+01 -2.54471E+01 -1.57770E+01 -4.95028E+00 -4.25007E+02 -1.38747E+02  7.83078E+01  4.09712E+01  6.65966E+01  1.86903E+01 -2.91362E+01  9.27151E+01
 OMEGA(2,1)   -4.04792E+00 -8.19900E+00 -1.25556E+01 -1.12072E+01  8.97492E-01  1.14484E+01 -5.41171E+00  1.36948E+01 -1.05345E+03  0.00000E+00  5.00475E+00  2.83728E+02  1.22644E+03  4.20301E+02  2.80706E+01 -1.16067E+02 -2.10494E+01 -8.52292E+01 -5.90238E+01 -7.84830E+00 -2.55821E+01 -2.16354E+02 -2.84381E+02  2.47175E+01  1.85168E+01  4.77234E+01 -1.39106E+02 -1.82176E+02  2.24642E-01  2.46430E+01  4.50657E+01  8.74195E+00  3.57760E+02  2.35643E+02 -4.49260E+01 -4.54405E+01 -8.38875E+01 -6.50722E+01  3.16813E+01 -6.68826E+02 -7.78636E+02  4.56607E+01  7.26372E+01  2.06828E+02  1.40849E+02 -2.27328E+02  2.78127E+02
 OMEGA(2,2)    1.45390E+01  3.95713E+01 -4.77713E+00 -3.64493E+00 -8.13077E+00 -5.47396E+00  9.23601E+00 -2.17631E+01  1.38110E+03  0.00000E+00 -3.74683E+02  4.65572E+01  4.20301E+02  6.85746E+02  5.55266E+01  1.30286E+02 -1.34371E+01 -5.55973E-01 -7.25275E+01 -1.25052E+01 -2.83017E+01 -8.66066E+01 -2.67379E+02 -4.10744E+01  2.55010E-01  1.90547E+01 -9.50821E+01 -2.32560E+02 -4.42466E+01 -2.95517E+00  4.80339E+01  2.43206E+01  1.37250E+02  4.48441E+02  2.82959E+01 -4.92606E+01 -8.44133E+01 -6.99072E+01  5.58370E+01 -2.39474E+02 -7.54686E+02 -1.00533E+02  5.30232E+01  1.87104E+02  1.88292E+02 -2.18065E+02  2.22999E+02
 OMEGA(3,1)    6.64436E+00 -8.08279E+00 -2.84315E+01  1.17399E+00 -2.73348E+00  4.01835E+00  4.08692E+00  5.67210E-01  6.95020E+02  0.00000E+00 -6.80999E+02 -1.05262E+02  2.80706E+01  5.55266E+01  1.41514E+03  4.62050E+02 -1.55628E+02  6.55047E+01 -2.56160E-01 -1.75761E+02 -1.44394E+01  2.31326E+01 -3.44780E+01 -2.73481E+02 -1.52395E+01  7.00551E+00 -9.37174E+01 -7.87368E+01 -1.17176E+02 -8.30789E+00  3.41262E+01  6.64764E+00 -1.00152E+02 -4.72458E+00  1.56652E+02  1.78802E+01  6.00892E+00 -4.71261E+01  7.61251E+00 -1.81294E+02 -1.26034E+02 -7.06151E+02 -3.37768E+01  4.27842E+01  1.21000E+02  8.06861E+00  1.37173E+02
 OMEGA(3,2)    4.04428E+00 -2.28034E+01 -7.41461E+00 -2.08275E+00  8.45317E-01 -7.46476E+00 -7.64535E+00  2.08559E+00  5.95971E+02  0.00000E+00 -4.89182E+02 -4.26977E+01 -1.16067E+02  1.30286E+02  4.62050E+02  1.77368E+03  8.37214E+01  1.86018E+01  5.73511E+01 -8.89351E+01 -2.67794E-01  4.17107E+01 -4.25942E+01 -3.41406E+02 -4.93327E+01 -6.06194E+00 -2.00000E+01 -2.18847E+02 -2.91909E+02 -3.45115E+01  8.62408E+01  6.99274E+01 -9.08124E+01 -6.60714E+01  5.53771E+02  4.00345E+01  2.46376E+00 -6.80803E+01 -4.20988E+01  1.86578E+01 -4.02636E+02 -9.53264E+02 -5.65619E+01  6.85084E+01  2.18790E+02 -3.87987E+01  1.88726E+02
 OMEGA(3,3)   -1.60544E+01 -5.59006E+00  4.82947E+01  1.85324E+01  7.05232E-01 -6.60796E+00  4.14308E+00 -1.43892E+01  1.12796E+03  0.00000E+00  7.60267E+02 -5.75704E+00 -2.10494E+01 -1.34371E+01 -1.55628E+02  8.37214E+01  1.00909E+03 -3.75869E+01  2.32802E+01  1.62627E+02  1.87778E+01  1.41115E+01  9.15057E+00 -2.04923E+01 -7.97179E+00 -3.07174E+01  3.46083E+01  1.72840E+00 -1.71357E+02 -2.32295E+01 -1.68136E+01  1.36605E+01 -2.65345E+01  1.21217E+00 -7.85285E+01 -6.28188E+00  2.01949E+01  5.56375E+00 -1.77228E+01  8.30157E+01 -1.79622E+01 -4.70679E+02 -5.59390E+01 -2.67842E+01  3.37316E+01  4.14800E+01  3.71546E+01
 OMEGA(4,1)    8.42928E-01  2.21749E+01  2.55173E+01 -6.94737E+00  1.86934E+00  2.42982E+00 -7.91395E+00 -1.49900E+01 -1.80438E+02  0.00000E+00  1.11468E+02 -7.54603E+01 -8.52292E+01 -5.55973E-01  6.55047E+01  1.86018E+01 -3.75869E+01  9.41167E+02  2.90311E+02 -8.15588E+01 -8.03517E+01  1.08516E+02  3.23728E+01 -3.29719E+01 -1.61950E+02  3.04451E+00 -7.13056E+01 -1.05508E+01 -5.65778E+00 -3.60038E+01  1.07142E+01  8.30827E+00  3.04525E+02  1.23905E+02  1.63164E+01  4.38834E+01 -5.71957E+01 -2.13288E+01  3.28910E+01 -2.00981E+02 -5.74505E+01 -2.38917E+01 -4.06998E+02  1.08854E+01  5.01395E+01 -1.66458E+02  1.07439E+02
 OMEGA(4,2)    7.63661E+00  3.42978E+01  1.33565E+00 -7.46399E+00 -5.16113E+00 -4.24808E+00  7.91179E+00 -1.71375E+01 -1.45447E+03  0.00000E+00  1.78212E+02 -1.80888E+01 -5.90238E+01 -7.25275E+01 -2.56160E-01  5.73511E+01  2.32802E+01  2.90311E+02  1.05956E+03  7.02117E+00 -8.01396E+01  5.21366E+01  1.61294E+02 -2.61484E+01 -1.85089E+02 -2.89424E+01  8.45582E+00 -8.19288E+01 -3.26953E+01 -8.61793E+01 -7.10963E-01  1.16263E+01  9.83697E+01  4.00248E+02  5.61439E+01  2.93977E+02 -3.13837E+01 -8.68776E+01  1.29996E+02 -1.94050E+01 -2.77221E+02 -7.18442E+01 -4.59908E+02 -2.96255E+01  6.53832E+01 -2.74345E+02  1.23339E+02
 OMEGA(4,3)    9.98854E+00 -2.95908E+00 -7.26442E+01 -1.12671E+01  4.41642E-01  1.08675E+01  1.28468E+01  3.57328E+00  3.84124E+02  0.00000E+00  7.30725E+02  1.92353E+01 -7.84830E+00 -1.25052E+01 -1.75761E+02 -8.89351E+01  1.62627E+02 -8.15588E+01  7.02117E+00  1.30652E+03  2.58299E+01 -1.04698E+01  1.41681E+01  1.59852E+02  5.23764E-01  3.07918E+00  1.96670E+01 -4.19689E+00 -1.45242E+02 -7.88170E+01 -3.13520E+01  4.31255E+00 -2.44607E+01  1.63682E+01  4.47662E+02 -8.47181E+01 -1.14738E+01 -6.00073E+00 -3.29934E+01  5.96273E+01  8.50145E+00 -4.17254E+02 -2.54392E+02 -4.96200E+01  6.22293E+01 -4.69496E+01  7.74862E+01
 OMEGA(4,4)    6.94259E+00 -5.83605E+00 -3.48601E+01 -1.42401E+01 -6.20586E+00  1.13423E+00 -2.26001E+00  1.12170E+01  2.75107E+02  0.00000E+00  5.34810E+01 -4.00258E+00 -2.55821E+01 -2.83017E+01 -1.44394E+01 -2.67794E-01  1.87778E+01 -8.03517E+01 -8.01396E+01  2.58299E+01  4.32267E+02  1.20604E+00  2.53132E+00  3.20569E+01  8.79332E+01 -3.96235E+00  2.77720E+01  2.34939E+01  1.51878E+01 -8.17842E+01 -3.34218E+00 -5.20233E+00 -4.54467E+01 -6.42789E+01  8.68528E+00  2.90071E+02  4.65538E+01 -8.19553E+00  2.48646E+01  4.35806E+01  6.85383E+01 -3.79514E+00 -2.21774E+02 -3.89542E+01 -1.01585E+01 -4.08866E+01 -8.62717E-01
 OMEGA(5,1)    5.21516E+00 -2.80893E+00  6.81894E+00  1.21353E+00 -7.73177E+00 -1.65480E+01 -3.25066E-01 -9.80388E+00  9.49162E+02  0.00000E+00 -1.32571E+02 -1.39759E+02 -2.16354E+02 -8.66066E+01  2.31326E+01  4.17107E+01  1.41115E+01  1.08516E+02  5.21366E+01 -1.04698E+01  1.20604E+00  1.10465E+03  4.28594E+02 -9.45567E+01 -1.25196E+02 -1.83588E+02  2.79601E+02  1.39446E+02 -3.11883E+01 -3.20089E+01 -1.17416E+02 -4.34532E+01 -1.50572E+02 -7.20603E+01  6.77690E+00  3.59821E+01  9.55540E+01  3.00698E+01 -8.55818E+00  2.10843E+02  1.56295E+02 -3.17452E+01 -7.19174E+01 -5.69270E+02 -1.81396E+02  9.34190E+01 -7.22365E+01
 OMEGA(5,2)   -2.12021E+00  2.76493E+00  2.32844E+00 -9.28490E+00 -4.07626E+00  3.64796E-01 -1.03147E+01  3.26580E+00 -7.11240E+01  0.00000E+00  5.45076E+02 -5.06009E+01 -2.84381E+02 -2.67379E+02 -3.44780E+01 -4.25942E+01  9.15057E+00  3.23728E+01  1.61294E+02  1.41681E+01  2.53132E+00  4.28594E+02  1.46976E+03  1.10828E+02 -1.38388E+02 -2.50569E+02  1.96578E+02  4.52197E+02  5.91971E+01 -4.68689E+01 -2.78160E+02 -7.89415E+01 -1.15859E+02 -2.73296E+02 -2.31035E+01  7.39725E+01  4.47236E+02  1.54548E+02 -4.03687E+01  1.89204E+02  3.95975E+02  4.73999E+01 -9.55961E+01 -7.56719E+02 -3.28290E+02  1.54011E+02 -1.40096E+02
 OMEGA(5,3)   -4.91455E+00  8.75139E+00  2.27611E+01 -1.74597E+00  3.24457E+00 -2.58149E+00 -4.93353E+00 -1.23641E+01 -1.12548E+03  0.00000E+00 -1.74759E+01  2.51214E+01  2.47175E+01 -4.10744E+01 -2.73481E+02 -3.41406E+02 -2.04923E+01 -3.29719E+01 -2.61484E+01  1.59852E+02  3.20569E+01 -9.45567E+01  1.10828E+02  1.69164E+03  5.26393E+01 -8.70043E+00  1.06153E+01  1.44229E+02  5.03691E+02  4.13084E+00 -1.85664E+02 -7.15609E+01  2.16328E+01 -3.74502E+01 -2.37529E+02 -9.92389E+00 -7.74268E+01  2.36472E+01  1.68281E+01  3.38886E+01  1.32369E+02  2.95331E+02 -2.52765E+01 -3.45166E+02 -1.77566E+02  3.81241E+01 -6.42058E+01
 OMEGA(5,4)   -5.56804E+00 -3.88682E+00 -4.33082E+00 -5.40113E+00  1.11575E+00 -4.55037E+00  3.11797E+00  4.57982E+00  8.03203E+02  0.00000E+00 -6.42475E+01  1.23082E+01  1.85168E+01  2.55010E-01 -1.52395E+01 -4.93327E+01 -7.97179E+00 -1.61950E+02 -1.85089E+02  5.23764E-01  8.79332E+01 -1.25196E+02 -1.38388E+02  5.26393E+01  1.11540E+03  1.10021E+02 -1.51380E+01 -5.60712E+00  4.82327E+01  2.39018E+02 -6.50847E+01 -1.48687E+01 -3.95110E+01 -7.56088E+01 -3.74036E+01 -1.13946E+02  3.54479E+02  1.28010E+02 -5.67283E+01  2.04266E+01  4.86505E+01  5.21611E+01  1.28024E+02 -2.41288E+02 -8.60243E+01  8.96926E+01 -4.65690E+01
 OMEGA(5,5)    4.20968E+00  5.61837E-01  3.65826E+00 -2.02370E+00  9.87517E+00  1.27432E+01 -3.24920E+00  1.39487E+00 -5.33751E+02  0.00000E+00 -1.36841E+02  2.04669E+00  4.77234E+01  1.90547E+01  7.00551E+00 -6.06194E+00 -3.07174E+01  3.04451E+00 -2.89424E+01  3.07918E+00 -3.96235E+00 -1.83588E+02 -2.50569E+02 -8.70043E+00  1.10021E+02  6.59704E+02 -7.48724E+01 -1.03736E+02 -1.26381E+01  1.54659E+01  3.63801E+02  7.44599E+01  4.70411E+01  3.28260E+01 -3.76197E-01 -1.85311E+01 -1.97585E+02 -8.46120E+01  2.46259E+00 -5.09884E+01 -5.52700E+01  9.13913E+00  1.91463E+01  2.32420E+02  1.25543E+02 -3.53202E+01  2.03265E+01
 OMEGA(6,1)   -7.30921E+00 -5.79019E+00  1.23430E+01  2.10904E+00 -8.39491E+00 -6.40689E+00  4.72147E+00 -1.64334E+00  1.57208E+02  0.00000E+00  5.01925E+02 -5.00590E+01 -1.39106E+02 -9.50821E+01 -9.37174E+01 -2.00000E+01  3.46083E+01 -7.13056E+01  8.45582E+00  1.96670E+01  2.77720E+01  2.79601E+02  1.96578E+02  1.06153E+01 -1.51380E+01 -7.48724E+01  9.28998E+02  3.50377E+02 -5.03494E+01 -6.45989E+01 -2.24980E+02 -7.41292E+01 -1.54015E+02 -1.10370E+02 -1.54779E+01  2.83575E+01  6.99620E+01  9.14804E+01 -1.45859E+01  3.62301E+02  2.42852E+02  2.61490E+01 -2.26583E+01 -2.50682E+02 -5.02659E+02  1.28439E+02 -1.77653E+02
 OMEGA(6,2)   -4.64421E-01 -8.49213E+00 -7.41013E+00 -5.76196E+00  9.08642E+00  1.82246E+01 -1.17624E+01  1.11894E+01 -3.12357E+02  0.00000E+00  4.52964E+02 -3.09035E+01 -1.82176E+02 -2.32560E+02 -7.87368E+01 -2.18847E+02  1.72840E+00 -1.05508E+01 -8.19288E+01 -4.19689E+00  2.34939E+01  1.39446E+02  4.52197E+02  1.44229E+02 -5.60712E+00 -1.03736E+02  3.50377E+02  1.18077E+03  1.57183E+02 -1.67762E+01 -2.98374E+02 -1.47667E+02 -1.04278E+02 -2.82419E+02 -9.89488E+01 -1.39177E+01  1.76784E+02  4.14031E+02 -5.77595E+01  2.05766E+02  6.77200E+02  1.70220E+02 -8.48547E+00 -3.50412E+02 -7.06627E+02  2.69156E+02 -2.84335E+02
 OMEGA(6,3)   -1.09780E+01  3.20333E-01 -5.71258E+00 -5.44266E+00  7.95641E+00 -1.66138E+00 -4.08069E+00 -2.70357E-01 -1.60329E+02  0.00000E+00 -6.98400E+02  2.38088E+01  2.24642E-01 -4.42466E+01 -1.17176E+02 -2.91909E+02 -1.71357E+02 -5.65778E+00 -3.26953E+01 -1.45242E+02  1.51878E+01 -3.11883E+01  5.91971E+01  5.03691E+02  4.82327E+01 -1.26381E+01 -5.03494E+01  1.57183E+02  1.47901E+03  5.39483E+01 -1.15446E+02 -1.60220E+02  7.06512E+00 -2.98606E+01 -2.00436E+02  1.96219E+01 -1.90118E+00 -1.77925E+01  2.75969E+01 -1.96777E+01  1.38974E+02  6.10246E+02  3.49645E+01 -1.29805E+02 -4.07615E+02  1.20943E+01 -1.23462E+02
 OMEGA(6,4)   -4.80314E+00 -1.29879E+00  2.32069E+01  7.11949E+00 -9.95789E+00 -2.11639E+01 -3.78095E-01 -1.26686E+01  1.23651E+03  0.00000E+00 -4.60148E+02  1.77176E+01  2.46430E+01 -2.95517E+00 -8.30789E+00 -3.45115E+01 -2.32295E+01 -3.60038E+01 -8.61793E+01 -7.88170E+01 -8.17842E+01 -3.20089E+01 -4.68689E+01  4.13084E+00  2.39018E+02  1.54659E+01 -6.45989E+01 -1.67762E+01  5.39483E+01  8.39012E+02  7.21359E+01 -7.39441E+01 -8.01349E+00 -5.12198E+01 -4.10335E+01 -1.52156E+02  8.53137E+01  3.24642E+02 -4.51162E+01 -2.19948E+01  1.34413E+01  6.45145E+01  3.06465E+02 -3.93235E+01 -2.73833E+02  1.52909E+02 -7.77067E+01
 OMEGA(6,5)    1.14740E+01  6.49722E+00 -6.07549E+00  1.41319E+00 -4.09019E+00 -4.22014E+00  2.49012E+00 -2.30454E+00 -9.07989E+02  0.00000E+00  2.86806E+02  2.80421E+00  4.50657E+01  4.80339E+01  3.41262E+01  8.62408E+01 -1.68136E+01  1.07142E+01 -7.10963E-01 -3.13520E+01 -3.34218E+00 -1.17416E+02 -2.78160E+02 -1.85664E+02 -6.50847E+01  3.63801E+02 -2.24980E+02 -2.98374E+02 -1.15446E+02  7.21359E+01  1.24652E+03  3.09237E+02  5.15219E+01  5.82190E+01  3.00553E+01  3.04462E+00 -2.67025E+02 -2.43865E+02  1.95233E+01 -1.04099E+02 -1.72875E+02 -5.95963E+01  3.38764E+01  5.22330E+02  3.66741E+02 -7.93601E+01  8.40265E+01
 OMEGA(6,6)    4.04285E+00  2.40966E+00  4.03209E+00 -5.58708E-01 -8.50446E+00 -8.49919E+00  2.98408E+00 -1.02636E+00 -1.03609E+03  0.00000E+00  7.27009E+02 -1.12819E+01  8.74195E+00  2.43206E+01  6.64764E+00  6.99274E+01  1.36605E+01  8.30827E+00  1.16263E+01  4.31255E+00 -5.20233E+00 -4.34532E+01 -7.89415E+01 -7.15609E+01 -1.48687E+01  7.44599E+01 -7.41292E+01 -1.47667E+02 -1.60220E+02 -7.39441E+01  3.09237E+02  4.31020E+02  1.76888E+01  2.30607E+01  2.81769E+01  1.00752E-01 -5.05695E+01 -1.38118E+02 -6.97562E+00 -2.23223E+01 -1.01191E+02 -8.10954E+01 -8.49992E+00  1.53912E+02  3.51226E+02 -4.25306E+01  6.70825E+01
 OMEGA(7,1)   -8.91737E+00 -1.96384E+01 -6.31519E+00 -7.88941E+00 -5.98072E+00  2.87819E+00 -6.31539E+00  1.71167E+01 -1.85717E+02  0.00000E+00  6.17105E+01  5.33979E+01  3.57760E+02  1.37250E+02 -1.00152E+02 -9.08124E+01 -2.65345E+01  3.04525E+02  9.83697E+01 -2.44607E+01 -4.54467E+01 -1.50572E+02 -1.15859E+02  2.16328E+01 -3.95110E+01  4.70411E+01 -1.54015E+02 -1.04278E+02  7.06512E+00 -8.01349E+00  5.15219E+01  1.76888E+01  1.11424E+03  3.74759E+02 -1.08307E+02 -6.69648E+01 -1.96819E+02 -7.44780E+01  6.96987E+01 -5.01193E+02 -3.50276E+02  1.12098E+02 -1.05659E+02  1.60563E+02  1.24080E+02 -5.44974E+02  2.32795E+02
 OMEGA(7,2)   -2.03309E+01 -7.44069E+01  1.73700E-01  1.71448E+00  1.21258E+01  6.70772E+00 -1.89276E+01  3.83386E+01 -9.28791E+02  0.00000E+00 -4.71449E+02  1.20161E+01  2.35643E+02  4.48441E+02 -4.72458E+00 -6.60714E+01  1.21217E+00  1.23905E+02  4.00248E+02  1.63682E+01 -6.42789E+01 -7.20603E+01 -2.73296E+02 -3.74502E+01 -7.56088E+01  3.28260E+01 -1.10370E+02 -2.82419E+02 -2.98606E+01 -5.12198E+01  5.82190E+01  2.30607E+01  3.74759E+02  1.42625E+03  3.77798E+00  3.28257E+01 -2.40147E+02 -1.87017E+02  3.67595E+02 -2.35851E+02 -9.09593E+02 -3.29668E+00 -1.29656E+02  2.13132E+02  2.18028E+02 -7.38199E+02  3.12637E+02
 OMEGA(7,3)   -1.22120E+01 -1.38100E+01 -3.68485E+00  7.83559E+00  2.28544E+00 -1.03045E+00  3.67582E+00  6.38902E+00  5.23567E+02  0.00000E+00  3.21120E+02 -1.15405E+01 -4.49260E+01  2.82959E+01  1.56652E+02  5.53771E+02 -7.85285E+01  1.63164E+01  5.61439E+01  4.47662E+02  8.68528E+00  6.77690E+00 -2.31035E+01 -2.37529E+02 -3.74036E+01 -3.76197E-01 -1.54779E+01 -9.89488E+01 -2.00436E+02 -4.10335E+01  3.00553E+01  2.81769E+01 -1.08307E+02  3.77798E+00  1.65442E+03  2.98383E+01 -7.65146E-01 -1.34519E+02 -8.91444E+01  1.27533E+01 -1.35755E+02 -6.93522E+02 -1.35103E+02  7.05557E+01  1.37940E+02 -2.64771E+02  1.51008E+02
 OMEGA(7,4)   -7.84481E-01  1.72977E+01  4.59113E+00 -4.74092E+00 -3.48048E+00 -9.28410E+00  6.27231E-01 -2.12280E+00 -6.41857E+02  0.00000E+00  5.00390E+01 -1.44201E+01 -4.54405E+01 -4.92606E+01  1.78802E+01  4.00345E+01 -6.28188E+00  4.38834E+01  2.93977E+02 -8.47181E+01  2.90071E+02  3.59821E+01  7.39725E+01 -9.92389E+00 -1.13946E+02 -1.85311E+01  2.83575E+01 -1.39177E+01  1.96219E+01 -1.52156E+02  3.04462E+00  1.00752E-01 -6.69648E+01  3.28257E+01  2.98383E+01  1.19893E+03  7.60034E+01 -1.22350E+02  3.68795E+02  3.52798E+01 -2.52893E+01  1.48515E+01 -5.17818E+02 -3.38906E+01  4.09018E+01 -4.29501E+02  9.37863E+01
 OMEGA(7,5)   -5.55016E-01  8.68574E+00  2.03989E+00 -4.69243E+00  6.72965E+00  2.92648E+00  2.47872E+00 -3.25285E+00 -7.12477E+02  0.00000E+00  3.88664E+02 -2.54471E+01 -8.38875E+01 -8.44133E+01  6.00892E+00  2.46376E+00  2.01949E+01 -5.71957E+01 -3.13837E+01 -1.14738E+01  4.65538E+01  9.55540E+01  4.47236E+02 -7.74268E+01  3.54479E+02 -1.97585E+02  6.99620E+01  1.76784E+02 -1.90118E+00  8.53137E+01 -2.67025E+02 -5.05695E+01 -1.96819E+02 -2.40147E+02 -7.65146E-01  7.60034E+01  1.37091E+03  3.89694E+02 -1.67205E+02  1.21209E+02  1.72671E+02 -2.27355E+00 -3.04395E+00 -6.08763E+02 -2.00653E+02  2.41830E+02 -8.73189E+01
 OMEGA(7,6)    5.01870E+00  9.95550E+00 -5.35931E+00 -2.27542E+00  5.15587E+00  1.16610E+01 -2.45726E+00 -7.29225E+00  2.31915E+02  0.00000E+00  3.84805E+02 -1.57770E+01 -6.50722E+01 -6.99072E+01 -4.71261E+01 -6.80803E+01  5.56375E+00 -2.13288E+01 -8.68776E+01 -6.00073E+00 -8.19553E+00  3.00698E+01  1.54548E+02  2.36472E+01  1.28010E+02 -8.46120E+01  9.14804E+01  4.14031E+02 -1.77925E+01  3.24642E+02 -2.43865E+02 -1.38118E+02 -7.44780E+01 -1.87017E+02 -1.34519E+02 -1.22350E+02  3.89694E+02  1.14815E+03 -1.64232E+02  8.26192E+01  2.59249E+02  5.85333E+01  1.34169E+02 -2.31773E+02 -5.49597E+02  4.56996E+02 -1.75915E+02
 OMEGA(7,7)   -1.05025E+01 -1.78942E+01  2.89024E+00 -3.06826E+00  1.44179E+00 -2.61715E+00 -2.85780E+00  1.29980E+01 -3.18023E+02  0.00000E+00 -3.34311E+02 -4.95028E+00  3.16813E+01  5.58370E+01  7.61251E+00 -4.20988E+01 -1.77228E+01  3.28910E+01  1.29996E+02 -3.29934E+01  2.48646E+01 -8.55818E+00 -4.03687E+01  1.68281E+01 -5.67283E+01  2.46259E+00 -1.45859E+01 -5.77595E+01  2.75969E+01 -4.51162E+01  1.95233E+01 -6.97562E+00  6.96987E+01  3.67595E+02 -8.91444E+01  3.68795E+02 -1.67205E+02 -1.64232E+02  6.64494E+02 -3.26818E+01 -1.83098E+02  6.04670E+01 -1.45693E+02  5.50470E+01  6.36689E+01 -5.35420E+02  9.99453E+01
 OMEGA(8,1)   -7.48382E+00  1.37022E+01  8.12380E+00  1.51452E+01  1.01093E+01  2.14550E+00  1.11671E+01 -4.40521E+00  1.20332E+03  0.00000E+00  1.20152E+02 -4.25007E+02 -6.68826E+02 -2.39474E+02 -1.81294E+02  1.86578E+01  8.30157E+01 -2.00981E+02 -1.94050E+01  5.96273E+01  4.35806E+01  2.10843E+02  1.89204E+02  3.38886E+01  2.04266E+01 -5.09884E+01  3.62301E+02  2.05766E+02 -1.96777E+01 -2.19948E+01 -1.04099E+02 -2.23223E+01 -5.01193E+02 -2.35851E+02  1.27533E+01  3.52798E+01  1.21209E+02  8.26192E+01 -3.26818E+01  1.66198E+03  7.98916E+02 -7.65537E+01 -2.18272E+01 -3.54810E+02 -2.77991E+02  3.56329E+02 -6.97404E+02
 OMEGA(8,2)   -5.56570E+00 -6.39878E+00  7.93093E+00 -2.79737E+00  1.65272E+01  1.17067E+01 -1.05676E+01  9.81850E+00 -3.01160E+02  0.00000E+00  6.01390E+02 -1.38747E+02 -7.78636E+02 -7.54686E+02 -1.26034E+02 -4.02636E+02 -1.79622E+01 -5.74505E+01 -2.77221E+02  8.50145E+00  6.85383E+01  1.56295E+02  3.95975E+02  1.32369E+02  4.86505E+01 -5.52700E+01  2.42852E+02  6.77200E+02  1.38974E+02  1.34413E+01 -1.72875E+02 -1.01191E+02 -3.50276E+02 -9.09593E+02 -1.35755E+02 -2.52893E+01  1.72671E+02  2.59249E+02 -1.83098E+02  7.98916E+02  2.31335E+03  3.15588E+02 -6.98957E+00 -4.70660E+02 -5.91311E+02  8.52436E+02 -9.30518E+02
 OMEGA(8,3)    9.00089E+00  5.64240E+00 -6.17017E+00 -1.92118E+01  2.40011E+00 -1.08145E+00 -1.64163E-01  2.80804E+00  3.68152E+02  0.00000E+00 -1.07110E+02  7.83078E+01  4.56607E+01 -1.00533E+02 -7.06151E+02 -9.53264E+02 -4.70679E+02 -2.38917E+01 -7.18442E+01 -4.17254E+02 -3.79514E+00 -3.17452E+01  4.73999E+01  2.95331E+02  5.21611E+01  9.13913E+00  2.61490E+01  1.70220E+02  6.10246E+02  6.45145E+01 -5.95963E+01 -8.10954E+01  1.12098E+02 -3.29668E+00 -6.93522E+02  1.48515E+01 -2.27355E+00  5.85333E+01  6.04670E+01 -7.65537E+01  3.15588E+02  2.44039E+03  2.06027E+02 -5.66344E+01 -3.67349E+02 -1.43815E+01 -4.56212E+02
 OMEGA(8,4)   -8.89800E+00 -2.22806E+01  2.71874E+01  2.44631E+01  1.22219E+00 -4.90001E+00 -4.74391E+00 -3.83407E+00  1.31430E+03  0.00000E+00 -8.17795E+02  4.09712E+01  7.26372E+01  5.30232E+01 -3.37768E+01 -5.65619E+01 -5.59390E+01 -4.06998E+02 -4.59908E+02 -2.54392E+02 -2.21774E+02 -7.19174E+01 -9.55961E+01 -2.52765E+01  1.28024E+02  1.91463E+01 -2.26583E+01 -8.48547E+00  3.49645E+01  3.06465E+02  3.38764E+01 -8.49992E+00 -1.05659E+02 -1.29656E+02 -1.35103E+02 -5.17818E+02 -3.04395E+00  1.34169E+02 -1.45693E+02 -2.18272E+01 -6.98957E+00  2.06027E+02  1.46192E+03  1.21829E+02 -1.89795E+02  5.78527E+02 -3.62670E+02
 OMEGA(8,5)    8.42012E+00  4.25263E+00 -1.07255E+01  9.69187E+00 -1.20761E+01 -3.79464E+00  9.09039E+00 -4.61015E+00 -1.36294E+02  0.00000E+00  7.17381E+00  6.65966E+01  2.06828E+02  1.87104E+02  4.27842E+01  6.85084E+01 -2.67842E+01  1.08854E+01 -2.96255E+01 -4.96200E+01 -3.89542E+01 -5.69270E+02 -7.56719E+02 -3.45166E+02 -2.41288E+02  2.32420E+02 -2.50682E+02 -3.50412E+02 -1.29805E+02 -3.93235E+01  5.22330E+02  1.53912E+02  1.60563E+02  2.13132E+02  7.05557E+01 -3.38906E+01 -6.08763E+02 -2.31773E+02  5.50470E+01 -3.54810E+02 -4.70660E+02 -5.66344E+01  1.21829E+02  1.81942E+03  6.21170E+02 -3.21952E+02  2.65305E+02
 OMEGA(8,6)    9.07800E+00  1.38706E+01 -1.12447E+01  3.14367E+00 -1.62188E+01 -1.51673E+01  1.04250E+01 -6.24550E+00 -4.43554E+02  0.00000E+00  4.33774E+01  1.86903E+01  1.40849E+02  1.88292E+02  1.21000E+02  2.18790E+02  3.37316E+01  5.01395E+01  6.53832E+01  6.22293E+01 -1.01585E+01 -1.81396E+02 -3.28290E+02 -1.77566E+02 -8.60243E+01  1.25543E+02 -5.02659E+02 -7.06627E+02 -4.07615E+02 -2.73833E+02  3.66741E+02  3.51226E+02  1.24080E+02  2.18028E+02  1.37940E+02  4.09018E+01 -2.00653E+02 -5.49597E+02  6.36689E+01 -2.77991E+02 -5.91311E+02 -3.67349E+02 -1.89795E+02  6.21170E+02  1.66964E+03 -4.40457E+02  5.65717E+02
 OMEGA(8,7)    1.99234E+01  4.90233E+01  1.15632E+01  3.62585E+00 -1.17861E+00  4.31939E+00  4.45490E+00 -3.83446E+01  3.02294E+02  0.00000E+00  1.75603E+02 -2.91362E+01 -2.27328E+02 -2.18065E+02  8.06861E+00 -3.87987E+01  4.14800E+01 -1.66458E+02 -2.74345E+02 -4.69496E+01 -4.08866E+01  9.34190E+01  1.54011E+02  3.81241E+01  8.96926E+01 -3.53202E+01  1.28439E+02  2.69156E+02  1.20943E+01  1.52909E+02 -7.93601E+01 -4.25306E+01 -5.44974E+02 -7.38199E+02 -2.64771E+02 -4.29501E+02  2.41830E+02  4.56996E+02 -5.35420E+02  3.56329E+02  8.52436E+02 -1.43815E+01  5.78527E+02 -3.21952E+02 -4.40457E+02  1.90857E+03 -7.32851E+02
 OMEGA(8,8)    3.84116E+00 -7.48626E+00 -1.16782E+01 -4.15434E+00 -1.63563E+01 -1.00278E+01  4.30652E+00 -3.59985E+00  3.24656E+02  0.00000E+00  4.37286E+01  9.27151E+01  2.78127E+02  2.22999E+02  1.37173E+02  1.88726E+02  3.71546E+01  1.07439E+02  1.23339E+02  7.74862E+01 -8.62717E-01 -7.22365E+01 -1.40096E+02 -6.42058E+01 -4.65690E+01  2.03265E+01 -1.77653E+02 -2.84335E+02 -1.23462E+02 -7.77067E+01  8.40265E+01  6.70825E+01  2.32795E+02  3.12637E+02  1.51008E+02  9.37863E+01 -8.73189E+01 -1.75915E+02  9.99453E+01 -6.97404E+02 -9.30518E+02 -4.56212E+02 -3.62670E+02  2.65305E+02  5.65717E+02 -7.32851E+02  1.14578E+03
