TABLE NO.     1: Iterative Two Stage (No Prior): Problem=1 Subproblem=0 Superproblem1=0 Iteration1=0 Superproblem2=0 Iteration2=0
 NAME         THETA1       THETA2       THETA3       THETA4       THETA5       SIGMA(1,1)   OMEGA(1,1)   OMEGA(2,1)   OMEGA(2,2)   OMEGA(3,1)   OMEGA(3,2)   OMEGA(3,3)
 THETA1        3.08631E+02  2.70607E+00 -3.68882E+01 -2.21007E+00 -1.66302E+02 -7.20550E+02 -1.31720E+03 -3.70064E+02 -9.45701E+01  1.25240E+03  9.27456E+01 -2.59060E+02
 THETA2        2.70607E+00  4.95013E+00 -5.12112E+00  4.23217E-01 -7.55781E+00 -2.23167E+02 -1.53792E+01 -1.14541E+01  1.09091E+01  7.94557E+00 -7.90827E+00  1.22152E+00
 THETA3       -3.68882E+01 -5.12112E+00  3.36889E+01  1.57939E+00  1.59546E+01  2.00514E+02  1.71783E+02  1.00108E+01 -1.00728E+01 -1.47454E+02  1.54272E+01  1.04823E+01
 THETA4       -2.21007E+00  4.23217E-01  1.57939E+00  1.98537E+02  1.87714E+03 -1.66860E+03 -1.87239E+02  3.16626E+02 -2.73215E+01  1.37891E+02 -3.70244E+02  2.05538E+02
 THETA5       -1.66302E+02 -7.55781E+00  1.59546E+01  1.87714E+03  3.75954E+04 -2.83911E+04  1.56033E+02  1.77794E+03 -3.93090E+02 -3.39505E+02 -6.01493E+03  3.03890E+03
 SIGMA(1,1)   -7.20550E+02 -2.23167E+02  2.00514E+02 -1.66860E+03 -2.83911E+04  1.80473E+06  1.18492E+04  1.45744E+03  1.03120E+04 -1.96220E+04  6.30808E+04 -2.87995E+04
 OMEGA(1,1)   -1.31720E+03 -1.53792E+01  1.71783E+02 -1.87239E+02  1.56033E+02  1.18492E+04  3.54244E+04  6.82883E+03 -2.73250E+02 -4.23861E+04 -1.72794E+03  1.05097E+04
 OMEGA(2,1)   -3.70064E+02 -1.14541E+01  1.00108E+01  3.16626E+02  1.77794E+03  1.45744E+03  6.82883E+03  3.86551E+04  4.66839E+03 -1.85636E+04 -2.16172E+04  4.68678E+03
 OMEGA(2,2)   -9.45701E+01  1.09091E+01 -1.00728E+01 -2.73215E+01 -3.93090E+02  1.03120E+04 -2.73250E+02  4.66839E+03  3.21810E+04 -2.24905E+03 -2.29259E+04  5.21940E+03
 OMEGA(3,1)    1.25240E+03  7.94557E+00 -1.47454E+02  1.37891E+02 -3.39505E+02 -1.96220E+04 -4.23861E+04 -1.85636E+04 -2.24905E+03  7.70238E+04  5.55811E+03 -2.11625E+04
 OMEGA(3,2)    9.27456E+01 -7.90827E+00  1.54272E+01 -3.70244E+02 -6.01493E+03  6.30808E+04 -1.72794E+03 -2.16172E+04 -2.29259E+04  5.55811E+03  7.74137E+04 -2.22326E+04
 OMEGA(3,3)   -2.59060E+02  1.22152E+00  1.04823E+01  2.05538E+02  3.03890E+03 -2.87995E+04  1.05097E+04  4.68678E+03  5.21940E+03 -2.11625E+04 -2.22326E+04  3.20670E+04
TABLE NO.     2: Importance Sampling (No Prior): Problem=1 Subproblem=0 Superproblem1=0 Iteration1=0 Superproblem2=0 Iteration2=0
 NAME         THETA1       THETA2       THETA3       THETA4       THETA5       SIGMA(1,1)   OMEGA(1,1)   OMEGA(2,1)   OMEGA(2,2)   OMEGA(3,1)   OMEGA(3,2)   OMEGA(3,3)
 THETA1        2.50279E+02  2.37825E+00 -3.31047E+01 -2.05272E+00 -4.69945E+01 -5.52599E+02 -2.71591E+02 -1.26123E+02 -6.70852E+01  1.46149E+02  8.92254E+01  8.66537E+00
 THETA2        2.37825E+00  4.90429E+00 -5.05426E+00 -1.68535E-01 -4.58950E+00 -9.12644E+01 -3.64137E+00 -9.45578E+00 -4.97022E+00  8.83141E+00  9.25337E+00 -4.31272E+00
 THETA3       -3.31047E+01 -5.05426E+00  3.39448E+01  3.65487E-02  2.28376E-01 -5.93201E+01  3.41218E+01  1.39929E+01  1.14996E+01 -1.92524E+01 -1.50661E+01 -1.47650E+00
 THETA4       -2.05272E+00 -1.68535E-01  3.65487E-02  1.78900E+02  1.69991E+03 -9.66693E+01 -1.11879E+00  6.11198E-01 -3.95465E+00  1.35198E+00 -1.90291E+00  5.79303E-01
 THETA5       -4.69945E+01 -4.58950E+00  2.28376E-01  1.69991E+03  4.24994E+04 -2.52147E+03 -5.50210E+01 -3.02987E+01 -1.83012E+02  1.66687E+02  1.78919E+01 -4.13167E+01
 SIGMA(1,1)   -5.52599E+02 -9.12644E+01 -5.93201E+01 -9.66693E+01 -2.52147E+03  1.95293E+06  1.42639E+04  7.17413E+03  3.42496E+03 -1.46927E+04 -7.25038E+02  4.29084E+03
 OMEGA(1,1)   -2.71591E+02 -3.64137E+00  3.41218E+01 -1.11879E+00 -5.50210E+01  1.42639E+04  1.12619E+04  2.55836E+03  1.76197E+02 -1.16762E+04 -1.27680E+03  3.05528E+03
 OMEGA(2,1)   -1.26123E+02 -9.45578E+00  1.39929E+01  6.11198E-01 -3.02987E+01  7.17413E+03  2.55836E+03  3.59472E+04  3.41760E+03 -1.58705E+04 -1.89376E+04  7.07161E+03
 OMEGA(2,2)   -6.70852E+01 -4.97022E+00  1.14996E+01 -3.95465E+00 -1.83012E+02  3.42496E+03  1.76197E+02  3.41760E+03  3.20672E+04 -1.48321E+03 -2.55538E+04  5.05949E+03
 OMEGA(3,1)    1.46149E+02  8.83141E+00 -1.92524E+01  1.35198E+00  1.66687E+02 -1.46927E+04 -1.16762E+04 -1.58705E+04 -1.48321E+03  4.36530E+04  1.06991E+04 -1.85665E+04
 OMEGA(3,2)    8.92254E+01  9.25337E+00 -1.50661E+01 -1.90291E+00  1.78919E+01 -7.25038E+02 -1.27680E+03 -1.89376E+04 -2.55538E+04  1.06991E+04  7.62750E+04 -2.62071E+04
 OMEGA(3,3)    8.66537E+00 -4.31272E+00 -1.47650E+00  5.79303E-01 -4.13167E+01  4.29084E+03  3.05528E+03  7.07161E+03  5.05949E+03 -1.85665E+04 -2.62071E+04  3.41921E+04
TABLE NO.     3: Objective Function Evaluation by Importance Sampling (No Prior): Problem=1 Subproblem=0 Superproblem1=0 Iteration1=0 Superproblem2=0 Iteration2=0
 NAME         THETA1       THETA2       THETA3       THETA4       THETA5       SIGMA(1,1)   OMEGA(1,1)   OMEGA(2,1)   OMEGA(2,2)   OMEGA(3,1)   OMEGA(3,2)   OMEGA(3,3)
 THETA1        2.50272E+02  2.35452E+00 -3.30527E+01 -2.05548E+00 -4.63229E+01 -5.60417E+02 -2.60323E+02 -1.18436E+02 -6.73619E+01  1.27272E+02  8.57690E+01  1.64663E+01
 THETA2        2.35452E+00  4.90455E+00 -5.05045E+00 -1.67837E-01 -4.51381E+00 -8.97417E+01 -3.57162E+00 -7.55106E+00 -4.28644E+00  8.14279E+00  8.24432E+00 -3.93591E+00
 THETA3       -3.30527E+01 -5.05045E+00  3.39244E+01  3.83429E-02  2.15266E-01 -5.36703E+01  3.24369E+01  1.08674E+01  1.10939E+01 -1.17289E+01 -1.18737E+01 -5.03474E+00
 THETA4       -2.05548E+00 -1.67837E-01  3.83429E-02  1.78901E+02  1.69986E+03 -9.29805E+01 -1.42958E+00  1.98766E-01 -3.91447E+00  1.82714E+00 -1.50800E+00  4.10210E-01
 THETA5       -4.63229E+01 -4.51381E+00  2.15266E-01  1.69986E+03  4.25026E+04 -2.41471E+03 -6.81774E+01 -4.32556E+01 -1.73791E+02  1.79055E+02  3.19969E+01 -4.51723E+01
 SIGMA(1,1)   -5.60417E+02 -8.97417E+01 -5.36703E+01 -9.29805E+01 -2.41471E+03  1.95462E+06  1.47313E+04  6.73848E+03  3.32389E+03 -1.50652E+04 -6.28545E+01  4.40753E+03
 OMEGA(1,1)   -2.60323E+02 -3.57162E+00  3.24369E+01 -1.42958E+00 -6.81774E+01  1.47313E+04  1.06047E+04  2.44593E+03  1.89339E+02 -1.08502E+04 -1.25283E+03  2.80525E+03
 OMEGA(2,1)   -1.18436E+02 -7.55106E+00  1.08674E+01  1.98766E-01 -4.32556E+01  6.73848E+03  2.44593E+03  3.58115E+04  3.30045E+03 -1.58184E+04 -1.87958E+04  7.04592E+03
 OMEGA(2,2)   -6.73619E+01 -4.28644E+00  1.10939E+01 -3.91447E+00 -1.73791E+02  3.32389E+03  1.89339E+02  3.30045E+03  3.19746E+04 -1.49397E+03 -2.55035E+04  5.06651E+03
 OMEGA(3,1)    1.27272E+02  8.14279E+00 -1.17289E+01  1.82714E+00  1.79055E+02 -1.50652E+04 -1.08502E+04 -1.58184E+04 -1.49397E+03  4.24886E+04  1.05556E+04 -1.81379E+04
 OMEGA(3,2)    8.57690E+01  8.24432E+00 -1.18737E+01 -1.50800E+00  3.19969E+01 -6.28545E+01 -1.25283E+03 -1.87958E+04 -2.55035E+04  1.05556E+04  7.60708E+04 -2.61721E+04
 OMEGA(3,3)    1.64663E+01 -3.93591E+00 -5.03474E+00  4.10210E-01 -4.51723E+01  4.40753E+03  2.80525E+03  7.04592E+03  5.06651E+03 -1.81379E+04 -2.61721E+04  3.40284E+04
TABLE NO.     4: Stochastic Approximation Expectation-Maximization (No Prior): Problem=1 Subproblem=0 Superproblem1=0 Iteration1=0 Superproblem2=0 Iteration2=0
 NAME         THETA1       THETA2       THETA3       THETA4       THETA5       SIGMA(1,1)   OMEGA(1,1)   OMEGA(2,1)   OMEGA(2,2)   OMEGA(3,1)   OMEGA(3,2)   OMEGA(3,3)
 THETA1        2.51316E+02  2.46423E+00 -3.34013E+01 -2.12003E+00 -1.45896E+02 -1.16097E+03 -1.10020E+03 -3.30430E+02 -8.65959E+01  1.09908E+03  8.68982E+01 -2.27475E+02
 THETA2        2.46423E+00  4.90872E+00 -5.05989E+00  4.22462E-01 -7.69991E+00 -2.32197E+02 -1.46674E+01 -1.08229E+01  1.00781E+01  8.12171E+00 -7.23548E+00  1.85861E+00
 THETA3       -3.34013E+01 -5.05989E+00  3.38905E+01  1.63030E+00  1.54282E+01  2.67842E+02  1.63787E+02  1.10332E+01 -8.99202E+00 -1.42459E+02  1.91069E+01  3.55813E+00
 THETA4       -2.12003E+00  4.22462E-01  1.63030E+00  1.98575E+02  1.87511E+03 -1.64629E+03 -1.75796E+02  2.93100E+02 -2.80555E+01  1.36926E+02 -3.66217E+02  2.05338E+02
 THETA5       -1.45896E+02 -7.69991E+00  1.54282E+01  1.87511E+03  3.75261E+04 -2.80693E+04  7.42697E+01  1.50957E+03 -4.26900E+02 -2.04957E+02 -5.91580E+03  2.98540E+03
 SIGMA(1,1)   -1.16097E+03 -2.32197E+02  2.67842E+02 -1.64629E+03 -2.80693E+04  1.79156E+06  1.04853E+04  1.57717E+03  1.01538E+04 -1.91448E+04  6.32896E+04 -2.81858E+04
 OMEGA(1,1)   -1.10020E+03 -1.46674E+01  1.63787E+02 -1.75796E+02  7.42697E+01  1.04853E+04  2.91436E+04  5.93248E+03 -2.52083E+02 -3.67475E+04 -1.65186E+03  9.63319E+03
 OMEGA(2,1)   -3.30430E+02 -1.08229E+01  1.10332E+01  2.93100E+02  1.50957E+03  1.57717E+03  5.93248E+03  3.43931E+04  4.43758E+03 -1.66719E+04 -2.02987E+04  4.46938E+03
 OMEGA(2,2)   -8.65959E+01  1.00781E+01 -8.99202E+00 -2.80555E+01 -4.26900E+02  1.01538E+04 -2.52083E+02  4.43758E+03  3.17549E+04 -2.12144E+03 -2.23868E+04  5.09704E+03
 OMEGA(3,1)    1.09908E+03  8.12171E+00 -1.42459E+02  1.36926E+02 -2.04957E+02 -1.91448E+04 -3.67475E+04 -1.66719E+04 -2.12144E+03  6.99531E+04  5.46143E+03 -2.04119E+04
 OMEGA(3,2)    8.68982E+01 -7.23548E+00  1.91069E+01 -3.66217E+02 -5.91580E+03  6.32896E+04 -1.65186E+03 -2.02987E+04 -2.23868E+04  5.46143E+03  7.65701E+04 -2.20205E+04
 OMEGA(3,3)   -2.27475E+02  1.85861E+00  3.55813E+00  2.05338E+02  2.98540E+03 -2.81858E+04  9.63319E+03  4.46938E+03  5.09704E+03 -2.04119E+04 -2.20205E+04  3.22213E+04
TABLE NO.     5: Objective Function Evaluation by Importance Sampling (No Prior): Problem=1 Subproblem=0 Superproblem1=0 Iteration1=0 Superproblem2=0 Iteration2=0
 NAME         THETA1       THETA2       THETA3       THETA4       THETA5       SIGMA(1,1)   OMEGA(1,1)   OMEGA(2,1)   OMEGA(2,2)   OMEGA(3,1)   OMEGA(3,2)   OMEGA(3,3)
 THETA1        2.51232E+02  2.45281E+00 -3.33984E+01 -2.06114E+00 -4.64614E+01 -5.57375E+02 -2.59281E+02 -1.17326E+02 -6.80482E+01  1.27077E+02  8.54088E+01  1.67789E+01
 THETA2        2.45281E+00  4.92536E+00 -5.07565E+00 -1.69186E-01 -4.54701E+00 -9.00633E+01 -3.68032E+00 -7.28357E+00 -3.87453E+00  8.11904E+00  8.10143E+00 -3.94613E+00
 THETA3       -3.33984E+01 -5.07565E+00  3.39936E+01  4.16025E-02  2.92292E-01 -5.31358E+01  3.25091E+01  1.04371E+01  1.07609E+01 -1.09045E+01 -1.06336E+01 -5.32077E+00
 THETA4       -2.06114E+00 -1.69186E-01  4.16025E-02  1.78889E+02  1.69959E+03 -9.28175E+01 -1.41167E+00  1.59649E-01 -3.91387E+00  1.80148E+00 -1.52480E+00  4.51858E-01
 THETA5       -4.64614E+01 -4.54701E+00  2.92292E-01  1.69959E+03  4.24916E+04 -2.40936E+03 -6.58606E+01 -4.42899E+01 -1.71850E+02  1.77001E+02  3.05657E+01 -4.20426E+01
 SIGMA(1,1)   -5.57375E+02 -9.00633E+01 -5.31358E+01 -9.28175E+01 -2.40936E+03  1.95780E+06  1.47452E+04  7.00347E+03  3.23564E+03 -1.53296E+04 -1.30935E+02  4.37118E+03
 OMEGA(1,1)   -2.59281E+02 -3.68032E+00  3.25091E+01 -1.41167E+00 -6.58606E+01  1.47452E+04  1.08397E+04  2.69120E+03  2.11330E+02 -1.13197E+04 -1.40072E+03  2.98612E+03
 OMEGA(2,1)   -1.17326E+02 -7.28357E+00  1.04371E+01  1.59649E-01 -4.42899E+01  7.00347E+03  2.69120E+03  3.62862E+04  3.58311E+03 -1.62219E+04 -1.93800E+04  7.26437E+03
 OMEGA(2,2)   -6.80482E+01 -3.87453E+00  1.07609E+01 -3.91387E+00 -1.71850E+02  3.23564E+03  2.11330E+02  3.58311E+03  3.24089E+04 -1.61623E+03 -2.58791E+04  5.15148E+03
 OMEGA(3,1)    1.27077E+02  8.11904E+00 -1.09045E+01  1.80148E+00  1.77001E+02 -1.53296E+04 -1.13197E+04 -1.62219E+04 -1.61623E+03  4.33286E+04  1.10756E+04 -1.86549E+04
 OMEGA(3,2)    8.54088E+01  8.10143E+00 -1.06336E+01 -1.52480E+00  3.05657E+01 -1.30935E+02 -1.40072E+03 -1.93800E+04 -2.58791E+04  1.10756E+04  7.69028E+04 -2.64709E+04
 OMEGA(3,3)    1.67789E+01 -3.94613E+00 -5.32077E+00  4.51858E-01 -4.20426E+01  4.37118E+03  2.98612E+03  7.26437E+03  5.15148E+03 -1.86549E+04 -2.64709E+04  3.42654E+04
TABLE NO.     6: MCMC Bayesian Analysis: Problem=1 Subproblem=0 Superproblem1=0 Iteration1=0 Superproblem2=0 Iteration2=0
 NAME         THETA1       THETA2       THETA3       THETA4       THETA5       SIGMA(1,1)   OMEGA(1,1)   OMEGA(2,1)   OMEGA(2,2)   OMEGA(3,1)   OMEGA(3,2)   OMEGA(3,3)
 THETA1        2.86081E+02  3.28691E+00 -3.71002E+01  7.81201E+00 -8.73610E+01 -6.31702E+02 -2.73225E+02 -6.03268E+01 -1.32161E+02  1.51030E+02  1.55684E+02 -3.03441E+01
 THETA2        3.28691E+00  4.87208E+00 -5.35995E+00  1.15708E+00  1.08663E+01 -3.26604E+01 -7.62721E+00 -8.50350E+00 -3.93605E+00  9.41200E+00  5.55597E+00  2.10089E-01
 THETA3       -3.71002E+01 -5.35995E+00  3.56713E+01 -2.24338E-01  4.20389E+00  8.56139E+01  3.48090E+01  7.63195E+00  1.88466E+01 -2.66327E+01 -2.04100E+01 -8.47267E+00
 THETA4        7.81201E+00  1.15708E+00 -2.24338E-01  1.68633E+02  1.65647E+03 -1.69676E+02  4.80174E+01 -4.68994E-01  1.62997E+01 -2.71525E+01  2.28770E+01  9.56981E+00
 THETA5       -8.73610E+01  1.08663E+01  4.20389E+00  1.65647E+03  4.28954E+04 -8.00231E+03 -1.20519E+02 -9.58474E+02  4.09300E+02  2.82819E+02 -5.07030E+01 -5.92132E+02
 SIGMA(1,1)   -6.31702E+02 -3.26604E+01  8.56139E+01 -1.69676E+02 -8.00231E+03  1.95856E+06  1.64594E+04  1.95502E+04  6.14925E+03 -1.62986E+04 -8.78083E+03  9.14651E+03
 OMEGA(1,1)   -2.73225E+02 -7.62721E+00  3.48090E+01  4.80174E+01 -1.20519E+02  1.64594E+04  9.96823E+03  2.54485E+03  3.87184E+02 -1.01348E+04 -1.50714E+03  2.60266E+03
 OMEGA(2,1)   -6.03268E+01 -8.50350E+00  7.63195E+00 -4.68994E-01 -9.58474E+02  1.95502E+04  2.54485E+03  3.53917E+04  3.44834E+03 -1.54204E+04 -1.80798E+04  7.64401E+03
 OMEGA(2,2)   -1.32161E+02 -3.93605E+00  1.88466E+01  1.62997E+01  4.09300E+02  6.14925E+03  3.87184E+02  3.44834E+03  3.08391E+04 -1.36753E+03 -2.43656E+04  4.96757E+03
 OMEGA(3,1)    1.51030E+02  9.41200E+00 -2.66327E+01 -2.71525E+01  2.82819E+02 -1.62986E+04 -1.01348E+04 -1.54204E+04 -1.36753E+03  4.14892E+04  1.06465E+04 -1.76444E+04
 OMEGA(3,2)    1.55684E+02  5.55597E+00 -2.04100E+01  2.28770E+01 -5.07030E+01 -8.78083E+03 -1.50714E+03 -1.80798E+04 -2.43656E+04  1.06465E+04  7.24734E+04 -2.59687E+04
 OMEGA(3,3)   -3.03441E+01  2.10089E-01 -8.47267E+00  9.56981E+00 -5.92132E+02  9.14651E+03  2.60266E+03  7.64401E+03  4.96757E+03 -1.76444E+04 -2.59687E+04  3.19696E+04
TABLE NO.     7: Laplacian Conditional Estimation with Interaction (No Prior): Problem=1 Subproblem=0 Superproblem1=0 Iteration1=0 Superproblem2=0 Iteration2=0
 NAME         THETA1       THETA2       THETA3       THETA4       THETA5       SIGMA(1,1)   OMEGA(1,1)   OMEGA(2,1)   OMEGA(2,2)   OMEGA(3,1)   OMEGA(3,2)   OMEGA(3,3)
 THETA1        2.67656E+02  2.53608E+00 -3.53644E+01 -2.18185E+00 -4.92441E+01 -6.11946E+02 -2.60821E+02 -1.13877E+02 -7.16698E+01  1.15827E+02  8.65101E+01  2.32500E+01
 THETA2        2.53608E+00  4.95642E+00 -5.11702E+00 -1.71788E-01 -4.58838E+00 -9.15314E+01 -3.70317E+00 -6.69689E+00 -2.84327E+00  8.19583E+00  8.90449E+00 -4.51056E+00
 THETA3       -3.53644E+01 -5.11702E+00  3.44307E+01  5.33308E-02  5.76035E-01 -4.76201E+01  3.24352E+01  9.46277E+00  9.89059E+00 -7.03612E+00 -9.05781E+00 -4.00410E+00
 THETA4       -2.18185E+00 -1.71788E-01  5.33308E-02  1.78956E+02  1.69731E+03 -1.47544E+02 -4.67014E+00  4.36042E+01 -6.43246E+00  1.31402E+01  3.72195E+00 -1.19153E+01
 THETA5       -4.92441E+01 -4.58838E+00  5.76035E-01  1.69731E+03  4.24430E+04 -2.54203E+03  8.18667E+01 -7.48692E+02 -2.87399E+02  5.46500E+01 -1.03317E+02  1.16573E+02
 SIGMA(1,1)   -6.11946E+02 -9.15314E+01 -4.76201E+01 -1.47544E+02 -2.54203E+03  1.95654E+06  2.03707E+04  8.42584E+03  2.49225E+03 -1.78667E+04 -1.08556E+02  3.08063E+03
 OMEGA(1,1)   -2.60821E+02 -3.70317E+00  3.24352E+01 -4.67014E+00  8.18667E+01  2.03707E+04  1.27524E+04  4.05595E+03  7.96517E+02 -1.28618E+04 -1.19240E+03  2.81266E+03
 OMEGA(2,1)   -1.13877E+02 -6.69689E+00  9.46277E+00  4.36042E+01 -7.48692E+02  8.42584E+03  4.05595E+03  3.60804E+04  7.53534E+03 -1.87048E+04 -2.15351E+04  9.39525E+03
 OMEGA(2,2)   -7.16698E+01 -2.84327E+00  9.89059E+00 -6.43246E+00 -2.87399E+02  2.49225E+03  7.96517E+02  7.53534E+03  3.27798E+04 -2.70666E+03 -2.69092E+04  6.62279E+03
 OMEGA(3,1)    1.15827E+02  8.19583E+00 -7.03612E+00  1.31402E+01  5.46500E+01 -1.78667E+04 -1.28618E+04 -1.87048E+04 -2.70666E+03  4.69585E+04  1.15539E+04 -1.95736E+04
 OMEGA(3,2)    8.65101E+01  8.90449E+00 -9.05781E+00  3.72195E+00 -1.03317E+02 -1.08556E+02 -1.19240E+03 -2.15351E+04 -2.69092E+04  1.15539E+04  7.79396E+04 -2.67754E+04
 OMEGA(3,3)    2.32500E+01 -4.51056E+00 -4.00410E+00 -1.19153E+01  1.16573E+02  3.08063E+03  2.81266E+03  9.39525E+03  6.62279E+03 -1.95736E+04 -2.67754E+04  3.44316E+04
