TABLE NO.     1: Iterative Two Stage (No Prior): Problem=1 Subproblem=0 Superproblem1=0 Iteration1=0 Superproblem2=0 Iteration2=0
 NAME         THETA1       THETA2       THETA3       THETA4       SIGMA(1,1)   OMEGA(1,1)   OMEGA(2,1)   OMEGA(2,2)   OMEGA(3,1)   OMEGA(3,2)   OMEGA(3,3)   OMEGA(4,1)   OMEGA(4,2)   OMEGA(4,3)   OMEGA(4,4)
 THETA1        4.61819E-02  1.63404E-01  1.25090E-01 -6.09810E-03  1.27088E-01 -1.87720E-01  1.01653E-02 -2.41581E-02 -1.14735E-01 -4.68709E-02 -1.10520E-01 -1.44130E-01 -2.07498E-01 -1.13028E-02  1.56149E-02
 THETA2        1.63404E-01  4.90160E-02  6.89301E-02  6.31890E-02  1.65632E-01  6.69680E-02  1.53573E-01 -1.33157E-02 -5.56193E-03 -4.28258E-02 -1.02330E-01 -1.61253E-01 -7.57108E-02 -3.97574E-02 -9.87098E-03
 THETA3        1.25090E-01  6.89301E-02  6.52743E-02  4.58084E-01 -2.46272E-03  3.08734E-02  1.68546E-02 -9.55758E-02 -1.25792E-01  2.49266E-02 -6.15367E-02  7.43820E-02  7.37742E-02  7.75896E-02  6.58116E-02
 THETA4       -6.09810E-03  6.31890E-02  4.58084E-01  5.39293E-02  7.35193E-02 -6.19185E-02 -1.14731E-01 -6.57446E-02  1.23522E-01  5.85287E-02  1.41341E-01  1.09582E-01  9.89881E-02  1.01746E-01 -1.43190E-01
 SIGMA(1,1)    1.27088E-01  1.65632E-01 -2.46272E-03  7.35193E-02  7.61036E-03 -2.68647E-01 -2.39778E-01 -2.97264E-01 -2.28393E-01  2.73758E-02 -1.89809E-01 -3.66138E-01 -1.91051E-01 -3.08878E-01 -3.73762E-01
 OMEGA(1,1)   -1.87720E-01  6.69680E-02  3.08734E-02 -6.19185E-02 -2.68647E-01  2.89776E-02  4.68048E-01  1.38820E-01  1.53441E-01  1.69855E-01  1.17312E-01  2.80215E-01  1.44511E-01  1.91023E-01  2.29979E-01
 OMEGA(2,1)    1.01653E-02  1.53573E-01  1.68546E-02 -1.14731E-01 -2.39778E-01  4.68048E-01  2.31397E-02  2.96857E-01  3.16687E-01  4.57712E-02  9.67950E-02  2.84176E-01  1.36275E-01  1.10317E-01  1.33719E-01
 OMEGA(2,2)   -2.41581E-02 -1.33157E-02 -9.55758E-02 -6.57446E-02 -2.97264E-01  1.38820E-01  2.96857E-01  3.49230E-02  7.22824E-02  2.09750E-01  2.38926E-01  1.41609E-01  3.95787E-01  2.38359E-01  2.28074E-01
 OMEGA(3,1)   -1.14735E-01 -5.56193E-03 -1.25792E-01  1.23522E-01 -2.28393E-01  1.53441E-01  3.16687E-01  7.22824E-02  3.24985E-02 -5.02252E-02  3.86065E-01  6.09506E-01  2.69931E-02  1.97745E-01  4.60271E-02
 OMEGA(3,2)   -4.68709E-02 -4.28258E-02  2.49266E-02  5.85287E-02  2.73758E-02  1.69855E-01  4.57712E-02  2.09750E-01 -5.02252E-02  3.82779E-02  1.75605E-01 -2.77940E-02  5.61499E-01  2.21475E-01  1.30617E-01
 OMEGA(3,3)   -1.10520E-01 -1.02330E-01 -6.15367E-02  1.41341E-01 -1.89809E-01  1.17312E-01  9.67950E-02  2.38926E-01  3.86065E-01  1.75605E-01  6.48369E-02  2.12712E-01  2.27042E-01  7.45623E-01  4.15709E-01
 OMEGA(4,1)   -1.44130E-01 -1.61253E-01  7.43820E-02  1.09582E-01 -3.66138E-01  2.80215E-01  2.84176E-01  1.41609E-01  6.09506E-01 -2.77940E-02  2.12712E-01  2.76129E-02  1.20198E-01  1.69963E-01  1.33144E-01
 OMEGA(4,2)   -2.07498E-01 -7.57108E-02  7.37742E-02  9.89881E-02 -1.91051E-01  1.44511E-01  1.36275E-01  3.95787E-01  2.69931E-02  5.61499E-01  2.27042E-01  1.20198E-01  2.73390E-02  2.68406E-01  2.02082E-01
 OMEGA(4,3)   -1.13028E-02 -3.97574E-02  7.75896E-02  1.01746E-01 -3.08878E-01  1.91023E-01  1.10317E-01  2.38359E-01  1.97745E-01  2.21475E-01  7.45623E-01  1.69963E-01  2.68406E-01  4.50155E-02  7.31610E-01
 OMEGA(4,4)    1.56149E-02 -9.87098E-03  6.58116E-02 -1.43190E-01 -3.73762E-01  2.29979E-01  1.33719E-01  2.28074E-01  4.60271E-02  1.30617E-01  4.15709E-01  1.33144E-01  2.02082E-01  7.31610E-01  4.06377E-02
TABLE NO.     2: Stochastic Approximation Expectation-Maximization (No Prior): Problem=1 Subproblem=0 Superproblem1=0 Iteration1=0 Superproblem2=0 Iteration2=0
 NAME         THETA1       THETA2       THETA3       THETA4       SIGMA(1,1)   OMEGA(1,1)   OMEGA(2,1)   OMEGA(2,2)   OMEGA(3,1)   OMEGA(3,2)   OMEGA(3,3)   OMEGA(4,1)   OMEGA(4,2)   OMEGA(4,3)   OMEGA(4,4)
 THETA1        4.70138E-02  1.50481E-01  1.71041E-01  4.58030E-03  1.05812E-01 -2.12626E-01  1.99196E-02 -6.30077E-02 -1.47106E-01 -7.17378E-02 -1.91104E-01 -1.68530E-01 -2.17228E-01 -8.33544E-02 -4.40150E-02
 THETA2        1.50481E-01  5.39870E-02 -2.50195E-02  5.29152E-02  1.97599E-01  9.69412E-02  1.31288E-01 -1.66190E-01  2.25974E-02  9.97350E-03 -1.93189E-01 -1.34421E-01 -1.29306E-01 -1.25982E-01 -7.32172E-02
 THETA3        1.71041E-01 -2.50195E-02  7.07732E-02  4.49125E-01 -2.63070E-02 -1.05604E-02  5.17211E-03 -1.16887E-01 -2.31343E-01  6.70993E-02 -1.05249E-01  2.52404E-02  8.85949E-02  4.17492E-02  6.81501E-03
 THETA4        4.58030E-03  5.29152E-02  4.49125E-01  5.52296E-02  8.39689E-02 -8.70210E-02 -1.05832E-01 -1.41998E-01  7.01316E-02  6.22847E-03  8.69605E-02  6.08803E-02  7.25578E-02  1.16125E-02 -2.07153E-01
 SIGMA(1,1)    1.05812E-01  1.97599E-01 -2.63070E-02  8.39689E-02  7.59759E-03 -2.49984E-01 -1.97929E-01 -2.60298E-01 -1.53568E-01 -9.90250E-02 -1.72090E-01 -3.33097E-01 -2.19889E-01 -3.03450E-01 -3.78998E-01
 OMEGA(1,1)   -2.12626E-01  9.69412E-02 -1.05604E-02 -8.70210E-02 -2.49984E-01  2.89311E-02  4.29353E-01  7.95259E-02  2.00046E-01  1.95341E-01  8.33904E-02  2.75016E-01  1.47487E-01  1.44104E-01  1.82000E-01
 OMEGA(2,1)    1.99196E-02  1.31288E-01  5.17211E-03 -1.05832E-01 -1.97929E-01  4.29353E-01  2.42881E-02  1.96665E-01  2.28991E-01  6.80966E-02  3.54580E-02  2.60142E-01  1.65791E-01  5.82936E-02  9.08380E-02
 OMEGA(2,2)   -6.30077E-02 -1.66190E-01 -1.16887E-01 -1.41998E-01 -2.60298E-01  7.95259E-02  1.96665E-01  3.80506E-02 -6.42816E-02  1.00569E-01  1.20854E-01  1.03371E-01  3.43723E-01  1.57256E-01  2.10639E-01
 OMEGA(3,1)   -1.47106E-01  2.25974E-02 -2.31343E-01  7.01316E-02 -1.53568E-01  2.00046E-01  2.28991E-01 -6.42816E-02  3.32981E-02 -9.12177E-02  3.75947E-01  5.41014E-01 -9.64760E-03  1.45991E-01  9.47305E-03
 OMEGA(3,2)   -7.17378E-02  9.97350E-03  6.70993E-02  6.22847E-03 -9.90250E-02  1.95341E-01  6.80966E-02  1.00569E-01 -9.12177E-02  4.57421E-02  2.16695E-02 -2.46015E-02  5.05664E-01  1.92325E-01  1.20643E-01
 OMEGA(3,3)   -1.91104E-01 -1.93189E-01 -1.05249E-01  8.69605E-02 -1.72090E-01  8.33904E-02  3.54580E-02  1.20854E-01  3.75947E-01  2.16695E-02  6.99510E-02  1.84032E-01  1.55649E-01  7.35128E-01  3.98737E-01
 OMEGA(4,1)   -1.68530E-01 -1.34421E-01  2.52404E-02  6.08803E-02 -3.33097E-01  2.75016E-01  2.60142E-01  1.03371E-01  5.41014E-01 -2.46015E-02  1.84032E-01  2.72315E-02  9.59561E-02  1.64024E-01  1.13697E-01
 OMEGA(4,2)   -2.17228E-01 -1.29306E-01  8.85949E-02  7.25578E-02 -2.19889E-01  1.47487E-01  1.65791E-01  3.43723E-01 -9.64760E-03  5.05664E-01  1.55649E-01  9.59561E-02  3.03327E-02  1.90821E-01  2.14338E-01
 OMEGA(4,3)   -8.33544E-02 -1.25982E-01  4.17492E-02  1.16125E-02 -3.03450E-01  1.44104E-01  5.82936E-02  1.57256E-01  1.45991E-01  1.92325E-01  7.35128E-01  1.64024E-01  1.90821E-01  4.79044E-02  6.90196E-01
 OMEGA(4,4)   -4.40150E-02 -7.32172E-02  6.81501E-03 -2.07153E-01 -3.78998E-01  1.82000E-01  9.08380E-02  2.10639E-01  9.47305E-03  1.20643E-01  3.98737E-01  1.13697E-01  2.14338E-01  6.90196E-01  4.12103E-02
TABLE NO.     3: Objective Function Evaluation by Importance Sampling (No Prior): Problem=1 Subproblem=0 Superproblem1=0 Iteration1=0 Superproblem2=0 Iteration2=0
 NAME         THETA1       THETA2       THETA3       THETA4       SIGMA(1,1)   OMEGA(1,1)   OMEGA(2,1)   OMEGA(2,2)   OMEGA(3,1)   OMEGA(3,2)   OMEGA(3,3)   OMEGA(4,1)   OMEGA(4,2)   OMEGA(4,3)   OMEGA(4,4)
 THETA1        4.32639E-02  1.14899E-01  1.89077E-01  7.30727E-02  1.79340E-02  4.27004E-02  6.46273E-02 -5.32978E-02  4.88132E-02  3.94678E-02  1.18540E-02  5.64611E-02  4.34175E-03  1.68107E-02  1.02937E-02
 THETA2        1.14899E-01  5.12818E-02  4.17293E-02  1.38264E-01  7.44371E-02  1.02147E-01  1.25100E-01 -1.46975E-01  1.09459E-01  1.48740E-01 -5.73983E-02  9.21811E-02 -2.56252E-02 -2.41651E-02  3.14727E-02
 THETA3        1.89077E-01  4.17293E-02  6.84105E-02  4.92975E-01  5.40371E-02  7.10901E-02  1.29513E-01 -1.70230E-01 -1.50938E-02  2.43599E-01  4.32221E-02  8.25194E-02  1.15081E-01 -1.76253E-02 -6.84459E-02
 THETA4        7.30727E-02  1.38264E-01  4.92975E-01  5.22489E-02  4.03538E-02  8.18543E-02  9.65547E-02 -1.15528E-01  7.76076E-02  7.29122E-02  4.18691E-02  7.49862E-02  1.09986E-01 -4.21106E-02 -3.38524E-03
 SIGMA(1,1)    1.79340E-02  7.44371E-02  5.40371E-02  4.03538E-02  6.60388E-03 -8.02041E-02 -9.76432E-02 -2.15368E-01 -1.43480E-01  1.09417E-02 -3.28278E-01 -1.65861E-01 -8.03629E-02 -3.41961E-01 -2.85655E-01
 OMEGA(1,1)    4.27004E-02  1.02147E-01  7.10901E-02  8.18543E-02 -8.02041E-02  2.74945E-02  1.85751E-01 -4.46101E-02  3.38833E-01  6.30506E-02  1.00945E-01  1.80084E-01  3.09938E-02  8.00611E-02  5.66490E-02
 OMEGA(2,1)    6.46273E-02  1.25100E-01  1.29513E-01  9.65547E-02 -9.76432E-02  1.85751E-01  2.21887E-02  3.50121E-02  1.01398E-01  2.77718E-01  5.91616E-02  2.07477E-01  1.04458E-01  7.93439E-02  5.85485E-02
 OMEGA(2,2)   -5.32978E-02 -1.46975E-01 -1.70230E-01 -1.15528E-01 -2.15368E-01 -4.46101E-02  3.50121E-02  3.44100E-02 -4.02672E-02 -1.36540E-01 -6.15560E-03 -2.31492E-02  1.56050E-01  2.92594E-02  8.30692E-02
 OMEGA(3,1)    4.88132E-02  1.09459E-01 -1.50938E-02  7.76076E-02 -1.43480E-01  3.38833E-01  1.01398E-01 -4.02672E-02  2.94829E-02  2.87108E-02  3.30354E-01  5.23059E-01  4.09911E-02  2.34168E-01  1.29083E-01
 OMEGA(3,2)    3.94678E-02  1.48740E-01  2.43599E-01  7.29122E-02  1.09417E-02  6.30506E-02  2.77718E-01 -1.36540E-01  2.87108E-02  3.64128E-02 -1.79482E-02  6.60602E-02  3.86467E-01  4.74676E-02  2.68526E-02
 OMEGA(3,3)    1.18540E-02 -5.73983E-02  4.32221E-02  4.18691E-02 -3.28278E-01  1.00945E-01  5.91616E-02 -6.15560E-03  3.30354E-01 -1.79482E-02  6.26490E-02  2.14725E-01  6.47553E-02  6.53913E-01  2.63868E-01
 OMEGA(4,1)    5.64611E-02  9.21811E-02  8.25194E-02  7.49862E-02 -1.65861E-01  1.80084E-01  2.07477E-01 -2.31492E-02  5.23059E-01  6.60602E-02  2.14725E-01  2.34604E-02  1.12245E-01  2.93213E-01  1.58472E-01
 OMEGA(4,2)    4.34175E-03 -2.56252E-02  1.15081E-01  1.09986E-01 -8.03629E-02  3.09938E-02  1.04458E-01  1.56050E-01  4.09911E-02  3.86467E-01  6.47553E-02  1.12245E-01  2.54988E-02  1.10576E-01  2.15743E-01
 OMEGA(4,3)    1.68107E-02 -2.41651E-02 -1.76253E-02 -4.21106E-02 -3.41961E-01  8.00611E-02  7.93439E-02  2.92594E-02  2.34168E-01  4.74676E-02  6.53913E-01  2.93213E-01  1.10576E-01  3.70284E-02  6.13759E-01
 OMEGA(4,4)    1.02937E-02  3.14727E-02 -6.84459E-02 -3.38524E-03 -2.85655E-01  5.66490E-02  5.85485E-02  8.30692E-02  1.29083E-01  2.68526E-02  2.63868E-01  1.58472E-01  2.15743E-01  6.13759E-01  3.77848E-02
TABLE NO.     4: MCMC Bayesian Analysis: Problem=1 Subproblem=0 Superproblem1=0 Iteration1=0 Superproblem2=0 Iteration2=0
 NAME         THETA1       THETA2       THETA3       THETA4       SIGMA(1,1)   OMEGA(1,1)   OMEGA(2,1)   OMEGA(2,2)   OMEGA(3,1)   OMEGA(3,2)   OMEGA(3,3)   OMEGA(4,1)   OMEGA(4,2)   OMEGA(4,3)   OMEGA(4,4)
 THETA1        4.46463E-02  1.12533E-01  1.78227E-01  6.33995E-02  8.80618E-03  4.56230E-02  4.33269E-02 -5.22643E-02  5.18762E-02  4.39783E-02  2.50734E-02  4.75216E-02  6.72204E-03  1.91300E-02  1.54139E-02
 THETA2        1.12533E-01  5.40621E-02  3.52686E-02  1.27820E-01  9.30245E-02  9.65992E-02  8.25510E-02 -1.58103E-01  9.55972E-02  1.41259E-01 -6.52196E-02  8.22611E-02 -3.98313E-02 -2.26705E-02  9.11661E-03
 THETA3        1.78227E-01  3.52686E-02  6.85232E-02  4.63420E-01  6.02790E-02  8.99102E-02  1.14088E-01 -1.49556E-01  2.75954E-02  2.31805E-01  5.66642E-02  1.08077E-01  1.14010E-01 -1.36498E-02 -6.49119E-02
 THETA4        6.33995E-02  1.27820E-01  4.63420E-01  5.33567E-02  5.29627E-02  9.10590E-02  8.84116E-02 -8.06791E-02  8.54277E-02  6.10398E-02  4.65639E-02  6.92147E-02  1.28376E-01 -5.90617E-02  9.37702E-03
 SIGMA(1,1)    8.80618E-03  9.30245E-02  6.02790E-02  5.29627E-02  7.04368E-03 -4.84805E-02 -6.17639E-02 -1.96931E-01 -7.82736E-02  2.72122E-02 -2.64913E-01 -9.51580E-02 -4.94108E-02 -2.77906E-01 -2.32750E-01
 OMEGA(1,1)    4.56230E-02  9.65992E-02  8.99102E-02  9.10590E-02 -4.84805E-02  2.85855E-02  1.63302E-01 -5.55112E-02  2.61105E-01  7.66960E-02  6.88025E-02  1.08289E-01  2.30637E-02  4.13110E-02  1.85762E-02
 OMEGA(2,1)    4.33269E-02  8.25510E-02  1.14088E-01  8.84116E-02 -6.17639E-02  1.63302E-01  2.28487E-02  2.17010E-02  9.89822E-02  2.18747E-01  2.92220E-02  1.89018E-01  2.80538E-02  5.31875E-02  9.94042E-03
 OMEGA(2,2)   -5.22643E-02 -1.58103E-01 -1.49556E-01 -8.06791E-02 -1.96931E-01 -5.55112E-02  2.17010E-02  3.69747E-02 -7.82945E-02 -1.52445E-01  1.98797E-02 -4.91045E-02  1.82630E-01  2.76444E-02  8.90293E-02
 OMEGA(3,1)    5.18762E-02  9.55972E-02  2.75954E-02  8.54277E-02 -7.82736E-02  2.61105E-01  9.89822E-02 -7.82945E-02  2.87235E-02  8.61198E-02  2.58578E-01  4.57333E-01  1.46807E-02  1.30660E-01  3.50642E-02
 OMEGA(3,2)    4.39783E-02  1.41259E-01  2.31805E-01  6.10398E-02  2.72122E-02  7.66960E-02  2.18747E-01 -1.52445E-01  8.61198E-02  3.50966E-02 -1.11800E-02  8.21847E-02  3.00873E-01  5.99822E-02 -4.17807E-04
 OMEGA(3,3)    2.50734E-02 -6.52196E-02  5.66642E-02  4.65639E-02 -2.64913E-01  6.88025E-02  2.92220E-02  1.98797E-02  2.58578E-01 -1.11800E-02  6.02575E-02  1.21427E-01  2.86173E-02  5.72739E-01  1.86898E-01
 OMEGA(4,1)    4.75216E-02  8.22611E-02  1.08077E-01  6.92147E-02 -9.51580E-02  1.08289E-01  1.89018E-01 -4.91045E-02  4.57333E-01  8.21847E-02  1.21427E-01  2.33863E-02  6.67620E-02  1.78430E-01  3.78831E-02
 OMEGA(4,2)    6.72204E-03 -3.98313E-02  1.14010E-01  1.28376E-01 -4.94108E-02  2.30637E-02  2.80538E-02  1.82630E-01  1.46807E-02  3.00873E-01  2.86173E-02  6.67620E-02  2.63749E-02  5.78123E-02  2.05243E-01
 OMEGA(4,3)    1.91300E-02 -2.26705E-02 -1.36498E-02 -5.90617E-02 -2.77906E-01  4.13110E-02  5.31875E-02  2.76444E-02  1.30660E-01  5.99822E-02  5.72739E-01  1.78430E-01  5.78123E-02  3.45089E-02  5.25389E-01
 OMEGA(4,4)    1.54139E-02  9.11661E-03 -6.49119E-02  9.37702E-03 -2.32750E-01  1.85762E-02  9.94042E-03  8.90293E-02  3.50642E-02 -4.17807E-04  1.86898E-01  3.78831E-02  2.05243E-01  5.25389E-01  3.78353E-02
TABLE NO.     5: First Order Conditional Estimation with Interaction (No Prior): Problem=1 Subproblem=0 Superproblem1=0 Iteration1=0 Superproblem2=0 Iteration2=0
 NAME         THETA1       THETA2       THETA3       THETA4       SIGMA(1,1)   OMEGA(1,1)   OMEGA(2,1)   OMEGA(2,2)   OMEGA(3,1)   OMEGA(3,2)   OMEGA(3,3)   OMEGA(4,1)   OMEGA(4,2)   OMEGA(4,3)   OMEGA(4,4)
 THETA1        4.32282E-02  1.21277E-01  1.95764E-01  1.09254E-01  3.28814E-02  6.11349E-02  8.35846E-02 -7.56766E-03  8.21446E-02  4.33565E-02  7.07039E-02  8.88863E-02  2.89344E-02  7.35271E-02  5.60675E-02
 THETA2        1.21277E-01  4.76597E-02  6.51519E-02  1.25844E-01  2.48574E-02  1.06312E-01  1.27550E-01  2.62668E-02  1.31497E-01  5.74286E-02  5.50672E-03  1.17612E-01 -1.35933E-02  3.26242E-02  7.47040E-02
 THETA3        1.95764E-01  6.51519E-02  7.02645E-02  5.35365E-01  2.24806E-02  9.88749E-02  1.64957E-01 -1.22449E-01  6.37116E-03  3.31256E-01  1.49516E-01  1.30790E-01  1.84051E-01  9.04508E-02  2.95129E-02
 THETA4        1.09254E-01  1.25844E-01  5.35365E-01  5.15465E-02 -2.74979E-02  1.14499E-01  1.50110E-01 -4.86557E-02  1.31398E-01  1.27946E-01  1.67430E-01  1.69127E-01  1.48780E-01  1.24633E-01  1.02592E-01
 SIGMA(1,1)    3.28814E-02  2.48574E-02  2.24806E-02 -2.74979E-02  8.10500E-03 -1.50158E-01 -2.11243E-01 -2.76924E-01 -2.80767E-01  1.97435E-01 -5.41161E-01 -2.70762E-01 -1.33614E-01 -5.41324E-01 -4.42111E-01
 OMEGA(1,1)    6.11349E-02  1.06312E-01  9.88749E-02  1.14499E-01 -1.50158E-01  2.70575E-02  2.34395E-01  1.76381E-02  3.28259E-01  4.06635E-02  1.60359E-01  2.22597E-01  5.75033E-02  1.52572E-01  1.22522E-01
 OMEGA(2,1)    8.35846E-02  1.27550E-01  1.64957E-01  1.50110E-01 -2.11243E-01  2.34395E-01  2.12808E-02  1.33718E-01  2.27934E-01  1.91215E-01  1.92868E-01  2.71299E-01  1.11594E-01  1.93157E-01  1.56934E-01
 OMEGA(2,2)   -7.56766E-03  2.62668E-02 -1.22449E-01 -4.86557E-02 -2.76924E-01  1.76381E-02  1.33718E-01  3.13190E-02  9.14990E-02 -8.16374E-02  1.36636E-01  7.16410E-02  1.86264E-01  1.59649E-01  1.59103E-01
 OMEGA(3,1)    8.21446E-02  1.31497E-01  6.37116E-03  1.31398E-01 -2.80767E-01  3.28259E-01  2.27934E-01  9.14990E-02  2.99749E-02 -9.19301E-02  4.30835E-01  5.77081E-01  6.80808E-02  3.86304E-01  2.68402E-01
 OMEGA(3,2)    4.33565E-02  5.74286E-02  3.31256E-01  1.27946E-01  1.97435E-01  4.06635E-02  1.91215E-01 -8.16374E-02 -9.19301E-02  3.60571E-02 -7.47263E-02 -9.11972E-03  3.77187E-01 -9.25449E-02 -6.99732E-02
 OMEGA(3,3)    7.07039E-02  5.50672E-03  1.49516E-01  1.67430E-01 -5.41161E-01  1.60359E-01  1.92868E-01  1.36636E-01  4.30835E-01 -7.47263E-02  7.58316E-02  3.35812E-01  1.33756E-01  8.07534E-01  4.79914E-01
 OMEGA(4,1)    8.88863E-02  1.17612E-01  1.30790E-01  1.69127E-01 -2.70762E-01  2.22597E-01  2.71299E-01  7.16410E-02  5.77081E-01 -9.11972E-03  3.35812E-01  2.35388E-02  1.74468E-01  3.85118E-01  2.86149E-01
 OMEGA(4,2)    2.89344E-02 -1.35933E-02  1.84051E-01  1.48780E-01 -1.33614E-01  5.75033E-02  1.11594E-01  1.86264E-01  6.80808E-02  3.77187E-01  1.33756E-01  1.74468E-01  2.34884E-02  2.04084E-01  2.68311E-01
 OMEGA(4,3)    7.35271E-02  3.26242E-02  9.04508E-02  1.24633E-01 -5.41324E-01  1.52572E-01  1.93157E-01  1.59649E-01  3.86304E-01 -9.25449E-02  8.07534E-01  3.85118E-01  2.04084E-01  4.46833E-02  7.10468E-01
 OMEGA(4,4)    5.60675E-02  7.47040E-02  2.95129E-02  1.02592E-01 -4.42111E-01  1.22522E-01  1.56934E-01  1.59103E-01  2.68402E-01 -6.99732E-02  4.79914E-01  2.86149E-01  2.68311E-01  7.10468E-01  3.90515E-02
