TABLE NO.     1: NUTS Bayesian Analysis: Problem=1 Subproblem=0 Superproblem1=0 Iteration1=0 Superproblem2=0 Iteration2=0
 NAME         THETA1       THETA2       THETA3       THETA4       THETA5       THETA6       THETA7       THETA8       SIGMA(1,1)   SIGMA(2,1)   SIGMA(2,2)   OMEGA(1,1)   OMEGA(2,1)   OMEGA(2,2)   OMEGA(3,1)   OMEGA(3,2)   OMEGA(3,3)   OMEGA(4,1)   OMEGA(4,2)   OMEGA(4,3)   OMEGA(4,4)   OMEGA(5,1)   OMEGA(5,2)   OMEGA(5,3)   OMEGA(5,4)   OMEGA(5,5)   OMEGA(6,1)   OMEGA(6,2)   OMEGA(6,3)   OMEGA(6,4)   OMEGA(6,5)   OMEGA(6,6)   OMEGA(7,1)   OMEGA(7,2)   OMEGA(7,3)   OMEGA(7,4)   OMEGA(7,5)   OMEGA(7,6)   OMEGA(7,7)   OMEGA(8,1)   OMEGA(8,2)   OMEGA(8,3)   OMEGA(8,4)   OMEGA(8,5)   OMEGA(8,6)   OMEGA(8,7)   OMEGA(8,8)
 THETA1        7.56815E-02 -1.37866E-01  1.05753E-01  7.28934E-02  7.91838E-02 -9.28845E-03  4.58009E-02  2.51525E-01  2.02841E-02  0.00000E+00  1.57004E-02 -5.99637E-02 -7.11179E-02 -2.22790E-03 -1.20705E-02  9.08492E-03  1.75496E-02  3.20076E-03 -4.84691E-02 -9.83549E-02  6.09173E-02 -4.25444E-02  4.96357E-02  4.79537E-02 -3.45455E-02 -1.15873E-02 -1.95131E-02  1.60499E-02  2.44117E-02  1.00337E-02  3.12178E-02 -3.20937E-02 -3.26575E-03  2.77521E-02  1.78765E-03  4.75366E-02  1.45153E-02 -2.26172E-02 -5.05247E-02 -2.77350E-02 -1.79711E-02 -2.64924E-02 -3.45732E-02  4.07739E-02  2.93723E-02  2.05334E-02 -2.51720E-02
 THETA2       -1.37866E-01  7.24304E-02 -2.01784E-02  1.03304E-01  2.67110E-02 -6.44097E-03 -2.25811E-01  2.11688E-01 -3.21569E-02  0.00000E+00 -2.93202E-02  5.24759E-02  1.00781E-01 -2.59485E-01  3.51209E-03  7.19202E-02  3.01787E-02  5.37037E-02 -1.69667E-01  7.23338E-02 -2.00450E-02  1.70817E-02 -6.23983E-02  2.16378E-02  2.57067E-02 -1.40386E-02  1.63537E-02  1.82874E-02 -1.19207E-02  6.00798E-03  3.13868E-02 -5.31679E-02 -2.02019E-02  2.09348E-01  1.05702E-03 -4.54782E-03  3.36388E-04 -7.33827E-03  1.52537E-02  3.31386E-02 -6.73462E-02  1.22518E-02  7.80220E-02  2.40113E-02 -2.40447E-02 -7.27365E-02 -2.67071E-03
 THETA3        1.05753E-01 -2.01784E-02  5.45857E-02  3.47240E-02 -5.68606E-03  8.55293E-02  1.49613E-01  2.08045E-01  4.41022E-04  0.00000E+00 -3.40029E-02  7.76971E-04 -4.13129E-02  2.35644E-02  7.26224E-02  1.73417E-02 -9.98164E-02  5.19744E-03  2.27515E-02  1.42257E-01  1.28590E-01 -3.15861E-02  1.95961E-02 -4.57212E-03  6.73579E-03  3.67791E-02 -1.36598E-02  2.39980E-02 -3.12097E-02 -6.93443E-02  7.60559E-03  2.50943E-02  4.13977E-02 -5.25353E-02 -6.81716E-02 -1.11378E-02  5.24261E-02 -4.10162E-02  4.23102E-02  3.58739E-02 -6.12961E-03  1.40466E-02  4.42584E-02  2.24029E-02  2.34481E-02  8.38724E-03  3.71927E-02
 THETA4        7.28934E-02  1.03304E-01  3.47240E-02  7.48753E-02 -7.36978E-02  6.45459E-02 -2.01503E-01  1.29554E-01 -2.87699E-02  0.00000E+00 -3.38500E-02 -3.87650E-02 -3.00094E-03  1.55492E-02 -8.61553E-03  2.36028E-02 -2.34385E-02 -8.19587E-03 -4.54553E-03  4.66133E-02  7.78155E-02 -9.79599E-03 -6.33127E-02  5.97468E-03  1.12564E-02 -2.25154E-02  1.84570E-02 -1.34471E-02  2.65192E-02 -6.90446E-04 -5.10645E-03 -9.40100E-04  7.00189E-03 -7.59662E-03 -8.36914E-02 -3.73721E-02 -2.48278E-03  6.10865E-02  8.71650E-03  3.97760E-02  1.28974E-02  1.19941E-02  2.66415E-02 -2.45231E-02 -1.03700E-02 -2.55178E-02  5.25850E-02
 THETA5        7.91838E-02  2.67110E-02 -5.68606E-03 -7.36978E-02  6.56442E-02 -1.32258E-01  8.93804E-02 -2.07976E-02 -4.87229E-02  0.00000E+00 -5.54856E-02  2.82479E-02  4.23389E-04  2.28283E-02 -4.23479E-03 -3.23292E-02  5.33284E-03  4.22251E-03 -1.61198E-02  4.58359E-03  6.29377E-03  2.15833E-03  2.25577E-02  6.13282E-02  2.94686E-02 -2.06304E-02  3.79991E-02 -2.58676E-02 -1.12917E-02 -1.05200E-02  4.15394E-02 -6.78110E-03  2.92499E-02 -1.09425E-02  6.09742E-02 -5.71152E-03  2.41081E-02 -1.38909E-02  6.01502E-03  1.80304E-02 -1.29056E-02  1.67035E-02 -1.06725E-05  2.10356E-03 -1.73715E-02 -4.55127E-03  1.91243E-02
 THETA6       -9.28845E-03 -6.44097E-03  8.55293E-02  6.45459E-02 -1.32258E-01  7.17728E-02  7.08340E-02 -1.40208E-01  4.60593E-02  0.00000E+00  1.45336E-02 -1.85541E-02 -4.29720E-02  1.27987E-02 -5.69996E-02  2.10583E-02  2.48391E-02 -2.51573E-02  2.43847E-02  1.31067E-02  4.22891E-02  1.68014E-02 -5.24186E-02  5.98029E-03  5.81995E-05  7.61499E-03  2.51231E-02  6.20436E-03 -5.04588E-03  5.12303E-02 -6.97022E-02 -2.89712E-03 -1.34630E-02 -2.76010E-02  2.35098E-02  3.92567E-02  4.66043E-02 -6.45780E-02 -5.56872E-05 -1.56316E-02 -2.22931E-02  7.90469E-03  5.83599E-04  1.53994E-02  3.16711E-02  7.14288E-03  1.66644E-02
 THETA7        4.58009E-02 -2.25811E-01  1.49613E-01 -2.01503E-01  8.93804E-02  7.08340E-02  6.72761E-02  2.29838E-01  5.14262E-02  0.00000E+00 -1.48804E-02  4.93580E-02 -2.68058E-02  6.25772E-03  2.17435E-02  6.96600E-03 -1.76019E-02  1.54260E-02  6.45886E-04  1.09591E-02 -5.62812E-03  6.54838E-03  4.69541E-03 -1.99457E-02  7.00430E-02 -8.00541E-03  7.54302E-03 -3.63953E-04 -5.68382E-03 -3.65015E-02 -5.54914E-02 -8.21209E-03 -1.15259E-03 -2.19423E-02  3.67649E-02 -4.05940E-02 -1.67067E-02 -2.83256E-02  5.39475E-03  2.35949E-02 -2.25840E-02  4.23979E-03 -1.73586E-02 -7.61638E-03  1.96805E-02 -9.40149E-03  3.29529E-02
 THETA8        2.51525E-01  2.11688E-01  2.08045E-01  1.29554E-01 -2.07976E-02 -1.40208E-01  2.29838E-01  6.34236E-02 -5.88300E-03  0.00000E+00 -3.25521E-02  4.32240E-02 -1.96040E-02  4.35303E-03  3.53450E-02  1.92089E-02 -2.45432E-02  9.00480E-03 -3.31229E-02 -1.58694E-02 -9.68087E-03 -8.35326E-03  7.74357E-03  6.83273E-03  3.35929E-02  2.30801E-02  7.32133E-03 -6.17676E-02 -8.38549E-03 -1.34266E-02 -1.38165E-02 -4.45889E-02  1.35035E-02 -4.31526E-02  1.32384E-02  1.10112E-02 -3.80929E-03  5.28611E-03  1.90509E-02  4.62788E-02 -2.38323E-02  2.41291E-02  6.23801E-03 -1.20491E-02  1.28469E-02  2.85530E-02  2.88696E-02
 SIGMA(1,1)    2.02841E-02 -3.21569E-02  4.41022E-04 -2.87699E-02 -4.87229E-02  4.60593E-02  5.14262E-02 -5.88300E-03  6.56224E-04  0.00000E+00 -5.52551E-02 -3.26646E-02 -2.44692E-02 -1.14755E-02 -1.71271E-02  1.63186E-02 -4.50595E-02  9.92666E-03  3.26504E-02 -5.02884E-03  2.18917E-03 -3.73154E-03 -1.28587E-02  2.97928E-02 -1.94375E-02  3.63335E-02 -1.01378E-02  1.86770E-02  3.10438E-03  3.39689E-03 -2.72639E-02  8.51624E-03 -3.98403E-03 -4.66723E-02  2.72047E-02  6.66132E-03  6.66085E-03  7.23936E-03  7.68835E-02  1.69050E-04 -8.97259E-03  1.94206E-02  1.13930E-02  3.34838E-02  6.13551E-02 -2.03850E-03 -2.50046E-02
 SIGMA(2,1)    0.00000E+00  0.00000E+00  0.00000E+00  0.00000E+00  0.00000E+00  0.00000E+00  0.00000E+00  0.00000E+00  0.00000E+00  0.00000E+00  0.00000E+00  0.00000E+00  0.00000E+00  0.00000E+00  0.00000E+00  0.00000E+00  0.00000E+00  0.00000E+00  0.00000E+00  0.00000E+00  0.00000E+00  0.00000E+00  0.00000E+00  0.00000E+00  0.00000E+00  0.00000E+00  0.00000E+00  0.00000E+00  0.00000E+00  0.00000E+00  0.00000E+00  0.00000E+00  0.00000E+00  0.00000E+00  0.00000E+00  0.00000E+00  0.00000E+00  0.00000E+00  0.00000E+00  0.00000E+00  0.00000E+00  0.00000E+00  0.00000E+00  0.00000E+00  0.00000E+00  0.00000E+00  0.00000E+00
 SIGMA(2,2)    1.57004E-02 -2.93202E-02 -3.40029E-02 -3.38500E-02 -5.54856E-02  1.45336E-02 -1.48804E-02 -3.25521E-02 -5.52551E-02  0.00000E+00  1.19017E-03  2.37993E-03 -3.91190E-02  1.27170E-02  4.18921E-02 -1.20887E-02  3.42282E-02  4.65685E-03  1.55816E-04 -5.44421E-02  1.13353E-02 -1.91930E-02  3.34569E-02  9.30586E-03 -4.07320E-03  4.02038E-02 -1.50443E-02 -2.39234E-03  2.88127E-02  1.81989E-02 -1.39470E-03 -9.64966E-02 -1.36573E-02  1.38551E-02  2.10173E-02 -2.00697E-02  5.25508E-03 -9.56246E-03 -1.10359E-02 -6.09281E-02  9.47150E-03 -3.20378E-03  4.52524E-04  3.70966E-02  1.95582E-02 -1.48438E-02 -1.30015E-02
 OMEGA(1,1)   -5.99637E-02  5.24759E-02  7.76971E-04 -3.87650E-02  2.82479E-02 -1.85541E-02  4.93580E-02  4.32240E-02 -3.26646E-02  0.00000E+00  2.37993E-03  5.53201E-02 -1.41926E-01  3.11443E-02  8.74561E-02 -2.48363E-02  7.73966E-03  1.13793E-01 -3.33950E-04 -4.14394E-02 -3.15383E-03  8.23973E-02 -8.18588E-03 -2.30154E-02  1.97580E-02  2.95739E-02  4.78437E-02 -1.12452E-02 -3.31032E-02  2.37951E-03  1.91432E-02  2.33622E-02  5.99744E-02 -3.44008E-03  1.21027E-02  1.47254E-02  2.41783E-02  1.10817E-02  8.04456E-03  3.25728E-01 -4.61411E-02  2.90444E-02  6.30400E-02  3.47702E-02  1.21254E-02  1.61790E-02  7.11067E-02
 OMEGA(2,1)   -7.11179E-02  1.00781E-01 -4.13129E-02 -3.00094E-03  4.23389E-04 -4.29720E-02 -2.68058E-02 -1.96040E-02 -2.44692E-02  0.00000E+00 -3.91190E-02 -1.41926E-01  2.93857E-02 -3.12913E-01 -1.14058E-02  1.13509E-01  6.23101E-03  6.08543E-02 -2.47974E-02  6.75827E-02  1.47652E-02  3.01280E-02  7.51130E-02  7.90079E-03  3.46654E-02 -8.84843E-03  4.12677E-02 -5.15802E-02 -3.23900E-02  2.10953E-02  1.30718E-02 -3.03959E-02 -1.15342E-01  7.85590E-02 -2.22870E-02 -4.92275E-02 -3.78035E-02 -1.96482E-03  1.16735E-02  1.77793E-01  1.35018E-01  5.23678E-02  4.83075E-02  5.33467E-02 -2.57770E-02 -6.69291E-02  9.34319E-02
 OMEGA(2,2)   -2.22790E-03 -2.59485E-01  2.35644E-02  1.55492E-02  2.28283E-02  1.27987E-02  6.25772E-03  4.35303E-03 -1.14755E-02  0.00000E+00  1.27170E-02  3.11443E-02 -3.12913E-01  4.96018E-02  2.65089E-02 -1.27964E-01 -1.09333E-03 -5.64576E-02  2.34419E-01  1.72249E-02  7.30399E-02 -4.66671E-02  9.78372E-02 -9.59296E-03 -4.46191E-02  1.31302E-02 -4.52778E-02  4.99153E-02  1.46343E-02  1.80775E-02  1.03317E-02  2.49186E-02  7.52797E-02 -3.97842E-01 -3.00695E-03 -8.15040E-02  1.73541E-02 -1.75343E-02  1.03633E-01 -2.46206E-02  3.48320E-01  8.79701E-03  2.38487E-02 -4.71784E-02 -5.68796E-02  1.15946E-02  3.84524E-02
 OMEGA(3,1)   -1.20705E-02  3.51209E-03  7.26224E-02 -8.61553E-03 -4.23479E-03 -5.69996E-02  2.17435E-02  3.53450E-02 -1.71271E-02  0.00000E+00  4.18921E-02  8.74561E-02 -1.14058E-02  2.65089E-02  2.18954E-02 -6.84970E-02  1.40527E-01  2.03087E-02  3.06983E-02  1.07610E-01  2.59543E-03  9.99809E-03  5.70989E-03  7.67553E-03 -2.56280E-02  3.64096E-02  4.72210E-02 -7.47268E-03  4.52093E-02 -9.49342E-03 -2.43688E-02  2.68333E-02  3.71089E-02 -2.22553E-02 -2.15947E-02 -1.13719E-02 -1.20147E-02  4.47309E-02  2.69997E-03  1.39464E-01  2.61399E-02  2.72581E-01  5.52068E-02  2.12777E-03  1.03736E-02  1.04986E-02  1.01361E-01
 OMEGA(3,2)    9.08492E-03  7.19202E-02  1.73417E-02  2.36028E-02 -3.23292E-02  2.10583E-02  6.96600E-03  1.92089E-02  1.63186E-02  0.00000E+00 -1.20887E-02 -2.48363E-02  1.13509E-01 -1.27964E-01 -6.84970E-02  1.87789E-02 -5.35944E-02  1.34947E-02 -3.11098E-02  1.16847E-01  1.60260E-02  5.08738E-03 -1.20806E-02  1.20043E-01  6.71158E-02  1.34206E-02 -1.87476E-02  3.50188E-02 -1.50727E-02 -5.29690E-02 -3.31688E-02 -4.56590E-02 -4.87485E-03  9.52582E-02 -1.67335E-01 -1.76766E-02  2.24043E-02 -6.67389E-02 -3.43730E-02 -3.08152E-02  7.20628E-02  1.72247E-01  3.21483E-02 -1.03758E-02  1.70330E-02 -5.36156E-03  6.26418E-02
 OMEGA(3,3)    1.75496E-02  3.01787E-02 -9.98164E-02 -2.34385E-02  5.33284E-03  2.48391E-02 -1.76019E-02 -2.45432E-02 -4.50595E-02  0.00000E+00  3.42282E-02  7.73966E-03  6.23101E-03 -1.09333E-03  1.40527E-01 -5.35944E-02  2.95376E-02  2.07084E-02 -2.33616E-02 -5.87162E-02 -8.45947E-02  1.63318E-02 -4.42179E-02  4.15338E-02 -2.12959E-02  2.23035E-04 -1.23238E-02  5.56156E-02  7.03800E-02 -1.29005E-03 -4.31644E-03  5.79122E-03  1.21738E-02  1.16987E-02  1.48711E-01  1.17074E-02  9.53174E-03  3.14663E-02  1.46538E-02  6.34521E-03 -3.84394E-02  2.63187E-01  5.28132E-02  1.47452E-02  1.04104E-02  6.00695E-02  4.13544E-02
 OMEGA(4,1)    3.20076E-03  5.37037E-02  5.19744E-03 -8.19587E-03  4.22251E-03 -2.51573E-02  1.54260E-02  9.00480E-03  9.92666E-03  0.00000E+00  4.65685E-03  1.13793E-01  6.08543E-02 -5.64576E-02  2.03087E-02  1.34947E-02  2.07084E-02  3.12700E-02 -9.00310E-02  6.08378E-02  8.71870E-02 -5.33880E-02 -7.85767E-03 -4.11984E-02  6.26325E-02  2.91356E-02  4.08234E-02 -1.72749E-02 -4.04117E-03  8.35759E-03  4.38308E-02 -4.11004E-02 -1.51620E-01  7.24001E-02  4.46634E-03 -1.76234E-03  2.17755E-02  3.21293E-02 -6.55999E-03  1.35054E-01 -2.95819E-02  5.00964E-02  2.57915E-01 -3.25624E-02  4.64080E-02 -4.08538E-03  4.53849E-02
 OMEGA(4,2)   -4.84691E-02 -1.69667E-01  2.27515E-02 -4.54553E-03 -1.61198E-02  2.43847E-02  6.45886E-04 -3.31229E-02  3.26504E-02  0.00000E+00  1.55816E-04 -3.33950E-04 -2.47974E-02  2.34419E-01  3.06983E-02 -3.11098E-02 -2.33616E-02 -9.00310E-02  2.89651E-02 -2.76491E-02  1.66554E-01 -4.79482E-02  3.72883E-02  2.07542E-02  5.09536E-02 -4.97334E-02 -5.97603E-03  5.74583E-03 -5.86267E-02  5.56327E-03  1.59646E-02 -5.78877E-03  1.82970E-02 -2.70247E-01  1.58630E-02 -1.98132E-01 -2.51531E-02  9.79714E-04  5.65041E-02  1.56953E-02  1.66921E-01  4.83110E-02  2.36969E-01  2.88133E-02  3.20570E-03  2.65287E-02  7.75023E-02
 OMEGA(4,3)   -9.83549E-02  7.23338E-02  1.42257E-01  4.66133E-02  4.58359E-03  1.31067E-02  1.09591E-02 -1.58694E-02 -5.02884E-03  0.00000E+00 -5.44421E-02 -4.14394E-02  6.75827E-02  1.72249E-02  1.07610E-01  1.16847E-01 -5.87162E-02  6.08378E-02 -2.76491E-02  2.26085E-02  6.79586E-02  1.40045E-03  1.56927E-02 -7.84727E-02 -1.15942E-02  3.30489E-02  1.87666E-02  1.00923E-02  2.09565E-02 -6.60602E-03  4.14625E-03  4.93485E-03  1.73371E-02  1.63744E-02 -2.13795E-01 -1.05155E-02  4.09512E-02 -3.60841E-02  8.86956E-03  1.61041E-02  1.40032E-02  1.37042E-01  1.34813E-01 -2.26390E-02  2.36313E-02 -6.44873E-02  1.33746E-03
 OMEGA(4,4)    6.09173E-02 -2.00450E-02  1.28590E-01  7.78155E-02  6.29377E-03  4.22891E-02 -5.62812E-03 -9.68087E-03  2.18917E-03  0.00000E+00  1.13353E-02 -3.15383E-03  1.47652E-02  7.30399E-02  2.59543E-03  1.60260E-02 -8.45947E-02  8.71870E-02  1.66554E-01  6.79586E-02  5.80914E-02 -9.00211E-03  1.09400E-02 -2.33137E-02 -8.30527E-02 -5.25903E-02  4.47814E-02  2.26119E-02 -1.25534E-02  9.22125E-02  3.56393E-03  3.83613E-02 -6.16810E-03 -4.49074E-02  1.58796E-03 -2.80889E-01  2.40035E-02 -3.20325E-02  3.64378E-02 -8.63144E-03  4.70693E-02  1.23298E-02  9.84849E-02  2.33328E-02 -3.99283E-02 -5.30230E-02  3.47969E-02
 OMEGA(5,1)   -4.25444E-02  1.70817E-02 -3.15861E-02 -9.79599E-03  2.15833E-03  1.68014E-02  6.54838E-03 -8.35326E-03 -3.73154E-03  0.00000E+00 -1.91930E-02  8.23973E-02  3.01280E-02 -4.66671E-02  9.99809E-03  5.08738E-03  1.63318E-02 -5.33880E-02 -4.79482E-02  1.40045E-03 -9.00211E-03  2.75379E-02 -1.20523E-01  3.72759E-02  3.71619E-02  7.96078E-02 -1.01740E-01  4.50511E-03  1.24622E-02 -1.09477E-02  1.64523E-02 -3.21209E-02  1.38552E-01  2.83375E-02  3.20434E-02  1.37142E-02  1.32973E-02 -5.25047E-03 -7.45868E-03  1.95913E-02 -2.00867E-02 -2.34284E-02  2.60653E-03  2.27992E-01 -5.21963E-02  4.55100E-02  4.45680E-03
 OMEGA(5,2)    4.96357E-02 -6.23983E-02  1.95961E-02 -6.33127E-02  2.25577E-02 -5.24186E-02  4.69541E-03  7.74357E-03 -1.28587E-02  0.00000E+00  3.34569E-02 -8.18588E-03  7.51130E-02  9.78372E-02  5.70989E-03 -1.20806E-02 -4.42179E-02 -7.85767E-03  3.72883E-02  1.56927E-02  1.09400E-02 -1.20523E-01  2.45207E-02 -1.73087E-02  1.02454E-01  7.49289E-02  4.54055E-02 -1.87811E-01  2.45816E-02  3.77746E-02  6.94249E-02 -2.97959E-04  9.47923E-03  1.41036E-03  1.75107E-02  3.96659E-02 -1.31883E-01  2.14975E-02 -2.41569E-02  1.23429E-02  4.78662E-02 -1.47752E-03  2.72946E-02  1.54427E-01 -3.13837E-02 -1.56597E-02 -1.94550E-02
 OMEGA(5,3)    4.79537E-02  2.16378E-02 -4.57212E-03  5.97468E-03  6.13282E-02  5.98029E-03 -1.99457E-02  6.83273E-03  2.97928E-02  0.00000E+00  9.30586E-03 -2.30154E-02  7.90079E-03 -9.59296E-03  7.67553E-03  1.20043E-01  4.15338E-02 -4.11984E-02  2.07542E-02 -7.84727E-02 -2.33137E-02  3.72759E-02 -1.73087E-02  1.82795E-02 -1.20521E-02  3.90494E-02 -9.46793E-03 -1.23188E-02 -1.86194E-01 -2.48096E-02  3.34317E-02 -1.51761E-02  2.22675E-02 -1.93297E-02  1.72265E-02  4.67305E-02  6.19048E-02 -1.23864E-02  3.15807E-02  1.30122E-02  1.97360E-02 -4.32165E-02  1.98173E-03  1.13113E-01 -3.89319E-02  1.94791E-02  3.77037E-02
 OMEGA(5,4)   -3.45455E-02  2.57067E-02  6.73579E-03  1.12564E-02  2.94686E-02  5.81995E-05  7.00430E-02  3.35929E-02 -1.94375E-02  0.00000E+00 -4.07320E-03  1.97580E-02  3.46654E-02 -4.46191E-02 -2.56280E-02  6.71158E-02 -2.12959E-02  6.26325E-02  5.09536E-02 -1.15942E-02 -8.30527E-02  3.71619E-02  1.02454E-01 -1.20521E-02  2.60983E-02 -9.14841E-02  1.38209E-02  3.79180E-03 -2.62325E-03 -1.57473E-01  3.49257E-02 -4.13998E-02 -1.66534E-02  2.88282E-02  7.77233E-03  1.03460E-01 -1.99472E-01  3.16254E-02 -3.63986E-02  5.08624E-02  2.24498E-04  2.34650E-02  2.85754E-02  8.62670E-02  6.31909E-03 -1.43054E-02  1.19261E-02
 OMEGA(5,5)   -1.15873E-02 -1.40386E-02  3.67791E-02 -2.25154E-02 -2.06304E-02  7.61499E-03 -8.00541E-03  2.30801E-02  3.63335E-02  0.00000E+00  4.02038E-02  2.95739E-02 -8.84843E-03  1.31302E-02  3.64096E-02  1.34206E-02  2.23035E-04  2.91356E-02 -4.97334E-02  3.30489E-02 -5.25903E-02  7.96078E-02  7.49289E-02  3.90494E-02 -9.14841E-02  4.01086E-02 -2.69565E-02  4.67850E-02  2.02794E-03  3.27451E-02 -1.92880E-01 -2.11770E-02  7.21391E-02 -4.35779E-02 -2.80547E-02  6.40440E-03  9.55717E-02 -2.98433E-02  2.50749E-02  2.70679E-02 -5.21663E-02  2.42751E-05 -4.65280E-03 -9.22646E-02  3.19322E-02 -2.11295E-02 -2.79132E-02
 OMEGA(6,1)   -1.95131E-02  1.63537E-02 -1.36598E-02  1.84570E-02  3.79991E-02  2.51231E-02  7.54302E-03  7.32133E-03 -1.01378E-02  0.00000E+00 -1.50443E-02  4.78437E-02  4.12677E-02 -4.52778E-02  4.72210E-02 -1.87476E-02 -1.23238E-02  4.08234E-02 -5.97603E-03  1.87666E-02  4.47814E-02 -1.01740E-01  4.54055E-02 -9.46793E-03  1.38209E-02 -2.69565E-02  3.05297E-02 -1.18844E-01  8.69547E-02  9.32933E-02  2.54631E-03  8.26850E-02  4.80564E-02  1.23271E-02 -2.13131E-02 -2.56090E-03 -3.55016E-02  3.78025E-02 -6.01971E-03 -1.10146E-01  6.24372E-04 -7.37218E-03  2.52471E-02 -2.15225E-02  2.17945E-01 -2.28662E-02 -3.48647E-02
 OMEGA(6,2)    1.60499E-02  1.82874E-02  2.39980E-02 -1.34471E-02 -2.58676E-02  6.20436E-03 -3.63953E-04 -6.17676E-02  1.86770E-02  0.00000E+00 -2.39234E-03 -1.12452E-02 -5.15802E-02  4.99153E-02 -7.47268E-03  3.50188E-02  5.56156E-02 -1.72749E-02  5.74583E-03  1.00923E-02  2.26119E-02  4.50511E-03 -1.87811E-01 -1.23188E-02  3.79180E-03  4.67850E-02 -1.18844E-01  2.66166E-02 -3.71550E-02  4.26632E-02 -2.56504E-02  3.46884E-02 -1.02454E-02  3.66435E-02 -2.97018E-02 -1.55133E-02  2.60141E-02 -1.66235E-01 -1.93453E-02 -4.27454E-02 -1.89476E-01  1.00283E-02 -1.23943E-02 -2.31022E-02  1.99877E-01  1.80748E-02 -7.95784E-02
 OMEGA(6,3)    2.44117E-02 -1.19207E-02 -3.12097E-02  2.65192E-02 -1.12917E-02 -5.04588E-03 -5.68382E-03 -8.38549E-03  3.10438E-03  0.00000E+00  2.88127E-02 -3.31032E-02 -3.23900E-02  1.46343E-02  4.52093E-02 -1.50727E-02  7.03800E-02 -4.04117E-03 -5.86267E-02  2.09565E-02 -1.25534E-02  1.24622E-02  2.45816E-02 -1.86194E-01 -2.62325E-03  2.02794E-03  8.69547E-02 -3.71550E-02  2.13244E-02 -6.79606E-04  2.97166E-02  8.79979E-02 -5.01042E-02 -1.96152E-02  4.77743E-02 -4.74696E-02 -1.67898E-02  8.06629E-02  2.11323E-02 -3.00956E-02 -3.36745E-02 -1.37516E-01 -3.29524E-02 -3.87560E-02  1.42255E-01 -4.38645E-02 -6.30186E-02
 OMEGA(6,4)    1.00337E-02  6.00798E-03 -6.93443E-02 -6.90446E-04 -1.05200E-02  5.12303E-02 -3.65015E-02 -1.34266E-02  3.39689E-03  0.00000E+00  1.81989E-02  2.37951E-03  2.10953E-02  1.80775E-02 -9.49342E-03 -5.29690E-02 -1.29005E-03  8.35759E-03  5.56327E-03 -6.60602E-03  9.22125E-02 -1.09477E-02  3.77746E-02 -2.48096E-02 -1.57473E-01  3.27451E-02  9.32933E-02  4.26632E-02 -6.79606E-04  2.94283E-02 -9.94807E-02  6.00589E-02  1.94352E-02 -3.71668E-02  1.72810E-02  2.35326E-02 -2.42404E-02 -1.46086E-01 -3.35176E-04 -5.36228E-03 -4.16076E-02 -1.31748E-02 -1.79734E-01 -3.13566E-02  1.28706E-01 -5.70754E-03 -2.44163E-02
 OMEGA(6,5)    3.12178E-02  3.13868E-02  7.60559E-03 -5.10645E-03  4.15394E-02 -6.97022E-02 -5.54914E-02 -1.38165E-02 -2.72639E-02  0.00000E+00 -1.39470E-03  1.91432E-02  1.30718E-02  1.03317E-02 -2.43688E-02 -3.31688E-02 -4.31644E-03  4.38308E-02  1.59646E-02  4.14625E-03  3.56393E-03  1.64523E-02  6.94249E-02  3.34317E-02  3.49257E-02 -1.92880E-01  2.54631E-03 -2.56504E-02  2.97166E-02 -9.94807E-02  2.74431E-02 -2.92242E-01 -2.21525E-02 -3.59544E-03 -1.09548E-02 -5.93005E-03  6.95682E-02  7.84392E-02 -5.65614E-02  2.84787E-02 -1.82732E-02 -2.90293E-02  2.10018E-02 -1.10727E-01  4.39469E-02 -3.93931E-02 -4.30451E-03
 OMEGA(6,6)   -3.20937E-02 -5.31679E-02  2.50943E-02 -9.40100E-04 -6.78110E-03 -2.89712E-03 -8.21209E-03 -4.45889E-02  8.51624E-03  0.00000E+00 -9.64966E-02  2.33622E-02 -3.03959E-02  2.49186E-02  2.68333E-02 -4.56590E-02  5.79122E-03 -4.11004E-02 -5.78877E-03  4.93485E-03  3.83613E-02 -3.21209E-02 -2.97959E-04 -1.51761E-02 -4.13998E-02 -2.11770E-02  8.26850E-02  3.46884E-02  8.79979E-02  6.00589E-02 -2.92242E-01  5.72709E-02 -2.24028E-04  9.96710E-03 -8.82044E-03  4.65633E-03 -5.49074E-02  4.73476E-02  4.39939E-02  1.17095E-02  2.34063E-02 -1.03324E-02 -4.13873E-02  1.83596E-02 -2.77774E-01  5.64049E-03  6.08941E-02
 OMEGA(7,1)   -3.26575E-03 -2.02019E-02  4.13977E-02  7.00189E-03  2.92499E-02 -1.34630E-02 -1.15259E-03  1.35035E-02 -3.98403E-03  0.00000E+00 -1.36573E-02  5.99744E-02 -1.15342E-01  7.52797E-02  3.71089E-02 -4.87485E-03  1.21738E-02 -1.51620E-01  1.82970E-02  1.73371E-02 -6.16810E-03  1.38552E-01  9.47923E-03  2.22675E-02 -1.66534E-02  7.21391E-02  4.80564E-02 -1.02454E-02 -5.01042E-02  1.94352E-02 -2.21525E-02 -2.24028E-04  2.91152E-02 -1.35437E-01  3.02444E-02  4.92478E-02  4.30161E-02 -2.37634E-02  1.04318E-02  2.17968E-01 -1.79634E-02  3.91414E-02  2.07947E-02  5.70769E-02 -4.99048E-03  1.83259E-01  4.52326E-02
 OMEGA(7,2)    2.77521E-02  2.09348E-01 -5.25353E-02 -7.59662E-03 -1.09425E-02 -2.76010E-02 -2.19423E-02 -4.31526E-02 -4.66723E-02  0.00000E+00  1.38551E-02 -3.44008E-03  7.85590E-02 -3.97842E-01 -2.22553E-02  9.52582E-02  1.16987E-02  7.24001E-02 -2.70247E-01  1.63744E-02 -4.49074E-02  2.83375E-02  1.41036E-03 -1.93297E-02  2.88282E-02 -4.35779E-02  1.23271E-02  3.66435E-02 -1.96152E-02 -3.71668E-02 -3.59544E-03  9.96710E-03 -1.35437E-01  2.84007E-02 -1.56022E-02  1.19380E-01 -2.34403E-03  2.85907E-02 -2.45583E-01  1.00159E-03  6.68932E-02 -2.09970E-02  4.10839E-02  2.24657E-02 -3.77423E-02  1.27797E-01  8.18798E-02
 OMEGA(7,3)    1.78765E-03  1.05702E-03 -6.81716E-02 -8.36914E-02  6.09742E-02  2.35098E-02  3.67649E-02  1.32384E-02  2.72047E-02  0.00000E+00  2.10173E-02  1.21027E-02 -2.22870E-02 -3.00695E-03 -2.15947E-02 -1.67335E-01  1.48711E-01  4.46634E-03  1.58630E-02 -2.13795E-01  1.58796E-03  3.20434E-02  1.75107E-02  1.72265E-02  7.77233E-03 -2.80547E-02 -2.13131E-02 -2.97018E-02  4.77743E-02  1.72810E-02 -1.09548E-02 -8.82044E-03  3.02444E-02 -1.56022E-02  2.00156E-02 -5.29297E-03 -5.54352E-03  5.27246E-02  8.40827E-02  1.98835E-02 -1.68950E-02  1.98017E-01 -2.42011E-02  4.63142E-02  2.54502E-02  1.29943E-01  3.66240E-02
 OMEGA(7,4)    4.75366E-02 -4.54782E-03 -1.11378E-02 -3.73721E-02 -5.71152E-03  3.92567E-02 -4.05940E-02  1.10112E-02  6.66132E-03  0.00000E+00 -2.00697E-02  1.47254E-02 -4.92275E-02 -8.15040E-02 -1.13719E-02 -1.76766E-02  1.17074E-02 -1.76234E-03 -1.98132E-01 -1.05155E-02 -2.80889E-01  1.37142E-02  3.96659E-02  4.67305E-02  1.03460E-01  6.40440E-03 -2.56090E-03 -1.55133E-02 -4.74696E-02  2.35326E-02 -5.93005E-03  4.65633E-03  4.92478E-02  1.19380E-01 -5.29297E-03  2.97534E-02 -7.90465E-02 -1.35866E-02 -2.36387E-01  4.74436E-02 -5.40917E-02 -3.46801E-02  1.08633E-01  2.11784E-02 -9.57774E-03  5.12861E-02 -5.22496E-03
 OMEGA(7,5)    1.45153E-02  3.36388E-04  5.24261E-02 -2.48278E-03  2.41081E-02  4.66043E-02 -1.67067E-02 -3.80929E-03  6.66085E-03  0.00000E+00  5.25508E-03  2.41783E-02 -3.78035E-02  1.73541E-02 -1.20147E-02  2.24043E-02  9.53174E-03  2.17755E-02 -2.51531E-02  4.09512E-02  2.40035E-02  1.32973E-02 -1.31883E-01  6.19048E-02 -1.99472E-01  9.55717E-02 -3.55016E-02  2.60141E-02 -1.67898E-02 -2.42404E-02  6.95682E-02 -5.49074E-02  4.30161E-02 -2.34403E-03 -5.54352E-03 -7.90465E-02  2.50095E-02 -1.73647E-01  1.14656E-01  4.53524E-02  3.10894E-02  1.52637E-02 -1.21916E-02  1.69538E-01 -4.12529E-02  1.70176E-02  3.86666E-02
 OMEGA(7,6)   -2.26172E-02 -7.33827E-03 -4.10162E-02  6.10865E-02 -1.38909E-02 -6.45780E-02 -2.83256E-02  5.28611E-03  7.23936E-03  0.00000E+00 -9.56246E-03  1.10817E-02 -1.96482E-03 -1.75343E-02  4.47309E-02 -6.67389E-02  3.14663E-02  3.21293E-02  9.79714E-04 -3.60841E-02 -3.20325E-02 -5.25047E-03  2.14975E-02 -1.23864E-02  3.16254E-02 -2.98433E-02  3.78025E-02 -1.66235E-01  8.06629E-02 -1.46086E-01  7.84392E-02  4.73476E-02 -2.37634E-02  2.85907E-02  5.27246E-02 -1.35866E-02 -1.73647E-01  2.67836E-02  5.32901E-02  5.43567E-03  6.04992E-02 -1.20191E-02  6.23090E-02 -8.21110E-02  1.51107E-01 -1.37010E-01 -1.76265E-02
 OMEGA(7,7)   -5.05247E-02  1.52537E-02  4.23102E-02  8.71650E-03  6.01502E-03 -5.56872E-05  5.39475E-03  1.90509E-02  7.68835E-02  0.00000E+00 -1.10359E-02  8.04456E-03  1.16735E-02  1.03633E-01  2.69997E-03 -3.43730E-02  1.46538E-02 -6.55999E-03  5.65041E-02  8.86956E-03  3.64378E-02 -7.45868E-03 -2.41569E-02  3.15807E-02 -3.63986E-02  2.50749E-02 -6.01971E-03 -1.93453E-02  2.11323E-02 -3.35176E-04 -5.65614E-02  4.39939E-02  1.04318E-02 -2.45583E-01  8.40827E-02 -2.36387E-01  1.14656E-01  5.32901E-02  4.45498E-02  2.70059E-05  2.37843E-02  3.78974E-02 -4.81544E-02  5.08758E-02 -1.29096E-02  2.92148E-01  3.22019E-02
 OMEGA(8,1)   -2.77350E-02  3.31386E-02  3.58739E-02  3.97760E-02  1.80304E-02 -1.56316E-02  2.35949E-02  4.62788E-02  1.69050E-04  0.00000E+00 -6.09281E-02  3.25728E-01  1.77793E-01 -2.46206E-02  1.39464E-01 -3.08152E-02  6.34521E-03  1.35054E-01  1.56953E-02  1.61041E-02 -8.63144E-03  1.95913E-02  1.23429E-02  1.30122E-02  5.08624E-02  2.70679E-02 -1.10146E-01 -4.27454E-02 -3.00956E-02 -5.36228E-03  2.84787E-02  1.17095E-02  2.17968E-01  1.00159E-03  1.98835E-02  4.74436E-02  4.53524E-02  5.43567E-03  2.70059E-05  2.82390E-02 -1.34874E-02  1.67810E-01  1.61938E-01  5.78291E-02 -5.28330E-02  4.29368E-02  3.50397E-01
 OMEGA(8,2)   -1.79711E-02 -6.73462E-02 -6.12961E-03  1.28974E-02 -1.29056E-02 -2.22931E-02 -2.25840E-02 -2.38323E-02 -8.97259E-03  0.00000E+00  9.47150E-03 -4.61411E-02  1.35018E-01  3.48320E-01  2.61399E-02  7.20628E-02 -3.84394E-02 -2.95819E-02  1.66921E-01  1.40032E-02  4.70693E-02 -2.00867E-02  4.78662E-02  1.97360E-02  2.24498E-04 -5.21663E-02  6.24372E-04 -1.89476E-01 -3.36745E-02 -4.16076E-02 -1.82732E-02  2.34063E-02 -1.79634E-02  6.68932E-02 -1.68950E-02 -5.40917E-02  3.10894E-02  6.04992E-02  2.37843E-02 -1.34874E-02  2.43165E-02  2.92586E-02  1.13197E-01  3.93863E-02 -8.63884E-02 -4.89264E-02  3.44581E-01
 OMEGA(8,3)   -2.64924E-02  1.22518E-02  1.40466E-02  1.19941E-02  1.67035E-02  7.90469E-03  4.23979E-03  2.41291E-02  1.94206E-02  0.00000E+00 -3.20378E-03  2.90444E-02  5.23678E-02  8.79701E-03  2.72581E-01  1.72247E-01  2.63187E-01  5.00964E-02  4.83110E-02  1.37042E-01  1.23298E-02 -2.34284E-02 -1.47752E-03 -4.32165E-02  2.34650E-02  2.42751E-05 -7.37218E-03  1.00283E-02 -1.37516E-01 -1.31748E-02 -2.90293E-02 -1.03324E-02  3.91414E-02 -2.09970E-02  1.98017E-01 -3.46801E-02  1.52637E-02 -1.20191E-02  3.78974E-02  1.67810E-01  2.92586E-02  1.90946E-02  5.38644E-02  5.04414E-03  4.60525E-03  7.72592E-02  2.54593E-01
 OMEGA(8,4)   -3.45732E-02  7.80220E-02  4.42584E-02  2.66415E-02 -1.06725E-05  5.83599E-04 -1.73586E-02  6.23801E-03  1.13930E-02  0.00000E+00  4.52524E-04  6.30400E-02  4.83075E-02  2.38487E-02  5.52068E-02  3.21483E-02  5.28132E-02  2.57915E-01  2.36969E-01  1.34813E-01  9.84849E-02  2.60653E-03  2.72946E-02  1.98173E-03  2.85754E-02 -4.65280E-03  2.52471E-02 -1.23943E-02 -3.29524E-02 -1.79734E-01  2.10018E-02 -4.13873E-02  2.07947E-02  4.10839E-02 -2.42011E-02  1.08633E-01 -1.21916E-02  6.23090E-02 -4.81544E-02  1.61938E-01  1.13197E-01  5.38644E-02  2.66814E-02  5.67102E-04  1.51953E-02 -1.12353E-01  1.90486E-01
 OMEGA(8,5)    4.07739E-02  2.40113E-02  2.24029E-02 -2.45231E-02  2.10356E-03  1.53994E-02 -7.61638E-03 -1.20491E-02  3.34838E-02  0.00000E+00  3.70966E-02  3.47702E-02  5.33467E-02 -4.71784E-02  2.12777E-03 -1.03758E-02  1.47452E-02 -3.25624E-02  2.88133E-02 -2.26390E-02  2.33328E-02  2.27992E-01  1.54427E-01  1.13113E-01  8.62670E-02 -9.22646E-02 -2.15225E-02 -2.31022E-02 -3.87560E-02 -3.13566E-02 -1.10727E-01  1.83596E-02  5.70769E-02  2.24657E-02  4.63142E-02  2.11784E-02  1.69538E-01 -8.21110E-02  5.08758E-02  5.78291E-02  3.93863E-02  5.04414E-03  5.67102E-04  2.28496E-02 -1.77410E-01  8.84422E-02 -2.26523E-02
 OMEGA(8,6)    2.93723E-02 -2.40447E-02  2.34481E-02 -1.03700E-02 -1.73715E-02  3.16711E-02  1.96805E-02  1.28469E-02  6.13551E-02  0.00000E+00  1.95582E-02  1.21254E-02 -2.57770E-02 -5.68796E-02  1.03736E-02  1.70330E-02  1.04104E-02  4.64080E-02  3.20570E-03  2.36313E-02 -3.99283E-02 -5.21963E-02 -3.13837E-02 -3.89319E-02  6.31909E-03  3.19322E-02  2.17945E-01  1.99877E-01  1.42255E-01  1.28706E-01  4.39469E-02 -2.77774E-01 -4.99048E-03 -3.77423E-02  2.54502E-02 -9.57774E-03 -4.12529E-02  1.51107E-01 -1.29096E-02 -5.28330E-02 -8.63884E-02  4.60525E-03  1.51953E-02 -1.77410E-01  2.65363E-02 -1.81666E-02 -2.54849E-01
 OMEGA(8,7)    2.05334E-02 -7.27365E-02  8.38724E-03 -2.55178E-02 -4.55127E-03  7.14288E-03 -9.40149E-03  2.85530E-02 -2.03850E-03  0.00000E+00 -1.48438E-02  1.61790E-02 -6.69291E-02  1.15946E-02  1.04986E-02 -5.36156E-03  6.00695E-02 -4.08538E-03  2.65287E-02 -6.44873E-02 -5.30230E-02  4.55100E-02 -1.56597E-02  1.94791E-02 -1.43054E-02 -2.11295E-02 -2.28662E-02  1.80748E-02 -4.38645E-02 -5.70754E-03 -3.93931E-02  5.64049E-03  1.83259E-01  1.27797E-01  1.29943E-01  5.12861E-02  1.70176E-02 -1.37010E-01  2.92148E-01  4.29368E-02 -4.89264E-02  7.72592E-02 -1.12353E-01  8.84422E-02 -1.81666E-02  2.52358E-02  2.86963E-01
 OMEGA(8,8)   -2.51720E-02 -2.67071E-03  3.71927E-02  5.25850E-02  1.91243E-02  1.66644E-02  3.29529E-02  2.88696E-02 -2.50046E-02  0.00000E+00 -1.30015E-02  7.11067E-02  9.34319E-02  3.84524E-02  1.01361E-01  6.26418E-02  4.13544E-02  4.53849E-02  7.75023E-02  1.33746E-03  3.47969E-02  4.45680E-03 -1.94550E-02  3.77037E-02  1.19261E-02 -2.79132E-02 -3.48647E-02 -7.95784E-02 -6.30186E-02 -2.44163E-02 -4.30451E-03  6.08941E-02  4.52326E-02  8.18798E-02  3.66240E-02 -5.22496E-03  3.86666E-02 -1.76265E-02  3.22019E-02  3.50397E-01  3.44581E-01  2.54593E-01  1.90486E-01 -2.26523E-02 -2.54849E-01  2.86963E-01  3.93942E-02
