TABLE NO.     1: Iterative Two Stage (No Prior): Problem=1 Subproblem=0 Superproblem1=0 Iteration1=0 Superproblem2=0 Iteration2=0
 NAME         THETA1       THETA2       THETA3       THETA4       THETA5       THETA6       THETA7       THETA8       SIGMA(1,1)   SIGMA(2,1)   SIGMA(2,2)   OMEGA(1,1)   OMEGA(2,1)   OMEGA(2,2)   OMEGA(3,1)   OMEGA(3,2)   OMEGA(3,3)   OMEGA(4,1)   OMEGA(4,2)   OMEGA(4,3)   OMEGA(4,4)   OMEGA(5,1)   OMEGA(5,2)   OMEGA(5,3)   OMEGA(5,4)   OMEGA(5,5)   OMEGA(6,1)   OMEGA(6,2)   OMEGA(6,3)   OMEGA(6,4)   OMEGA(6,5)   OMEGA(6,6)   OMEGA(7,1)   OMEGA(7,2)   OMEGA(7,3)   OMEGA(7,4)   OMEGA(7,5)   OMEGA(7,6)   OMEGA(7,7)   OMEGA(8,1)   OMEGA(8,2)   OMEGA(8,3)   OMEGA(8,4)   OMEGA(8,5)   OMEGA(8,6)   OMEGA(8,7)   OMEGA(8,8)
 THETA1        3.19426E-01 -2.49493E-01  2.61355E-01  6.83960E-01 -6.76955E-01 -5.70055E-01 -2.77974E-01  7.26207E-01  7.53694E-01  0.00000E+00 -1.29267E-03 -4.81007E-01 -1.79657E-01 -1.90548E-01 -3.32100E-01  1.34834E-01  6.08704E-01 -2.78096E-01 -2.14033E-01  2.71421E-01 -4.67510E-01  2.19152E-01  1.78750E-01  7.89998E-02 -2.80574E-01 -4.93719E-01 -3.46341E-01 -3.09058E-01  3.85517E-01 -3.76871E-01 -1.45072E-01 -5.58226E-01  9.85166E-02 -2.23273E-01 -4.40454E-01 -3.20260E-01  5.23097E-02  3.28813E-01 -1.06234E-01 -3.07806E-01 -6.89687E-01  3.88649E-01 -5.95697E-01  4.56797E-01  8.28553E-01  3.54324E-01 -5.30447E-01
 THETA2       -2.49493E-01  2.38042E-01 -1.29644E-02 -3.16688E-01  4.88504E-01  9.59009E-02 -1.64390E-01 -4.26157E-01 -5.40264E-01  0.00000E+00 -6.60650E-01 -6.11306E-02  6.61346E-01 -5.79002E-01 -4.74098E-01  3.96708E-01 -6.29800E-01 -8.75222E-02 -3.40557E-01 -5.17001E-01 -2.81854E-01 -2.85995E-01  4.67691E-02  1.46432E-01  6.09443E-01  4.94031E-01  5.89629E-01  5.39286E-01  1.10718E-01 -3.04174E-01  5.18532E-01  2.59286E-01 -2.60180E-01  7.33988E-01  2.79878E-01  3.59159E-01 -2.69630E-01 -7.18825E-01  3.67669E-01  1.23263E-01  3.97804E-01 -6.12565E-01 -1.36226E-01 -4.72548E-01 -1.73554E-01  1.46344E-01  4.93464E-01
 THETA3        2.61355E-01 -1.29644E-02  2.27243E-01 -2.47424E-01  1.25507E-01 -3.04545E-01  2.80575E-01 -1.24313E-02 -6.76829E-02  0.00000E+00  1.93757E-02 -6.10004E-01  2.88675E-01 -6.07211E-01 -3.11242E-02  6.23723E-01 -2.04436E-01  2.59769E-01 -5.02752E-01  2.52262E-01  3.66129E-01 -2.49323E-01  4.86911E-02 -4.62394E-01 -1.68518E-01  4.67859E-02  1.18125E-01 -4.27759E-01 -3.61428E-01 -1.32256E-01 -4.69561E-01 -2.03265E-01 -6.52264E-01  1.50043E-01 -6.13332E-01 -8.34134E-02 -6.89765E-01  1.14516E-01  6.02926E-02 -7.61403E-01 -3.12341E-01 -1.38261E-01 -6.02936E-01 -4.41834E-01  8.31593E-02 -3.49133E-01 -5.06502E-01
 THETA4        6.83960E-01 -3.16688E-01 -2.47424E-01  2.96182E-01 -7.19116E-01 -2.87174E-01 -4.54029E-01  7.78949E-01  8.49390E-01  0.00000E+00  7.07312E-02 -1.50791E-02 -4.48839E-01  2.30387E-01 -1.52465E-01 -3.79566E-01  7.01963E-01 -4.99881E-01  1.97818E-01  2.55275E-01 -4.91502E-01  4.20086E-01 -5.26296E-02  2.38987E-01 -2.89693E-01 -6.08430E-01 -4.92706E-01 -1.54254E-01  3.95709E-01 -2.05614E-01 -9.84093E-02 -4.61874E-01  5.80668E-01 -4.35673E-01 -1.05740E-01 -1.85037E-01  4.71291E-01  2.75596E-01 -1.19338E-01  1.93512E-01 -5.65453E-01  4.72535E-01 -1.10470E-01  7.20663E-01  7.03306E-01  6.24857E-01 -2.15877E-01
 THETA5       -6.76955E-01  4.88504E-01  1.25507E-01 -7.19116E-01  2.04687E-01  4.30316E-01  3.49581E-01 -6.90649E-01 -7.71526E-01  0.00000E+00 -2.44801E-01  2.45783E-01  4.60204E-01 -2.74191E-01  1.05475E-01  2.63450E-01 -7.66846E-01  2.47064E-01 -1.64440E-01 -3.13352E-01  3.19671E-01 -2.48977E-01 -6.28029E-02 -1.22969E-01  4.36491E-01  5.87628E-01  5.10492E-01  3.98066E-01 -4.66694E-01  1.84708E-01  9.11027E-02  4.67173E-01 -2.87873E-01  5.57460E-01  1.70563E-01  4.54731E-01 -2.37944E-01 -6.02779E-01  1.84474E-01  1.35310E-01  5.25935E-01 -5.20068E-01  1.70806E-01 -5.90396E-01 -6.74088E-01 -2.08999E-01  5.28724E-01
 THETA6       -5.70055E-01  9.59009E-02 -3.04545E-01 -2.87174E-01  4.30316E-01  2.62758E-01  2.53385E-01 -3.62768E-01 -3.70505E-01  0.00000E+00  2.57414E-02  3.81646E-01  4.63472E-02  3.33406E-01  2.20899E-01 -3.22178E-01 -2.66717E-01 -2.20202E-01  4.33599E-01 -4.76397E-01  7.21252E-02  3.30639E-01 -1.90675E-01  4.25951E-01  4.71510E-01  1.95239E-01 -4.85486E-05  5.52360E-01 -4.72575E-01  3.91408E-01  1.24882E-01  6.33278E-01  1.27843E-01 -5.02203E-02  4.43964E-01  3.63735E-01  1.59696E-01 -2.76022E-01 -1.18168E-01  5.06245E-01  3.55960E-01  4.27925E-03  4.30123E-01 -4.75357E-02 -5.15107E-01  5.42034E-02  5.81774E-01
 THETA7       -2.77974E-01 -1.64390E-01  2.80575E-01 -4.54029E-01  3.49581E-01  2.53385E-01  1.50002E-01 -1.62109E-01 -3.22643E-01  0.00000E+00  2.77313E-01 -7.73022E-03 -6.74036E-02  2.91524E-02  2.49577E-01  1.91488E-01 -2.14080E-01  4.95304E-01 -2.44540E-01  2.88302E-01  3.31158E-01 -2.71164E-01  2.20376E-01 -3.44060E-01 -9.07793E-02  1.48679E-01  8.78553E-02 -1.48314E-01 -5.69789E-01  5.05119E-01 -4.64161E-01  1.85172E-01 -2.80957E-01  5.81193E-02 -3.23502E-01  4.09986E-01 -2.19859E-01 -2.29247E-02 -3.40879E-01 -2.07388E-01  3.14315E-02 -9.06719E-02  1.04784E-01 -2.13070E-01 -3.96334E-01 -4.72694E-01 -9.48630E-02
 THETA8        7.26207E-01 -4.26157E-01 -1.24313E-02  7.78949E-01 -6.90649E-01 -3.62768E-01 -1.62109E-01  3.73672E-01  8.54043E-01  0.00000E+00  3.95158E-01 -1.22485E-01 -6.55239E-01  3.23513E-01  6.58663E-02 -3.69533E-01  8.80036E-01 -3.30215E-01  6.34880E-02  4.82824E-01 -3.33974E-01  2.47533E-01  6.69618E-02 -5.41662E-03 -5.73799E-01 -8.13430E-01 -3.32307E-01 -3.31251E-01  3.02559E-01  8.15572E-02 -2.98921E-01 -4.72816E-01  5.33006E-01 -5.66178E-01 -3.37836E-01 -1.79892E-01  4.53940E-01  4.02999E-01 -4.68554E-01 -1.95115E-02 -8.21508E-01  6.27121E-01 -2.83964E-01  7.52853E-01  7.90451E-01  3.76314E-01 -5.32485E-01
 SIGMA(1,1)    7.53694E-01 -5.40264E-01 -6.76829E-02  8.49390E-01 -7.71526E-01 -3.70505E-01 -3.22643E-01  8.54043E-01  3.22767E-03  0.00000E+00  2.80941E-01 -1.37739E-01 -5.41204E-01  2.83561E-01  8.01665E-03 -3.94181E-01  8.30808E-01 -4.08095E-01  1.89709E-01  3.73225E-01 -3.22103E-01  4.08714E-01  2.40710E-02  8.55308E-02 -4.59617E-01 -6.64663E-01 -4.82029E-01 -3.47194E-01  3.41276E-01 -5.91472E-02 -2.35237E-01 -5.41956E-01  4.57967E-01 -5.60428E-01 -2.26896E-01 -3.05671E-01  4.53326E-01  4.36526E-01 -3.28501E-01 -3.09813E-02 -6.65426E-01  6.30237E-01 -2.30267E-01  7.36887E-01  7.33826E-01  3.87222E-01 -4.71240E-01
 SIGMA(2,1)    0.00000E+00  0.00000E+00  0.00000E+00  0.00000E+00  0.00000E+00  0.00000E+00  0.00000E+00  0.00000E+00  0.00000E+00  0.00000E+00  0.00000E+00  0.00000E+00  0.00000E+00  0.00000E+00  0.00000E+00  0.00000E+00  0.00000E+00  0.00000E+00  0.00000E+00  0.00000E+00  0.00000E+00  0.00000E+00  0.00000E+00  0.00000E+00  0.00000E+00  0.00000E+00  0.00000E+00  0.00000E+00  0.00000E+00  0.00000E+00  0.00000E+00  0.00000E+00  0.00000E+00  0.00000E+00  0.00000E+00  0.00000E+00  0.00000E+00  0.00000E+00  0.00000E+00  0.00000E+00  0.00000E+00  0.00000E+00  0.00000E+00  0.00000E+00  0.00000E+00  0.00000E+00  0.00000E+00
 SIGMA(2,2)   -1.29267E-03 -6.60650E-01  1.93757E-02  7.07312E-02 -2.44801E-01  2.57414E-02  2.77313E-01  3.95158E-01  2.80941E-01  0.00000E+00  4.47602E-03  9.00022E-02 -7.92814E-01  6.64639E-01  6.93273E-01 -4.85362E-01  5.77022E-01  2.29729E-01  1.57396E-01  5.28958E-01  3.45053E-01  3.87329E-02 -4.77036E-02 -1.38963E-01 -6.81954E-01 -6.46156E-01 -3.96573E-01 -5.73922E-01 -3.71723E-01  5.81802E-01 -5.07209E-01 -2.09733E-02  2.77597E-01 -6.93452E-01 -2.51279E-01 -1.04941E-01  3.80381E-01  4.61655E-01 -5.46623E-01 -1.19302E-01 -4.92084E-01  6.17266E-01  2.10024E-01  4.18602E-01 -7.01209E-02 -2.66354E-01 -4.97212E-01
 OMEGA(1,1)   -4.81007E-01 -6.11306E-02 -6.10004E-01 -1.50791E-02  2.45783E-01  3.81646E-01 -7.73022E-03 -1.22485E-01 -1.37739E-01  0.00000E+00  9.00022E-02  1.51017E-01 -3.22340E-01  5.28343E-01  5.13169E-01 -5.95475E-01 -7.66667E-03 -5.32906E-02  3.70378E-01 -7.49323E-02  1.04212E-01  1.51012E-01 -6.69120E-02  1.18920E-01  5.09381E-02  1.48745E-01  2.79923E-02  3.28065E-01 -1.24441E-02  3.86747E-01  1.33092E-01  1.48009E-01  6.44723E-01 -3.99569E-02  5.48699E-01  3.28181E-01  5.75921E-01 -2.72394E-01 -1.19226E-01  7.33266E-01  3.55471E-01  1.59953E-01  5.84017E-01  2.71756E-01 -3.37167E-01  2.31896E-01  5.45004E-01
 OMEGA(2,1)   -1.79657E-01  6.61346E-01  2.88675E-01 -4.48839E-01  4.60204E-01  4.63472E-02 -6.74036E-02 -6.55239E-01 -5.41204E-01  0.00000E+00 -7.92814E-01 -3.22340E-01  2.62639E-01 -8.21267E-01 -6.17750E-01  6.75481E-01 -7.99244E-01 -2.12117E-02 -2.15545E-01 -5.77956E-01 -3.31342E-02 -1.44244E-01 -1.09228E-01  2.20827E-02  7.04394E-01  7.44659E-01  4.09258E-01  4.20478E-01  3.48341E-02 -5.84457E-01  3.64033E-01  2.14289E-01 -6.44347E-01  7.18867E-01  1.45559E-01  4.97157E-02 -6.72812E-01 -4.34670E-01  6.39777E-01 -1.11207E-01  5.43144E-01 -7.28692E-01 -2.42002E-01 -7.65255E-01 -2.10188E-01 -1.07578E-02  4.19090E-01
 OMEGA(2,2)   -1.90548E-01 -5.79002E-01 -6.07211E-01  2.30387E-01 -2.74191E-01  3.33406E-01  2.91524E-02  3.23513E-01  2.83561E-01  0.00000E+00  6.64639E-01  5.28343E-01 -8.21267E-01  3.84707E-01  6.01681E-01 -8.41671E-01  5.96600E-01 -9.84242E-02  6.00046E-01  1.94655E-01  9.47157E-02  3.20444E-01 -7.44173E-02  2.15465E-01 -3.98508E-01 -4.81914E-01 -4.01508E-01 -9.33024E-02 -4.58085E-02  5.95994E-01 -1.13582E-01  1.35443E-01  6.45087E-01 -7.18786E-01  2.61709E-01 -7.77762E-02  7.09539E-01  3.74453E-01 -4.92295E-01  4.10441E-01 -9.86484E-02  5.84094E-01  5.76431E-01  6.40786E-01 -7.75046E-02 -1.75606E-02 -5.23006E-02
 OMEGA(3,1)   -3.32100E-01 -4.74098E-01 -3.11242E-02 -1.52465E-01  1.05475E-01  2.20899E-01  2.49577E-01  6.58663E-02  8.01665E-03  0.00000E+00  6.93273E-01  5.13169E-01 -6.17750E-01  6.01681E-01  1.09888E-01 -5.79582E-01  2.37022E-01  2.29957E-01  1.99257E-01  3.79053E-01  5.69419E-01  3.93000E-02 -4.21191E-02 -2.35587E-01 -4.25552E-01 -2.08292E-01 -1.18954E-01 -3.21518E-01 -4.31621E-01  6.76447E-01 -4.25514E-01  3.29815E-02  3.13067E-01 -4.47302E-01  7.86286E-02  1.08138E-01  3.70711E-01  1.92451E-01 -4.76641E-01  4.73411E-02 -7.43238E-02  4.88257E-01  3.55460E-01  2.62383E-01 -3.50468E-01 -3.34575E-01 -1.75530E-01
 OMEGA(3,2)    1.34834E-01  3.96708E-01  6.23723E-01 -3.79566E-01  2.63450E-01 -3.22178E-01  1.91488E-01 -3.69533E-01 -3.94181E-01  0.00000E+00 -4.85362E-01 -5.95475E-01  6.75481E-01 -8.41671E-01 -5.79582E-01  1.56093E-01 -5.38146E-01  3.54935E-01 -6.80586E-01 -3.02062E-02 -4.92280E-02 -4.67334E-01  2.94147E-01 -2.72639E-01  2.27289E-01  4.13825E-01  3.29091E-01 -3.37594E-02 -5.27462E-02 -3.93219E-01  6.81841E-03 -5.47828E-02 -7.46249E-01  6.39307E-01 -4.88662E-01  8.34765E-03 -7.89012E-01 -1.76478E-01  3.93945E-01 -5.49848E-01  7.30683E-02 -5.58296E-01 -5.50465E-01 -6.37416E-01 -8.05597E-03 -2.20396E-01 -1.01569E-01
 OMEGA(3,3)    6.08704E-01 -6.29800E-01 -2.04436E-01  7.01963E-01 -7.66846E-01 -2.66717E-01 -2.14080E-01  8.80036E-01  8.30808E-01  0.00000E+00  5.77022E-01 -7.66667E-03 -7.99244E-01  5.96600E-01  2.37022E-01 -5.38146E-01  1.93082E-01 -2.89303E-01  2.73910E-01  4.26248E-01 -2.35553E-01  3.76593E-01  2.49252E-02  1.47086E-01 -6.17828E-01 -8.40572E-01 -5.31402E-01 -3.66401E-01  3.02567E-01  1.60781E-01 -2.46426E-01 -3.41977E-01  5.86122E-01 -7.52596E-01 -1.74761E-01 -3.79034E-01  5.85725E-01  5.85619E-01 -4.79907E-01  3.74541E-02 -7.10749E-01  8.11715E-01 -7.50278E-02  8.46376E-01  6.53357E-01  2.56310E-01 -5.31735E-01
 OMEGA(4,1)   -2.78096E-01 -8.75222E-02  2.59769E-01 -4.99881E-01  2.47064E-01 -2.20202E-01  4.95304E-01 -3.30215E-01 -4.08095E-01  0.00000E+00  2.29729E-01 -5.32906E-02 -2.12117E-02 -9.84242E-02  2.29957E-01  3.54935E-01 -2.89303E-01  9.05682E-02 -5.64420E-01  4.50709E-01  3.44503E-01 -7.08775E-01  3.53297E-01 -5.06147E-01 -2.24717E-01  1.26487E-01  2.46661E-01 -4.72492E-01 -3.72436E-01  2.93831E-01 -3.00590E-01 -4.45605E-03 -4.24969E-01  1.68450E-01 -4.05428E-01  2.21561E-01 -3.09771E-01  1.60730E-02 -9.55931E-02 -4.22359E-01  7.73822E-02 -2.42411E-01  8.03835E-02 -3.51039E-01 -4.58951E-01 -6.31700E-01 -2.58142E-01
 OMEGA(4,2)   -2.14033E-01 -3.40557E-01 -5.02752E-01  1.97818E-01 -1.64440E-01  4.33599E-01 -2.44540E-01  6.34880E-02  1.89709E-01  0.00000E+00  1.57396E-01  3.70378E-01 -2.15545E-01  6.00046E-01  1.99257E-01 -6.80586E-01  2.73910E-01 -5.64420E-01  1.54476E-01 -3.61102E-01  1.82618E-01  7.05582E-01 -5.82087E-01  4.14632E-01  5.16137E-02 -7.30975E-02 -4.01874E-01  3.03882E-01  1.76018E-01 -6.86077E-03  1.53485E-01  2.72628E-01  4.36423E-01 -5.31693E-01  6.01404E-01 -3.36526E-01  3.65149E-01  2.90012E-01  3.79743E-02  5.29715E-01  2.32064E-01  2.86162E-01  5.74378E-01  2.79919E-01  4.16079E-03  2.37538E-01  2.83993E-01
 OMEGA(4,3)    2.71421E-01 -5.17001E-01  2.52262E-01  2.55275E-01 -3.13352E-01 -4.76397E-01  2.88302E-01  4.82824E-01  3.73225E-01  0.00000E+00  5.28958E-01 -7.49323E-02 -5.77956E-01  1.94655E-01  3.79053E-01 -3.02062E-02  4.26248E-01  4.50709E-01 -3.61102E-01  1.00152E-01  1.91411E-01 -3.23840E-01  3.77078E-01 -6.60816E-01 -8.05106E-01 -4.43643E-01 -1.49309E-01 -7.34236E-01 -1.22989E-01  3.83329E-01 -6.38198E-01 -5.83402E-01  1.26375E-01 -3.24714E-01 -7.19759E-01 -1.06158E-02  9.90361E-02  3.87496E-01 -3.62346E-01 -3.99146E-01 -5.34459E-01  2.53440E-01 -1.33011E-01  3.41939E-01  2.21588E-01 -2.64733E-01 -6.90022E-01
 OMEGA(4,4)   -4.67510E-01 -2.81854E-01  3.66129E-01 -4.91502E-01  3.19671E-01  7.21252E-02  3.31158E-01 -3.33974E-01 -3.22103E-01  0.00000E+00  3.45053E-01  1.04212E-01 -3.31342E-02  9.47157E-02  5.69419E-01 -4.92280E-02 -2.35553E-01  3.44503E-01  1.82618E-01  1.91411E-01  1.70824E-01 -7.05254E-02 -2.45696E-01 -4.57897E-01 -3.14335E-01  2.37473E-01 -4.20501E-02 -3.62288E-01 -4.23088E-01  2.41022E-01 -4.11309E-01  5.46625E-02 -2.57310E-01 -1.62434E-01 -4.28400E-02 -1.88791E-01 -2.71903E-01  2.46397E-01  8.18958E-02 -2.57554E-01  2.31712E-01 -9.24321E-02  3.06467E-01 -3.38716E-01 -4.75252E-01 -5.47035E-01 -1.66231E-01
 OMEGA(5,1)    2.19152E-01 -2.85995E-01 -2.49323E-01  4.20086E-01 -2.48977E-01  3.30639E-01 -2.71164E-01  2.47533E-01  4.08714E-01  0.00000E+00  3.87329E-02  1.51012E-01 -1.44244E-01  3.20444E-01  3.93000E-02 -4.67334E-01  3.76593E-01 -7.08775E-01  7.05582E-01 -3.23840E-01 -7.05254E-02  1.48242E-01 -3.92273E-01  6.00402E-01  1.42120E-01 -1.64094E-01 -6.13722E-01  2.46347E-01  1.19857E-01 -2.10271E-01  2.87833E-02  1.01555E-01  3.99086E-01 -4.42627E-01  3.85416E-01 -3.44444E-01  3.23289E-01  2.40702E-01  5.81226E-02  3.74148E-01 -7.00833E-02  4.60431E-01  1.93040E-01  4.90557E-01  2.37108E-01  4.45599E-01  1.79662E-01
 OMEGA(5,2)    1.78750E-01  4.67691E-02  4.86911E-02 -5.26296E-02 -6.28029E-02 -1.90675E-01  2.20376E-01  6.69618E-02  2.40710E-02  0.00000E+00 -4.77036E-02 -6.69120E-02 -1.09228E-01 -7.44173E-02 -4.21191E-02  2.94147E-01  2.49252E-02  3.53297E-01 -5.82087E-01  3.77078E-01 -2.45696E-01 -3.92273E-01  9.39313E-02 -2.97704E-01 -1.06937E-01  8.73255E-02  2.04520E-01 -1.71227E-01  1.81291E-02  3.32193E-01 -7.43429E-04 -3.68861E-01 -1.06853E-01  2.48120E-01 -4.05645E-01  2.05791E-01  1.85864E-02 -1.05269E-01 -2.01354E-01 -3.05289E-01 -5.47923E-02 -4.12873E-02 -3.40561E-01  2.23857E-01  2.89375E-02 -2.14778E-01 -2.33127E-01
 OMEGA(5,3)    7.89998E-02  1.46432E-01 -4.62394E-01  2.38987E-01 -1.22969E-01  4.25951E-01 -3.44060E-01 -5.41662E-03  8.55308E-02  0.00000E+00 -1.38963E-01  1.18920E-01  2.20827E-02  2.15465E-01 -2.35587E-01 -2.72639E-01  1.47086E-01 -5.06147E-01  4.14632E-01 -6.60816E-01 -4.57897E-01  6.00402E-01 -2.97704E-01  8.81405E-02  4.67478E-01 -1.55184E-01 -3.57981E-01  4.64690E-01  8.62993E-02 -2.50501E-01  4.23238E-01  4.56841E-01  2.97243E-01 -1.53374E-01  5.41261E-01 -6.36640E-02  3.24026E-01 -1.14617E-01  1.03770E-01  5.17352E-01  4.44238E-02  2.67173E-01  2.18399E-01  2.74551E-01  4.07130E-02  4.99641E-01  4.63749E-01
 OMEGA(5,4)   -2.80574E-01  6.09443E-01 -1.68518E-01 -2.89693E-01  4.36491E-01  4.71510E-01 -9.07793E-02 -5.73799E-01 -4.59617E-01  0.00000E+00 -6.81954E-01  5.09381E-02  7.04394E-01 -3.98508E-01 -4.25552E-01  2.27289E-01 -6.17828E-01 -2.24717E-01  5.16137E-02 -8.05106E-01 -3.14335E-01  1.42120E-01 -1.06937E-01  4.67478E-01  1.57723E-01  5.81910E-01  2.78387E-01  7.71651E-01 -1.30931E-02 -3.11649E-01  5.36648E-01  5.19626E-01 -2.71122E-01  5.56735E-01  5.34740E-01  3.12185E-01 -2.08682E-01 -5.63609E-01  3.25220E-01  2.98893E-01  5.50253E-01 -3.77566E-01  3.81446E-02 -4.07246E-01 -3.08234E-01  1.92808E-01  7.24388E-01
 OMEGA(5,5)   -4.93719E-01  4.94031E-01  4.67859E-02 -6.08430E-01  5.87628E-01  1.95239E-01  1.48679E-01 -8.13430E-01 -6.64663E-01  0.00000E+00 -6.46156E-01  1.48745E-01  7.44659E-01 -4.81914E-01 -2.08292E-01  4.13825E-01 -8.40572E-01  1.26487E-01 -7.30975E-02 -4.43643E-01  2.37473E-01 -1.64094E-01  8.73255E-02 -1.55184E-01  5.81910E-01  3.03926E-01  4.33600E-01  4.41254E-01 -1.03764E-02 -1.95393E-01  3.27984E-01  1.72241E-01 -4.66978E-01  7.11803E-01  3.36810E-01  2.07128E-01 -4.59201E-01 -4.57983E-01  4.79620E-01  2.44249E-02  8.50315E-01 -6.82410E-01  1.10641E-01 -6.60003E-01 -5.13236E-01 -2.24994E-01  5.22631E-01
 OMEGA(6,1)   -3.46341E-01  5.89629E-01  1.18125E-01 -4.92706E-01  5.10492E-01 -4.85486E-05  8.78553E-02 -3.32307E-01 -4.82029E-01  0.00000E+00 -3.96573E-01  2.79923E-02  4.09258E-01 -4.01508E-01 -1.18954E-01  3.29091E-01 -5.31402E-01  2.46661E-01 -4.01874E-01 -1.49309E-01 -4.20501E-02 -6.13722E-01  2.04520E-01 -3.57981E-01  2.78387E-01  4.33600E-01  1.14323E-01  3.28099E-01  1.15858E-01  1.25638E-01  3.19266E-01  1.27533E-01 -2.78048E-01  6.20838E-01  9.77792E-02  4.11078E-01 -2.54708E-01 -5.39839E-01 -3.91125E-02 -8.72185E-02  3.45232E-01 -4.81114E-01 -2.41872E-01 -5.06905E-01 -1.39473E-01 -1.98715E-01  2.12841E-01
 OMEGA(6,2)   -3.09058E-01  5.39286E-01 -4.27759E-01 -1.54254E-01  3.98066E-01  5.52360E-01 -1.48314E-01 -3.31251E-01 -3.47194E-01  0.00000E+00 -5.73922E-01  3.28065E-01  4.20478E-01 -9.33024E-02 -3.21518E-01 -3.37594E-02 -3.66401E-01 -4.72492E-01  3.03882E-01 -7.34236E-01 -3.62288E-01  2.46347E-01 -1.71227E-01  4.64690E-01  7.71651E-01  4.41254E-01  3.28099E-01  1.56549E-01  2.23362E-01 -1.10494E-01  5.99995E-01  4.92161E-01  1.38051E-01  4.41443E-01  6.25417E-01  2.78015E-01  1.12016E-01 -5.45121E-01  1.50499E-01  5.97139E-01  4.77519E-01 -2.35401E-01  1.64294E-01 -1.62394E-01 -8.21452E-02  3.80847E-01  7.76376E-01
 OMEGA(6,3)    3.85517E-01  1.10718E-01 -3.61428E-01  3.95709E-01 -4.66694E-01 -4.72575E-01 -5.69789E-01  3.02559E-01  3.41276E-01  0.00000E+00 -3.71723E-01 -1.24441E-02  3.48341E-02 -4.58085E-02 -4.31621E-01 -5.27462E-02  3.02567E-01 -3.72436E-01  1.76018E-01 -1.22989E-01 -4.23088E-01  1.19857E-01  1.81291E-02  8.62993E-02 -1.30931E-02 -1.03764E-02  1.15858E-01  2.23362E-01  1.37587E-01 -4.78936E-01  5.23255E-01 -3.07114E-01  2.80228E-01  8.01281E-02  2.62861E-01 -3.86771E-01  1.80250E-01  1.28351E-01  1.68630E-01  1.49424E-01  3.51096E-02  3.52723E-02 -1.26927E-01  2.42609E-01  6.25127E-01  3.50304E-01 -1.95463E-03
 OMEGA(6,4)   -3.76871E-01 -3.04174E-01 -1.32256E-01 -2.05614E-01  1.84708E-01  3.91408E-01  5.05119E-01  8.15572E-02 -5.91472E-02  0.00000E+00  5.81802E-01  3.86747E-01 -5.84457E-01  5.95994E-01  6.76447E-01 -3.93219E-01  1.60781E-01  2.93831E-01 -6.86077E-03  3.83329E-01  2.41022E-01 -2.10271E-01  3.32193E-01 -2.50501E-01 -3.11649E-01 -1.95393E-01  1.25638E-01 -1.10494E-01 -4.78936E-01  1.62122E-01 -3.61974E-01  1.80798E-01  1.96675E-01 -2.68368E-01 -9.30926E-02  4.20755E-01  3.59596E-01 -7.02238E-03 -6.90292E-01  2.16454E-02 -6.02299E-02  2.91085E-01  2.20327E-01  2.48634E-01 -3.43791E-01 -3.88456E-01 -1.34933E-01
 OMEGA(6,5)   -1.45072E-01  5.18532E-01 -4.69561E-01 -9.84093E-02  9.11027E-02  1.24882E-01 -4.64161E-01 -2.98921E-01 -2.35237E-01  0.00000E+00 -5.07209E-01  1.33092E-01  3.64033E-01 -1.13582E-01 -4.25514E-01  6.81841E-03 -2.46426E-01 -3.00590E-01  1.53485E-01 -6.38198E-01 -4.11309E-01  2.87833E-02 -7.43429E-04  4.23238E-01  5.36648E-01  3.27984E-01  3.19266E-01  5.99995E-01  5.23255E-01 -3.61974E-01  7.80004E-02  1.04798E-01  9.36707E-02  4.18794E-01  5.66141E-01 -2.61149E-02  1.49265E-01 -4.14824E-01  3.02455E-01  3.93693E-01  4.46294E-01 -2.33154E-01  1.07103E-01 -1.41961E-01 -2.30546E-02  2.93901E-01  5.50125E-01
 OMEGA(6,6)   -5.58226E-01  2.59286E-01 -2.03265E-01 -4.61874E-01  4.67173E-01  6.33278E-01  1.85172E-01 -4.72816E-01 -5.41956E-01  0.00000E+00 -2.09733E-02  1.48009E-01  2.14289E-01  1.35443E-01  3.29815E-02 -5.47828E-02 -3.41977E-01 -4.45605E-03  2.72628E-01 -5.83402E-01  5.46625E-02  1.01555E-01 -3.68861E-01  4.56841E-01  5.19626E-01  1.72241E-01  1.27533E-01  4.92161E-01 -3.07114E-01  1.80798E-01  1.04798E-01  1.51080E-01 -1.62618E-01  5.84085E-02  4.84079E-01  2.10802E-01 -8.11510E-02 -1.86103E-01  2.98206E-03  2.73779E-01  3.75802E-01 -9.40950E-02  3.30289E-01 -3.14401E-01 -5.09865E-01 -1.25012E-01  4.78979E-01
 OMEGA(7,1)    9.85166E-02 -2.60180E-01 -6.52264E-01  5.80668E-01 -2.87873E-01  1.27843E-01 -2.80957E-01  5.33006E-01  4.57967E-01  0.00000E+00  2.77597E-01  6.44723E-01 -6.44347E-01  6.45087E-01  3.13067E-01 -7.46249E-01  5.86122E-01 -4.24969E-01  4.36423E-01  1.26375E-01 -2.57310E-01  3.99086E-01 -1.06853E-01  2.97243E-01 -2.71122E-01 -4.66978E-01 -2.78048E-01  1.38051E-01  2.80228E-01  1.96675E-01  9.36707E-02 -1.62618E-01  1.82979E-01 -4.06325E-01  2.89152E-01  5.17308E-02  8.35775E-01  4.31163E-03 -2.53964E-01  7.34287E-01 -2.45302E-01  5.24252E-01  3.52934E-01  7.62369E-01  2.83457E-01  6.29173E-01  2.22303E-01
 OMEGA(7,2)   -2.23273E-01  7.33988E-01  1.50043E-01 -4.35673E-01  5.57460E-01 -5.02203E-02  5.81193E-02 -5.66178E-01 -5.60428E-01  0.00000E+00 -6.93452E-01 -3.99569E-02  7.18867E-01 -7.18786E-01 -4.47302E-01  6.39307E-01 -7.52596E-01  1.68450E-01 -5.31693E-01 -3.24714E-01 -1.62434E-01 -4.42627E-01  2.48120E-01 -1.53374E-01  5.56735E-01  7.11803E-01  6.20838E-01  4.41443E-01  8.01281E-02 -2.68368E-01  4.18794E-01  5.84085E-02 -4.06325E-01  1.24257E-01  6.16738E-02  4.17322E-01 -3.62328E-01 -7.10230E-01  3.44771E-01 -1.65916E-02  4.79923E-01 -6.38655E-01 -1.90373E-01 -6.02799E-01 -2.59590E-01  2.59647E-02  4.71116E-01
 OMEGA(7,3)   -4.40454E-01  2.79878E-01 -6.13332E-01 -1.05740E-01  1.70563E-01  4.43964E-01 -3.23502E-01 -3.37836E-01 -2.26896E-01  0.00000E+00 -2.51279E-01  5.48699E-01  1.45559E-01  2.61709E-01  7.86286E-02 -4.88662E-01 -1.74761E-01 -4.05428E-01  6.01404E-01 -7.19759E-01 -4.28400E-02  3.85416E-01 -4.05645E-01  5.41261E-01  5.34740E-01  3.36810E-01  9.77792E-02  6.25417E-01  2.62861E-01 -9.30926E-02  5.66141E-01  4.84079E-01  2.89152E-01  6.16738E-02  1.15246E-01  5.70003E-02  3.22488E-01 -2.80062E-01  1.68507E-01  6.19713E-01  6.08553E-01  4.02232E-02  4.92891E-01 -4.98941E-03 -2.74877E-01  2.43064E-01  6.88174E-01
 OMEGA(7,4)   -3.20260E-01  3.59159E-01 -8.34134E-02 -1.85037E-01  4.54731E-01  3.63735E-01  4.09986E-01 -1.79892E-01 -3.05671E-01  0.00000E+00 -1.04941E-01  3.28181E-01  4.97157E-02 -7.77762E-02  1.08138E-01  8.34765E-03 -3.79034E-01  2.21561E-01 -3.36526E-01 -1.06158E-02 -1.88791E-01 -3.44444E-01  2.05791E-01 -6.36640E-02  3.12185E-01  2.07128E-01  4.11078E-01  2.78015E-01 -3.86771E-01  4.20755E-01 -2.61149E-02  2.10802E-01  5.17308E-02  4.17322E-01  5.70003E-02  9.58989E-02  6.97508E-02 -6.59367E-01 -3.19127E-01  2.37845E-01  1.70909E-01 -1.99612E-01  1.47308E-01 -1.33976E-01 -3.84149E-01  7.49715E-02  4.04695E-01
 OMEGA(7,5)    5.23097E-02 -2.69630E-01 -6.89765E-01  4.71291E-01 -2.37944E-01  1.59696E-01 -2.19859E-01  4.53940E-01  4.53326E-01  0.00000E+00  3.80381E-01  5.75921E-01 -6.72812E-01  7.09539E-01  3.70711E-01 -7.89012E-01  5.85725E-01 -3.09771E-01  3.65149E-01  9.90361E-02 -2.71903E-01  3.23289E-01  1.85864E-02  3.24026E-01 -2.08682E-01 -4.59201E-01 -2.54708E-01  1.12016E-01  1.80250E-01  3.59596E-01  1.49265E-01 -8.11510E-02  8.35775E-01 -3.62328E-01  3.22488E-01  6.97508E-02  1.17097E-01 -4.39675E-02 -3.92600E-01  6.03287E-01 -2.03159E-01  5.94000E-01  3.75607E-01  7.63480E-01  1.32901E-01  4.20151E-01  1.73873E-01
 OMEGA(7,6)    3.28813E-01 -7.18825E-01  1.14516E-01  2.75596E-01 -6.02779E-01 -2.76022E-01 -2.29247E-02  4.02999E-01  4.36526E-01  0.00000E+00  4.61655E-01 -2.72394E-01 -4.34670E-01  3.74453E-01  1.92451E-01 -1.76478E-01  5.85619E-01  1.60730E-02  2.90012E-01  3.87496E-01  2.46397E-01  2.40702E-01 -1.05269E-01 -1.14617E-01 -5.63609E-01 -4.57983E-01 -5.39839E-01 -5.45121E-01  1.28351E-01 -7.02238E-03 -4.14824E-01 -1.86103E-01  4.31163E-03 -7.10230E-01 -2.80062E-01 -6.59367E-01 -4.39675E-02  1.03690E-01 -1.32301E-01 -3.46412E-01 -3.78291E-01  3.86499E-01 -2.49154E-02  3.01714E-01  3.53596E-01 -3.00763E-01 -6.67066E-01
 OMEGA(7,7)   -1.06234E-01  3.67669E-01  6.02926E-02 -1.19338E-01  1.84474E-01 -1.18168E-01 -3.40879E-01 -4.68554E-01 -3.28501E-01  0.00000E+00 -5.46623E-01 -1.19226E-01  6.39777E-01 -4.92295E-01 -4.76641E-01  3.93945E-01 -4.79907E-01 -9.55931E-02  3.79743E-02 -3.62346E-01  8.18958E-02  5.81226E-02 -2.01354E-01  1.03770E-01  3.25220E-01  4.79620E-01 -3.91125E-02  1.50499E-01  1.68630E-01 -6.90292E-01  3.02455E-01  2.98206E-03 -2.53964E-01  3.44771E-01  1.68507E-01 -3.19127E-01 -3.92600E-01 -1.32301E-01  1.51447E-01  6.77125E-02  4.07144E-01 -5.47949E-01  3.66123E-02 -4.05079E-01 -1.32763E-01  2.26782E-01  3.44807E-01
 OMEGA(8,1)   -3.07806E-01  1.23263E-01 -7.61403E-01  1.93512E-01  1.35310E-01  5.06245E-01 -2.07388E-01 -1.95115E-02 -3.09813E-02  0.00000E+00 -1.19302E-01  7.33266E-01 -1.11207E-01  4.10441E-01  4.73411E-02 -5.49848E-01  3.74541E-02 -4.22359E-01  5.29715E-01 -3.99146E-01 -2.57554E-01  3.74148E-01 -3.05289E-01  5.17352E-01  2.98893E-01  2.44249E-02 -8.72185E-02  5.97139E-01  1.49424E-01  2.16454E-02  3.93693E-01  2.73779E-01  7.34287E-01 -1.65916E-02  6.19713E-01  2.37845E-01  6.03287E-01 -3.46412E-01  6.77125E-02  1.99348E-01  2.58422E-01  1.00801E-01  5.49215E-01  3.00655E-01 -1.16853E-01  6.45538E-01  7.68758E-01
 OMEGA(8,2)   -6.89687E-01  3.97804E-01 -3.12341E-01 -5.65453E-01  5.25935E-01  3.55960E-01  3.14315E-02 -8.21508E-01 -6.65426E-01  0.00000E+00 -4.92084E-01  3.55471E-01  5.43144E-01 -9.86484E-02 -7.43238E-02  7.30683E-02 -7.10749E-01  7.73822E-02  2.32064E-01 -5.34459E-01  2.31712E-01 -7.00833E-02 -5.47923E-02  4.44238E-02  5.50253E-01  8.50315E-01  3.45232E-01  4.77519E-01  3.51096E-02 -6.02299E-02  4.46294E-01  3.75802E-01 -2.45302E-01  4.79923E-01  6.08553E-01  1.70909E-01 -2.03159E-01 -3.78291E-01  4.07144E-01  2.58422E-01  1.39767E-01 -5.47963E-01  4.43055E-01 -5.02078E-01 -6.24866E-01 -2.06809E-01  6.52956E-01
 OMEGA(8,3)    3.88649E-01 -6.12565E-01 -1.38261E-01  4.72535E-01 -5.20068E-01  4.27925E-03 -9.06719E-02  6.27121E-01  6.30237E-01  0.00000E+00  6.17266E-01  1.59953E-01 -7.28692E-01  5.84094E-01  4.88257E-01 -5.58296E-01  8.11715E-01 -2.42411E-01  2.86162E-01  2.53440E-01 -9.24321E-02  4.60431E-01 -4.12873E-02  2.67173E-01 -3.77566E-01 -6.82410E-01 -4.81114E-01 -2.35401E-01  3.52723E-02  2.91085E-01 -2.33154E-01 -9.40950E-02  5.24252E-01 -6.38655E-01  4.02232E-02 -1.99612E-01  5.94000E-01  3.86499E-01 -5.47949E-01  1.00801E-01 -5.47963E-01  6.45453E-02 -7.66692E-03  7.37080E-01  3.42766E-01  2.13133E-01 -2.93600E-01
 OMEGA(8,4)   -5.95697E-01 -1.36226E-01 -6.02936E-01 -1.10470E-01  1.70806E-01  4.30123E-01  1.04784E-01 -2.83964E-01 -2.30267E-01  0.00000E+00  2.10024E-01  5.84017E-01 -2.42002E-01  5.76431E-01  3.55460E-01 -5.50465E-01 -7.50278E-02  8.03835E-02  5.74378E-01 -1.33011E-01  3.06467E-01  1.93040E-01 -3.40561E-01  2.18399E-01  3.81446E-02  1.10641E-01 -2.41872E-01  1.64294E-01 -1.26927E-01  2.20327E-01  1.07103E-01  3.30289E-01  3.52934E-01 -1.90373E-01  4.92891E-01  1.47308E-01  3.75607E-01 -2.49154E-02  3.66123E-02  5.49215E-01  4.43055E-01 -7.66692E-03  9.48017E-02  7.69235E-02 -5.25822E-01 -2.40828E-02  4.50062E-01
 OMEGA(8,5)    4.56797E-01 -4.72548E-01 -4.41834E-01  7.20663E-01 -5.90396E-01 -4.75357E-02 -2.13070E-01  7.52853E-01  7.36887E-01  0.00000E+00  4.18602E-01  2.71756E-01 -7.65255E-01  6.40786E-01  2.62383E-01 -6.37416E-01  8.46376E-01 -3.51039E-01  2.79919E-01  3.41939E-01 -3.38716E-01  4.90557E-01  2.23857E-01  2.74551E-01 -4.07246E-01 -6.60003E-01 -5.06905E-01 -1.62394E-01  2.42609E-01  2.48634E-01 -1.41961E-01 -3.14401E-01  7.62369E-01 -6.02799E-01 -4.98941E-03 -1.33976E-01  7.63480E-01  3.01714E-01 -4.05079E-01  3.00655E-01 -5.02078E-01  7.37080E-01  7.69235E-02  1.56807E-01  4.71842E-01  4.30681E-01 -2.07580E-01
 OMEGA(8,6)    8.28553E-01 -1.73554E-01  8.31593E-02  7.03306E-01 -6.74088E-01 -5.15107E-01 -3.96334E-01  7.90451E-01  7.33826E-01  0.00000E+00 -7.01209E-02 -3.37167E-01 -2.10188E-01 -7.75046E-02 -3.50468E-01 -8.05597E-03  6.53357E-01 -4.58951E-01  4.16079E-03  2.21588E-01 -4.75252E-01  2.37108E-01  2.89375E-02  4.07130E-02 -3.08234E-01 -5.13236E-01 -1.39473E-01 -8.21452E-02  6.25127E-01 -3.43791E-01 -2.30546E-02 -5.09865E-01  2.83457E-01 -2.59590E-01 -2.74877E-01 -3.84149E-01  1.32901E-01  3.53596E-01 -1.32763E-01 -1.16853E-01 -6.24866E-01  3.42766E-01 -5.25822E-01  4.71842E-01  1.93756E-01  4.30762E-01 -4.48427E-01
 OMEGA(8,7)    3.54324E-01  1.46344E-01 -3.49133E-01  6.24857E-01 -2.08999E-01  5.42034E-02 -4.72694E-01  3.76314E-01  3.87222E-01  0.00000E+00 -2.66354E-01  2.31896E-01 -1.07578E-02 -1.75606E-02 -3.34575E-01 -2.20396E-01  2.56310E-01 -6.31700E-01  2.37538E-01 -2.64733E-01 -5.47035E-01  4.45599E-01 -2.14778E-01  4.99641E-01  1.92808E-01 -2.24994E-01 -1.98715E-01  3.80847E-01  3.50304E-01 -3.88456E-01  2.93901E-01 -1.25012E-01  6.29173E-01  2.59647E-02  2.43064E-01  7.49715E-02  4.20151E-01 -3.00763E-01  2.26782E-01  6.45538E-01 -2.06809E-01  2.13133E-01 -2.40828E-02  4.30681E-01  4.30762E-01  1.32182E-01  4.43050E-01
 OMEGA(8,8)   -5.30447E-01  4.93464E-01 -5.06502E-01 -2.15877E-01  5.28724E-01  5.81774E-01 -9.48630E-02 -5.32485E-01 -4.71240E-01  0.00000E+00 -4.97212E-01  5.45004E-01  4.19090E-01 -5.23006E-02 -1.75530E-01 -1.01569E-01 -5.31735E-01 -2.58142E-01  2.83993E-01 -6.90022E-01 -1.66231E-01  1.79662E-01 -2.33127E-01  4.63749E-01  7.24388E-01  5.22631E-01  2.12841E-01  7.76376E-01 -1.95463E-03 -1.34933E-01  5.50125E-01  4.78979E-01  2.22303E-01  4.71116E-01  6.88174E-01  4.04695E-01  1.73873E-01 -6.67066E-01  3.44807E-01  7.68758E-01  6.52956E-01 -2.93600E-01  4.50062E-01 -2.07580E-01 -4.48427E-01  4.43050E-01  2.40106E-01
TABLE NO.     3: NUTS Bayesian Analysis: Problem=1 Subproblem=0 Superproblem1=0 Iteration1=0 Superproblem2=0 Iteration2=0
 NAME         THETA1       THETA2       THETA3       THETA4       THETA5       THETA6       THETA7       THETA8       SIGMA(1,1)   SIGMA(2,1)   SIGMA(2,2)   OMEGA(1,1)   OMEGA(2,1)   OMEGA(2,2)   OMEGA(3,1)   OMEGA(3,2)   OMEGA(3,3)   OMEGA(4,1)   OMEGA(4,2)   OMEGA(4,3)   OMEGA(4,4)   OMEGA(5,1)   OMEGA(5,2)   OMEGA(5,3)   OMEGA(5,4)   OMEGA(5,5)   OMEGA(6,1)   OMEGA(6,2)   OMEGA(6,3)   OMEGA(6,4)   OMEGA(6,5)   OMEGA(6,6)   OMEGA(7,1)   OMEGA(7,2)   OMEGA(7,3)   OMEGA(7,4)   OMEGA(7,5)   OMEGA(7,6)   OMEGA(7,7)   OMEGA(8,1)   OMEGA(8,2)   OMEGA(8,3)   OMEGA(8,4)   OMEGA(8,5)   OMEGA(8,6)   OMEGA(8,7)   OMEGA(8,8)
 THETA1        7.54886E-02 -1.30911E-01  7.88217E-02  1.15268E-01  1.18700E-01 -1.28844E-01  1.34706E-01  3.20676E-01  7.62550E-02  0.00000E+00  4.42584E-02 -2.05646E-03 -3.83819E-02  3.80675E-02 -1.41175E-02 -6.73651E-02  9.80940E-03  6.22449E-03  8.87743E-03 -8.66275E-02 -1.00573E-02  1.41290E-01  2.29482E-02  4.86383E-02 -1.08858E-02  4.76818E-02  1.62263E-03 -8.83514E-02  3.56942E-02  3.15523E-03 -7.68498E-03  1.69047E-02 -1.66432E-02  1.30951E-02  1.50339E-02 -2.63247E-02  9.95586E-02  3.59376E-02  4.51971E-02  7.85095E-03  2.27282E-04 -5.11469E-02 -3.99276E-02  6.41536E-02 -4.38295E-02  5.04489E-02  5.73821E-02
 THETA2       -1.30911E-01  7.78637E-02 -4.23459E-02  1.68149E-01  2.78881E-02 -4.52484E-02 -1.97407E-01  2.71024E-01 -1.04382E-01  0.00000E+00 -2.86340E-02 -6.89558E-02  4.39802E-02 -2.01325E-01  4.15436E-02  6.03363E-03  8.59288E-03  1.94822E-02 -1.68658E-01  6.25937E-02 -2.15999E-02  1.04447E-02  1.91098E-02 -5.46673E-02  2.78181E-02  1.43181E-02  3.87060E-02 -1.06040E-02  3.06788E-02 -4.52930E-02  4.61009E-03 -1.84704E-02 -4.49349E-02  1.74532E-01 -8.53110E-02  1.09633E-02 -9.03568E-02  5.26153E-02 -5.44527E-02 -1.28190E-01 -6.17961E-02 -8.96011E-02  5.93474E-02 -8.08830E-02  7.80660E-02 -9.13062E-02 -1.51492E-01
 THETA3        7.88217E-02 -4.23459E-02  5.81855E-02  8.56811E-02 -2.88970E-02  9.97785E-02  1.87748E-01  2.19750E-01 -1.47055E-02  0.00000E+00 -2.94202E-02 -5.80848E-02  5.48552E-02 -3.39926E-02  1.58195E-02 -3.02076E-02 -7.02727E-03 -1.22476E-02  1.90470E-02 -1.32116E-02  8.49075E-02  6.69603E-02 -5.03392E-04  2.42091E-02  2.36389E-02 -2.34195E-02  1.72850E-02 -2.97290E-03 -8.30791E-03  2.09097E-02  5.20232E-02 -2.72446E-03  1.96065E-02 -1.14557E-02 -4.31556E-02  5.43092E-04 -1.81347E-02  4.66597E-02  7.76327E-03 -5.44125E-03  2.63155E-02  2.93472E-02 -4.52475E-04  3.79293E-02 -4.18837E-03  1.53569E-02  4.63857E-02
 THETA4        1.15268E-01  1.68149E-01  8.56811E-02  7.27537E-02 -1.27084E-01  7.77291E-02 -1.79749E-01  1.79197E-01  6.72691E-02  0.00000E+00 -4.46282E-02  2.92675E-02 -1.62453E-02  4.17323E-02 -3.69021E-02 -2.42461E-02 -7.99085E-02 -1.37435E-02 -4.55528E-02  5.15818E-02  5.46084E-02 -5.82134E-02  4.93188E-02 -8.15581E-02 -6.77587E-02  2.09801E-02  2.52797E-03  4.86941E-02 -9.03515E-03  3.48480E-02  2.60982E-02  2.42151E-02 -4.33561E-03  3.52630E-02 -6.86090E-02  3.94699E-02  8.12547E-02 -1.74671E-02 -2.98398E-02  4.69459E-03  3.57495E-02 -7.39056E-02  4.59501E-02 -1.02528E-02  2.29486E-02 -1.90235E-02 -2.42139E-02
 THETA5        1.18700E-01  2.78881E-02 -2.88970E-02 -1.27084E-01  6.83185E-02 -2.72829E-01  2.39007E-01  1.52202E-01 -6.69908E-02  0.00000E+00 -3.64756E-02  5.83609E-02  6.45402E-02 -2.29640E-02 -4.03059E-02 -8.49559E-03 -4.04445E-02  8.36379E-02 -1.69289E-03  9.16380E-04  3.63291E-02  1.61851E-02 -6.83948E-02  5.52509E-02 -2.60687E-02 -1.83987E-02 -7.76170E-03  7.94920E-03 -1.62774E-02  4.73686E-02  3.14760E-02 -1.38709E-02 -4.24282E-02 -5.50782E-02 -4.58639E-02 -7.59230E-02 -7.15057E-03  1.98428E-02  2.54007E-02  4.86472E-03 -7.71689E-03 -3.68985E-02  2.53182E-02 -8.81502E-02  2.69719E-02 -5.28819E-02  4.52972E-03
 THETA6       -1.28844E-01 -4.52484E-02  9.97785E-02  7.77291E-02 -2.72829E-01  7.83995E-02  1.58962E-02 -2.28263E-01  6.69815E-04  0.00000E+00 -1.29809E-03 -3.70739E-02 -2.37950E-02  1.46766E-02 -2.57155E-02  1.86537E-02  3.56958E-02 -6.81811E-02  8.50480E-02 -2.70915E-02 -1.16989E-02  5.08911E-03  5.30827E-02  1.29281E-02  3.48895E-02 -5.76619E-02 -3.12450E-02  8.37893E-02 -6.57973E-03  2.13594E-02  9.14540E-03  8.57346E-02  6.25897E-02  3.71878E-02  1.15023E-01  1.33610E-02 -3.42967E-02 -4.31714E-02  1.94065E-03  9.00773E-04  2.14911E-02  3.38389E-02  9.07522E-03  7.55725E-02  4.84039E-03  1.94040E-02 -7.75941E-03
 THETA7        1.34706E-01 -1.97407E-01  1.87748E-01 -1.79749E-01  2.39007E-01  1.58962E-02  7.18034E-02  2.69330E-01 -1.00600E-02  0.00000E+00 -7.68973E-03  5.01239E-02  8.34497E-03  7.81654E-03 -2.26679E-02 -1.28762E-02 -5.36324E-02  5.17300E-02  4.94805E-02 -4.70204E-02 -2.48345E-02  7.98688E-02  4.92459E-02  7.16506E-02  1.03698E-01  1.15255E-02 -6.37780E-02 -3.35053E-02 -2.02333E-02 -8.63496E-03 -5.66632E-02 -3.96518E-03 -1.41237E-02 -4.32122E-02  4.05974E-02 -6.50270E-02  2.19654E-02 -2.19910E-02  8.48929E-03  5.88020E-02  2.91616E-02 -1.08416E-02 -3.68194E-02  1.77297E-01 -6.81124E-02 -1.75773E-02  2.82556E-02
 THETA8        3.20676E-01  2.71024E-01  2.19750E-01  1.79197E-01  1.52202E-01 -2.28263E-01  2.69330E-01  6.90135E-02  1.78432E-02  0.00000E+00  3.93633E-03  3.92280E-03  2.48430E-02  1.57707E-02  3.66645E-02 -5.45683E-02  2.83881E-02  2.41991E-02 -1.13059E-02 -2.03943E-02 -1.39370E-02  5.90093E-02  8.67245E-02 -9.55545E-04  5.79780E-02  4.68021E-02  7.26344E-02 -7.35176E-02  1.96461E-02 -2.86228E-02 -2.71598E-02 -5.75398E-02 -3.10966E-02 -5.19069E-02 -7.63110E-02  2.93363E-02  6.32834E-04  2.50788E-02 -4.58817E-02 -2.46295E-02 -3.19113E-02 -1.12437E-02  2.55886E-02  6.85358E-02  4.23144E-02 -4.46666E-02 -6.99142E-02
 SIGMA(1,1)    7.62550E-02 -1.04382E-01 -1.47055E-02  6.72691E-02 -6.69908E-02  6.69815E-04 -1.00600E-02  1.78432E-02  6.28426E-04  0.00000E+00  1.57054E-02  7.16391E-02 -2.63018E-03  1.88774E-02  2.25080E-02  3.57442E-02  1.83974E-02  3.05120E-02 -1.40766E-02 -4.36730E-03 -4.98771E-02  1.69419E-03  6.22642E-02  2.62296E-02  3.87081E-02  1.85392E-02 -5.61326E-02  2.19436E-02 -3.69408E-02 -8.56325E-03 -2.92805E-02  6.35456E-02 -1.63984E-02  2.53593E-02  2.46535E-03  7.33773E-03  6.49613E-02 -3.56552E-02 -3.98736E-03  4.14601E-02 -3.28069E-03  4.57057E-02  2.97839E-02  8.79470E-02 -5.21417E-02  2.25765E-02  5.17626E-02
 SIGMA(2,1)    0.00000E+00  0.00000E+00  0.00000E+00  0.00000E+00  0.00000E+00  0.00000E+00  0.00000E+00  0.00000E+00  0.00000E+00  0.00000E+00  0.00000E+00  0.00000E+00  0.00000E+00  0.00000E+00  0.00000E+00  0.00000E+00  0.00000E+00  0.00000E+00  0.00000E+00  0.00000E+00  0.00000E+00  0.00000E+00  0.00000E+00  0.00000E+00  0.00000E+00  0.00000E+00  0.00000E+00  0.00000E+00  0.00000E+00  0.00000E+00  0.00000E+00  0.00000E+00  0.00000E+00  0.00000E+00  0.00000E+00  0.00000E+00  0.00000E+00  0.00000E+00  0.00000E+00  0.00000E+00  0.00000E+00  0.00000E+00  0.00000E+00  0.00000E+00  0.00000E+00  0.00000E+00  0.00000E+00
 SIGMA(2,2)    4.42584E-02 -2.86340E-02 -2.94202E-02 -4.46282E-02 -3.64756E-02 -1.29809E-03 -7.68973E-03  3.93633E-03  1.57054E-02  0.00000E+00  1.14835E-03 -6.22282E-03  9.14235E-04  3.23492E-02  5.40077E-02  2.78120E-02  2.56006E-02 -1.37431E-02  4.69535E-03  2.43834E-02  8.70249E-02  4.31406E-02  3.05171E-02 -2.78170E-02  2.67546E-02  5.90539E-02  6.80402E-03 -3.16499E-02  2.00572E-02  1.09316E-02 -1.17387E-01  2.26595E-02  4.13724E-02 -1.73984E-02 -1.00139E-02 -3.34255E-02 -3.32219E-02  3.56548E-02 -1.28944E-02 -5.92650E-03  3.92848E-02  1.66578E-02  3.48469E-02  5.45913E-03  4.48324E-02  2.92940E-02  2.97428E-02
 OMEGA(1,1)   -2.05646E-03 -6.89558E-02 -5.80848E-02  2.92675E-02  5.83609E-02 -3.70739E-02  5.01239E-02  3.92280E-03  7.16391E-02  0.00000E+00 -6.22282E-03  6.07956E-02 -2.39058E-01  2.01511E-02  2.10967E-01 -2.96675E-02  1.78176E-02  2.33017E-01 -6.34346E-03  1.45144E-02  2.26557E-02  3.16127E-02  1.20437E-03  1.59239E-02 -2.93641E-02  1.70083E-02 -1.36845E-01  9.14757E-02 -6.29944E-02  2.71465E-03 -4.55229E-03  1.10175E-01  1.32315E-01 -7.05442E-02  2.42439E-02  6.86969E-03  8.50170E-03  6.94622E-03  7.12418E-02  5.08061E-01 -4.49783E-02  4.06588E-02  1.20460E-01 -3.02445E-02 -4.44604E-02  2.96847E-02  1.94291E-01
 OMEGA(2,1)   -3.83819E-02  4.39802E-02  5.48552E-02 -1.62453E-02  6.45402E-02 -2.37950E-02  8.34497E-03  2.48430E-02 -2.63018E-03  0.00000E+00  9.14235E-04 -2.39058E-01  4.25111E-02 -2.43506E-01 -6.90294E-02  1.61713E-01 -1.91966E-02  1.98323E-01 -3.18836E-02  4.73792E-02  1.12802E-02 -5.74107E-04  5.75304E-02  2.71785E-02  5.28236E-02  8.68591E-02 -1.33966E-02 -6.92465E-02  2.81909E-02 -3.81903E-02 -6.82696E-02  5.90636E-02 -2.81460E-01  1.94203E-01 -7.15793E-02  6.24374E-02 -4.29689E-02  2.57659E-02 -1.05713E-01  1.89167E-01  3.24039E-01 -2.51043E-02  1.22427E-01 -7.15952E-04 -5.16655E-02 -1.09994E-01  8.16466E-02
 OMEGA(2,2)    3.80675E-02 -2.01325E-01 -3.39926E-02  4.17323E-02 -2.29640E-02  1.46766E-02  7.81654E-03  1.57707E-02  1.88774E-02  0.00000E+00  3.23492E-02  2.01511E-02 -2.43506E-01  5.85553E-02 -1.41288E-02 -2.88557E-02  9.08580E-02 -4.63673E-02  3.69922E-01  2.65391E-02  1.28962E-01 -4.18520E-02  1.11700E-01 -2.90195E-02 -2.73117E-02  4.12834E-02  1.30285E-02 -1.20174E-01 -7.78769E-03 -4.06646E-02 -6.53691E-02  3.32401E-02  7.46625E-02 -4.06866E-01 -3.04722E-02 -1.26795E-01  4.52710E-02 -1.70348E-03  1.05154E-01 -8.57104E-03  3.39796E-01  5.72433E-02  2.00082E-02  6.34385E-02 -4.07748E-02 -3.44607E-02  6.66191E-02
