TABLE NO.     1: Iterative Two Stage (No Prior): Problem=1 Subproblem=0 Superproblem1=0 Iteration1=0 Superproblem2=0 Iteration2=0
 NAME         THETA1       THETA2       THETA3       THETA4       THETA5       THETA6       THETA7       THETA8       SIGMA(1,1)   SIGMA(2,1)   SIGMA(2,2)   OMEGA(1,1)   OMEGA(2,1)   OMEGA(2,2)   OMEGA(3,1)   OMEGA(3,2)   OMEGA(3,3)   OMEGA(4,1)   OMEGA(4,2)   OMEGA(4,3)   OMEGA(4,4)   OMEGA(5,1)   OMEGA(5,2)   OMEGA(5,3)   OMEGA(5,4)   OMEGA(5,5)   OMEGA(6,1)   OMEGA(6,2)   OMEGA(6,3)   OMEGA(6,4)   OMEGA(6,5)   OMEGA(6,6)   OMEGA(7,1)   OMEGA(7,2)   OMEGA(7,3)   OMEGA(7,4)   OMEGA(7,5)   OMEGA(7,6)   OMEGA(7,7)   OMEGA(8,1)   OMEGA(8,2)   OMEGA(8,3)   OMEGA(8,4)   OMEGA(8,5)   OMEGA(8,6)   OMEGA(8,7)   OMEGA(8,8)
 THETA1        7.66212E-02  3.38707E-03  1.27522E-02  4.43751E-02 -2.47392E-02 -3.23110E-02 -1.82819E-02  3.52519E-02  4.76912E-04  0.00000E+00 -7.55775E-04 -2.20241E-02  1.84985E-02 -4.81490E-02 -1.80300E-02  1.45547E-02  7.55938E-03 -7.29963E-03 -8.97046E-03 -2.17365E-03 -2.61115E-02  8.81899E-03 -8.82501E-05  4.18722E-03  7.07125E-03 -8.95234E-03 -5.80817E-03  2.33971E-03  1.47381E-02 -2.82994E-02  2.27349E-03 -1.13521E-02 -6.23847E-03  3.59693E-03 -7.53494E-03 -3.79987E-03 -6.91418E-03  1.70652E-03  8.07696E-03 -1.28625E-02 -1.29298E-02  4.88897E-04 -1.43158E-02  3.28160E-03  3.32848E-02  1.56092E-02 -1.13385E-02
 THETA2        3.38707E-03  3.64469E-02  1.36739E-02 -1.22499E-02  1.32483E-02 -1.11486E-02 -3.74936E-03 -1.20998E-02 -2.43040E-04  0.00000E+00 -3.99674E-04 -8.76881E-03  2.00651E-02 -4.00954E-02 -7.02092E-03  1.36459E-02 -1.30101E-02  9.80322E-04 -1.71523E-02 -1.09955E-03 -8.37764E-03 -1.25451E-02  2.07152E-03 -1.27927E-03  8.05858E-03  1.27175E-02  1.11209E-02  4.85458E-03  1.20276E-03 -6.93685E-03  3.99162E-03 -4.79363E-04 -1.06113E-02  1.36106E-02 -2.82042E-03  6.15016E-03 -6.31827E-03 -1.08010E-02  4.33557E-03 -7.62514E-03 -4.93072E-04 -4.53556E-03 -5.90339E-03 -1.21755E-02  5.55891E-04  5.00713E-04  3.98380E-03
 THETA3        1.27522E-02  1.36739E-02  6.59027E-02 -3.80271E-02  2.31818E-02 -2.01913E-02  1.02630E-02 -3.32286E-02 -3.90377E-04  0.00000E+00 -4.19601E-04 -2.46501E-02  3.63436E-02 -7.85146E-02 -4.41055E-03  3.33991E-02 -2.37844E-02  8.39883E-03 -2.78830E-02  5.62767E-03  1.14549E-02 -1.76075E-02  2.64461E-04 -1.08751E-02  4.30799E-03  2.82365E-02  1.15671E-02 -7.79147E-03 -1.20293E-02 -8.56225E-03 -6.79045E-03 -4.44416E-03 -4.16024E-02  1.38464E-02 -1.78600E-02  2.45684E-03 -2.71682E-02 -2.90650E-03  7.00222E-03 -4.24817E-02 -6.99946E-03 -5.90629E-03 -1.58894E-02 -3.23813E-02 -1.15491E-03 -1.42847E-02 -2.21010E-02
 THETA4        4.43751E-02 -1.22499E-02 -3.80271E-02  8.66713E-02 -3.88324E-02 -5.24860E-04 -2.51590E-02  6.49312E-02  8.26624E-04  0.00000E+00 -2.43626E-04  4.21414E-03 -1.78400E-02  2.49505E-02 -8.88670E-03 -2.01790E-02  2.45569E-02 -1.61657E-02  2.05507E-02 -4.45480E-03 -2.54380E-02  2.66886E-02 -6.23453E-03  1.15839E-02 -2.58598E-04 -4.00059E-02 -1.75366E-02  5.60037E-03  1.49305E-02 -1.50763E-02  2.47419E-03 -6.39359E-03  3.38162E-02 -1.27392E-02  7.04151E-03 -2.95683E-03  1.61706E-02  3.75152E-03  3.59081E-03  2.81864E-02 -8.84250E-03  5.13109E-03  3.10179E-03  3.01041E-02  2.80808E-02  3.04211E-02  1.12344E-02
 THETA5       -2.47392E-02  1.32483E-02  2.31818E-02 -3.88324E-02  3.50120E-02  4.60259E-03  1.38462E-02 -3.16622E-02 -4.33594E-04  0.00000E+00  3.90463E-05  9.85899E-04  1.13903E-02 -2.18270E-02  4.92775E-03  1.12665E-02 -1.73230E-02  6.94575E-03 -1.34468E-02  3.36331E-03  1.22034E-02 -1.29877E-02  1.82052E-03 -6.55620E-03  1.91630E-03  2.08428E-02  1.10803E-02 -4.91611E-05 -1.25960E-02  9.11064E-03 -3.01115E-03  2.83183E-03 -1.29213E-02  9.94202E-03 -5.94633E-03  6.64058E-03 -6.42084E-03 -8.07856E-03 -5.57351E-04 -8.99519E-03  2.58050E-03 -3.78159E-03 -1.84258E-03 -1.58952E-02 -1.57599E-02 -9.54944E-03  3.00116E-03
 THETA6       -3.23110E-02 -1.11486E-02 -2.01913E-02 -5.24860E-04  4.60259E-03  5.99070E-02  1.14488E-02  4.07694E-03  1.50969E-05  0.00000E+00  5.69042E-04  1.46320E-02 -2.02481E-02  5.24620E-02  9.99002E-03 -2.06713E-02  6.28476E-03 -6.81678E-03  2.07781E-02 -6.51826E-03  5.61015E-03  1.67211E-02 -2.39248E-03  8.69764E-03  4.11266E-03 -1.49035E-02 -6.93315E-03  9.11139E-03 -1.43625E-02  2.19151E-02 -7.99111E-04  1.48001E-02  1.76637E-02 -1.13453E-02  8.67486E-03  4.94473E-03  1.23123E-02 -1.01922E-03 -1.23791E-02  2.57391E-02  3.01059E-03  4.53956E-03  1.03476E-02  1.32575E-02 -1.40088E-02  4.09122E-03  1.99128E-02
 THETA7       -1.82819E-02 -3.74936E-03  1.02630E-02 -2.51590E-02  1.38462E-02  1.14488E-02  2.43762E-02 -1.21262E-02 -2.45972E-04  0.00000E+00  2.56514E-04  1.38896E-03 -3.25894E-03  3.08577E-03  4.64312E-03  4.29787E-03 -6.19742E-03  6.92639E-03 -6.28677E-03  4.56123E-03  8.65311E-03 -8.10230E-03  3.73123E-03 -4.53456E-03 -2.26290E-03  8.79933E-03  3.37935E-03 -2.59644E-03 -1.09782E-02  1.41773E-02 -4.79511E-03  3.63015E-03 -7.70959E-03  1.83256E-03 -5.41115E-03  5.86761E-03 -3.39363E-03 -1.02217E-03 -8.59673E-03 -5.58151E-03  7.28087E-04 -1.15888E-03  1.62605E-03 -5.88243E-03 -1.18314E-02 -1.03788E-02 -3.13669E-03
 THETA8        3.52519E-02 -1.20998E-02 -3.32286E-02  6.49312E-02 -3.16622E-02  4.07694E-03 -1.21262E-02  8.36833E-02  7.35484E-04  0.00000E+00  1.28559E-04  5.86854E-03 -2.97621E-02  3.99899E-02 -2.44537E-03 -2.35168E-02  3.04339E-02 -1.40719E-02  1.96668E-02 -2.08256E-03 -1.91448E-02  2.04778E-02 -3.90762E-03  7.36756E-03 -7.75876E-03 -4.97396E-02 -8.52484E-03  5.84364E-03  1.38216E-02 -3.32988E-04  9.13345E-04 -3.08194E-03  3.59568E-02 -1.53755E-02  5.36942E-03 -9.99214E-04  1.81598E-02  4.18995E-03 -1.13181E-02  2.59472E-02 -1.30090E-02  6.80581E-03  1.20100E-03  3.16263E-02  3.01536E-02  2.34211E-02  1.41036E-03
 SIGMA(1,1)    4.76912E-04 -2.43040E-04 -3.90377E-04  8.26624E-04 -4.33594E-04  1.50969E-05 -2.45972E-04  7.35484E-04  1.05940E-05  0.00000E+00 -1.45393E-06  4.85569E-05 -2.23794E-04  3.67200E-04 -5.65079E-05 -2.63583E-04  3.12356E-04 -1.83519E-04  2.73754E-04 -5.46991E-05 -2.13096E-04  3.26133E-04 -5.46979E-05  1.09106E-04 -2.38455E-05 -4.02193E-04 -1.77162E-04  4.75517E-05  1.68633E-04 -1.04868E-04  1.85318E-05 -8.06508E-05  3.43327E-04 -1.71699E-04  9.21417E-05 -6.20816E-05  1.93014E-04  7.00834E-05 -3.40554E-05  2.64034E-04 -8.12180E-05  7.69769E-05  2.33199E-05  3.49133E-04  3.11262E-04  2.68200E-04  5.00127E-05
 SIGMA(2,1)    0.00000E+00  0.00000E+00  0.00000E+00  0.00000E+00  0.00000E+00  0.00000E+00  0.00000E+00  0.00000E+00  0.00000E+00  0.00000E+00  0.00000E+00  0.00000E+00  0.00000E+00  0.00000E+00  0.00000E+00  0.00000E+00  0.00000E+00  0.00000E+00  0.00000E+00  0.00000E+00  0.00000E+00  0.00000E+00  0.00000E+00  0.00000E+00  0.00000E+00  0.00000E+00  0.00000E+00  0.00000E+00  0.00000E+00  0.00000E+00  0.00000E+00  0.00000E+00  0.00000E+00  0.00000E+00  0.00000E+00  0.00000E+00  0.00000E+00  0.00000E+00  0.00000E+00  0.00000E+00  0.00000E+00  0.00000E+00  0.00000E+00  0.00000E+00  0.00000E+00  0.00000E+00  0.00000E+00
 SIGMA(2,2)   -7.55775E-04 -3.99674E-04 -4.19601E-04 -2.43626E-04  3.90463E-05  5.69042E-04  2.56514E-04  1.28559E-04 -1.45393E-06  0.00000E+00  2.07032E-05  3.30987E-04 -6.86068E-04  1.29900E-03  3.23185E-04 -4.42630E-04  2.46861E-04  3.55048E-05  3.28710E-04  1.46297E-05  3.15663E-04  9.46933E-05 -3.73319E-05  4.07210E-05 -2.43436E-04 -4.54859E-04 -1.08622E-04 -9.49113E-05 -1.96750E-04  4.79951E-04 -5.80509E-05  2.12220E-04  3.27490E-04 -2.81561E-04  1.37032E-04 -1.66964E-05  2.67909E-04  9.71383E-05 -2.71271E-04  2.95977E-04  3.24233E-05  1.01924E-04  2.35057E-04  2.54521E-04 -3.26038E-04 -1.25995E-04  1.40389E-06
 OMEGA(1,1)   -2.20241E-02 -8.76881E-03 -2.46501E-02  4.21414E-03  9.85899E-04  1.46320E-02  1.38896E-03  5.86854E-03  4.85569E-05  0.00000E+00  3.30987E-04  2.45699E-02 -2.17818E-02  4.12959E-02  1.09640E-02 -1.78910E-02  6.97321E-03 -1.18761E-03  1.13467E-02  1.16566E-04  5.26433E-03  5.25445E-03  1.04375E-03  1.33064E-03 -4.86576E-03 -3.14706E-03 -2.34101E-03  2.30124E-03 -3.58354E-04  1.25940E-02  3.67898E-04  3.59634E-04  2.27613E-02 -4.96591E-03  9.04569E-03  2.15766E-03  1.37584E-02 -1.43195E-03 -5.53629E-03  2.29572E-02  5.99423E-03  3.28067E-03  9.03934E-03  1.35660E-02 -8.22576E-03  3.90255E-03  1.41631E-02
 OMEGA(2,1)    1.84985E-02  2.00651E-02  3.63436E-02 -1.78400E-02  1.13903E-02 -2.02481E-02 -3.25894E-03 -2.97621E-02 -2.23794E-04  0.00000E+00 -6.86068E-04 -2.17818E-02  4.29788E-02 -7.05340E-02 -1.28159E-02  2.67034E-02 -2.00088E-02  2.45522E-03 -1.74266E-02 -1.30360E-03 -2.89871E-03 -8.79353E-03 -1.70582E-03 -3.97271E-03  1.25183E-02  2.86312E-02  6.67216E-03  7.54036E-04 -3.98361E-04 -2.05202E-02  3.87431E-04 -3.02208E-03 -3.00293E-02  1.39609E-02 -8.78457E-03 -2.03173E-04 -1.97898E-02 -4.06772E-03  1.49950E-02 -2.29103E-02 -3.05931E-04 -6.26287E-03 -1.13204E-02 -2.49115E-02  3.46047E-03 -2.87762E-03 -3.78378E-03
 OMEGA(2,2)   -4.81490E-02 -4.00954E-02 -7.85146E-02  2.49505E-02 -2.18270E-02  5.24620E-02  3.08577E-03  3.99899E-02  3.67200E-04  0.00000E+00  1.29900E-03  4.12959E-02 -7.05340E-02  1.45838E-01  2.22506E-02 -5.54551E-02  3.62129E-02 -8.26576E-03  4.73961E-02 -4.92472E-03  9.09774E-03  2.59833E-02 -1.02542E-03  1.17976E-02 -1.69956E-02 -4.51804E-02 -1.72563E-02  2.91609E-03  1.29358E-03  3.48549E-02  2.01911E-03  1.33475E-02  5.43124E-02 -3.02192E-02  2.42255E-02 -5.03721E-03  3.72359E-02  1.09268E-02 -2.17926E-02  5.16081E-02  1.04607E-02  1.11661E-02  2.62180E-02  4.49509E-02 -1.29727E-02  4.46281E-03  1.72633E-02
 OMEGA(3,1)   -1.80300E-02 -7.02092E-03 -4.41055E-03 -8.88670E-03  4.92775E-03  9.99002E-03  4.64312E-03 -2.44537E-03 -5.65079E-05  0.00000E+00  3.23185E-04  1.09640E-02 -1.28159E-02  2.22506E-02  1.04544E-02 -9.18114E-03  2.26163E-03  1.15371E-03  4.49160E-03  1.65552E-03  1.01358E-02  5.64573E-04  5.28862E-04 -1.54299E-03 -4.67026E-03 -7.99406E-04  4.90804E-04 -2.25714E-03 -4.76882E-03  1.13413E-02 -2.03658E-03  1.11129E-03  6.67348E-03 -3.93601E-03  3.26904E-03  7.22161E-04  5.01641E-03  6.57081E-04 -5.88618E-03  4.33210E-03  2.64021E-03  2.11716E-03  4.08697E-03  4.17783E-03 -8.36456E-03 -4.43013E-03  2.84752E-04
 OMEGA(3,2)    1.45547E-02  1.36459E-02  3.33991E-02 -2.01790E-02  1.12665E-02 -2.06713E-02  4.29787E-03 -2.35168E-02 -2.63583E-04  0.00000E+00 -4.42630E-04 -1.78910E-02  2.67034E-02 -5.54551E-02 -9.18114E-03  2.70325E-02 -1.56477E-02  6.84384E-03 -2.23707E-02  3.51211E-03 -2.87956E-03 -1.50704E-02  3.55190E-03 -5.53331E-03  5.06135E-03  2.01783E-02  7.62417E-03 -2.20342E-03 -2.09624E-03 -9.92097E-03 -1.17536E-03 -3.33717E-03 -2.62940E-02  1.31970E-02 -1.25519E-02  1.76338E-03 -1.70534E-02 -2.97514E-03  7.16351E-03 -2.49120E-02 -3.59989E-03 -4.91021E-03 -1.07367E-02 -2.02846E-02  1.92997E-03 -6.54084E-03 -1.02277E-02
 OMEGA(3,3)    7.55938E-03 -1.30101E-02 -2.37844E-02  2.45569E-02 -1.73230E-02  6.28476E-03 -6.19742E-03  3.04339E-02  3.12356E-04  0.00000E+00  2.46861E-04  6.97321E-03 -2.00088E-02  3.62129E-02  2.26163E-03 -1.56477E-02  1.77634E-02 -6.02887E-03  1.48729E-02 -2.57194E-03 -4.76904E-03  1.26665E-02 -1.66613E-03  5.37269E-03 -5.05829E-03 -2.31677E-02 -7.48038E-03  1.89042E-03  6.91323E-03  2.43883E-03  1.37030E-03  1.64987E-03  1.86644E-02 -1.04338E-02  6.64165E-03 -4.32984E-03  1.14325E-02  5.20568E-03 -5.42792E-03  1.44746E-02 -2.16256E-03  4.90107E-03  4.03101E-03  1.77314E-02  8.93012E-03  7.52715E-03  8.94184E-04
 OMEGA(4,1)   -7.29963E-03  9.80322E-04  8.39883E-03 -1.61657E-02  6.94575E-03 -6.81678E-03  6.92639E-03 -1.40719E-02 -1.83519E-04  0.00000E+00  3.55048E-05 -1.18761E-03  2.45522E-03 -8.26576E-03  1.15371E-03  6.84384E-03 -6.02887E-03  7.90375E-03 -9.39232E-03  4.15166E-03  4.00265E-03 -1.09193E-02  3.09987E-03 -4.20046E-03 -1.93375E-03  7.41659E-03  4.32936E-03 -4.88074E-03 -3.39219E-03  3.07310E-03 -1.59134E-03 -9.11509E-04 -8.87386E-03  3.60333E-03 -4.46951E-03  1.88461E-03 -4.39875E-03 -5.58946E-04 -6.85912E-04 -8.80980E-03  6.65415E-04 -1.88831E-03 -5.01154E-04 -7.00471E-03 -6.57783E-03 -7.70939E-03 -5.65071E-03
 OMEGA(4,2)   -8.97046E-03 -1.71523E-02 -2.78830E-02  2.05507E-02 -1.34468E-02  2.07781E-02 -6.28677E-03  1.96668E-02  2.73754E-04  0.00000E+00  3.28710E-04  1.13467E-02 -1.74266E-02  4.73961E-02  4.49160E-03 -2.23707E-02  1.48729E-02 -9.39232E-03  2.77886E-02 -6.64160E-03  4.02628E-03  2.08093E-02 -7.26175E-03  7.28230E-03 -2.24409E-03 -1.68656E-02 -1.09950E-02  4.73247E-03  4.05339E-03  2.21712E-03  1.36399E-03  6.16496E-03  2.05771E-02 -1.42461E-02  1.23528E-02 -6.17270E-03  1.17797E-02  6.28058E-03 -1.31959E-03  2.24713E-02  3.93126E-03  4.47519E-03  9.91152E-03  1.59791E-02  1.97607E-03  7.96169E-03  1.03643E-02
 OMEGA(4,3)   -2.17365E-03 -1.09955E-03  5.62767E-03 -4.45480E-03  3.36331E-03 -6.51826E-03  4.56123E-03 -2.08256E-03 -5.46991E-05  0.00000E+00  1.46297E-05  1.16566E-04 -1.30360E-03 -4.92472E-03  1.65552E-03  3.51211E-03 -2.57194E-03  4.15166E-03 -6.64160E-03  5.55192E-03  2.09490E-03 -6.88459E-03  3.00396E-03 -4.75426E-03 -4.22383E-03  3.63980E-03  2.91405E-03 -4.13882E-03 -1.76373E-03  3.55522E-03 -2.38015E-03 -4.32580E-03 -2.97657E-03  1.91347E-03 -4.78805E-03  1.86947E-03 -2.05065E-03 -2.43310E-04 -1.14533E-03 -5.99279E-03 -9.75902E-04 -1.16493E-03 -1.17285E-03 -1.95873E-03 -1.47437E-03 -3.95550E-03 -6.18098E-03
 OMEGA(4,4)   -2.61115E-02 -8.37764E-03  1.14549E-02 -2.54380E-02  1.22034E-02  5.61015E-03  8.65311E-03 -1.91448E-02 -2.13096E-04  0.00000E+00  3.15663E-04  5.26433E-03 -2.89871E-03  9.09774E-03  1.01358E-02 -2.87956E-03 -4.76904E-03  4.00265E-03  4.02628E-03  2.09490E-03  2.44592E-02 -1.73329E-03 -2.30546E-03 -5.09884E-03 -6.72877E-03  1.12280E-02  7.12339E-04 -6.68383E-03 -7.99336E-03  8.21066E-03 -4.59850E-03  1.24822E-03 -5.74153E-03 -3.02282E-03  7.59977E-04 -3.09669E-03 -3.08676E-03  3.34264E-03  5.44011E-04 -6.03555E-03  4.68357E-03 -4.24773E-04  4.22142E-03 -6.43504E-03 -1.33888E-02 -1.12906E-02 -5.52946E-03
 OMEGA(5,1)    8.81899E-03 -1.25451E-02 -1.76075E-02  2.66886E-02 -1.29877E-02  1.67211E-02 -8.10230E-03  2.04778E-02  3.26133E-04  0.00000E+00  9.46933E-05  5.25445E-03 -8.79353E-03  2.59833E-02  5.64573E-04 -1.50704E-02  1.26665E-02 -1.09193E-02  2.08093E-02 -6.88459E-03 -1.73329E-03  2.61151E-02 -6.04246E-03  9.14182E-03  2.39870E-03 -1.39849E-02 -1.33201E-02  5.24123E-03  3.01356E-03 -4.63667E-03  5.61820E-04  3.86583E-03  1.60966E-02 -1.06390E-02  8.89405E-03 -5.51198E-03  8.48431E-03  4.43682E-03  1.65723E-03  1.66209E-02  9.09340E-05  4.56002E-03  4.81563E-03  1.60852E-02  6.57210E-03  1.14395E-02  9.39600E-03
 OMEGA(5,2)   -8.82501E-05  2.07152E-03  2.64461E-04 -6.23453E-03  1.82052E-03 -2.39248E-03  3.73123E-03 -3.90762E-03 -5.46979E-05  0.00000E+00 -3.73319E-05  1.04375E-03 -1.70582E-03 -1.02542E-03  5.28862E-04  3.55190E-03 -1.66613E-03  3.09987E-03 -7.26175E-03  3.00396E-03 -2.30546E-03 -6.04246E-03  7.90283E-03 -2.46599E-03 -5.79639E-04  7.18976E-03  3.11773E-03 -9.71158E-04 -2.20600E-04  5.45394E-03  5.62209E-04 -3.93597E-03 -2.04732E-03  3.57840E-03 -2.88431E-03  2.17621E-03  2.54517E-04 -1.67744E-03 -2.60117E-03 -4.37574E-03  1.34093E-03 -6.20735E-04 -1.83066E-03  1.59864E-03 -2.28970E-03 -3.66763E-03 -2.60740E-03
 OMEGA(5,3)    4.18722E-03 -1.27927E-03 -1.08751E-02  1.15839E-02 -6.55620E-03  8.69764E-03 -4.53456E-03  7.36756E-03  1.09106E-04  0.00000E+00  4.07210E-05  1.33064E-03 -3.97271E-03  1.17976E-02 -1.54299E-03 -5.53331E-03  5.37269E-03 -4.20046E-03  7.28230E-03 -4.75426E-03 -5.09884E-03  9.14182E-03 -2.46599E-03  6.94476E-03  2.99331E-03 -1.04612E-02 -5.59607E-03  3.51219E-03  1.05071E-03 -2.42098E-03  2.12971E-03  4.68784E-03  7.27087E-03 -3.75176E-03  4.56831E-03 -1.28622E-03  4.61742E-03  4.75002E-04  2.18206E-04  9.41097E-03 -5.54761E-04  2.01486E-03  2.39060E-03  6.51510E-03  2.06116E-03  6.23800E-03  7.11508E-03
 OMEGA(5,4)    7.07125E-03  8.05858E-03  4.30799E-03 -2.58598E-04  1.91630E-03  4.11266E-03 -2.26290E-03 -7.75876E-03 -2.38455E-05  0.00000E+00 -2.43436E-04 -4.86576E-03  1.25183E-02 -1.69956E-02 -4.67026E-03  5.06135E-03 -5.05829E-03 -1.93375E-03 -2.24409E-03 -4.22383E-03 -6.72877E-03  2.39870E-03 -5.79639E-04  2.99331E-03  1.18853E-02  5.92018E-03  1.97361E-04  6.11319E-03 -5.56565E-04 -5.93679E-03  2.22506E-03  3.45558E-03 -5.86480E-03  4.06645E-03  9.60977E-04  2.17911E-03 -2.92030E-03 -3.24343E-03  2.00350E-03 -8.10666E-04  3.44856E-04 -4.48044E-04 -2.42073E-03 -4.08930E-03  5.76814E-04  2.69843E-03  7.22302E-03
 OMEGA(5,5)   -8.95234E-03  1.27175E-02  2.82365E-02 -4.00059E-02  2.08428E-02 -1.49035E-02  8.79933E-03 -4.97396E-02 -4.02193E-04  0.00000E+00 -4.54859E-04 -3.14706E-03  2.86312E-02 -4.51804E-02 -7.99406E-04  2.01783E-02 -2.31677E-02  7.41659E-03 -1.68656E-02  3.63980E-03  1.12280E-02 -1.39849E-02  7.18976E-03 -1.04612E-02  5.92018E-03  5.61108E-02  9.88291E-03 -1.00411E-03 -2.35711E-03 -3.73135E-03 -9.35143E-04 -8.84409E-03 -2.54702E-02  1.64550E-02 -5.00743E-03  2.26969E-03 -1.48755E-02 -4.85117E-03  9.18918E-03 -2.08964E-02  1.15571E-02 -6.20521E-03 -4.91412E-03 -2.16772E-02 -1.25400E-02 -1.44237E-02 -1.81825E-03
 OMEGA(6,1)   -5.80817E-03  1.11209E-02  1.15671E-02 -1.75366E-02  1.10803E-02 -6.93315E-03  3.37935E-03 -8.52484E-03 -1.77162E-04  0.00000E+00 -1.08622E-04 -2.34101E-03  6.67216E-03 -1.72563E-02  4.90804E-04  7.62417E-03 -7.48038E-03  4.32936E-03 -1.09950E-02  2.91405E-03  7.12339E-04 -1.33201E-02  3.11773E-03 -5.59607E-03  1.97361E-04  9.88291E-03  1.27020E-02  4.93434E-04  2.32839E-04  3.76949E-03  6.20931E-04 -1.69754E-03 -7.61589E-03  7.03420E-03 -3.34020E-03  3.91025E-03 -4.31195E-03 -4.47661E-03 -3.35176E-03 -8.73446E-03  3.81715E-04 -2.08317E-03 -4.41570E-03 -8.95464E-03 -6.65457E-04 -5.64180E-03 -3.48586E-03
 OMEGA(6,2)    2.33971E-03  4.85458E-03 -7.79147E-03  5.60037E-03 -4.91611E-05  9.11139E-03 -2.59644E-03  5.84364E-03  4.75517E-05  0.00000E+00 -9.49113E-05  2.30124E-03  7.54036E-04  2.91609E-03 -2.25714E-03 -2.20342E-03  1.89042E-03 -4.88074E-03  4.73247E-03 -4.13882E-03 -6.68383E-03  5.24123E-03 -9.71158E-04  3.51219E-03  6.11319E-03 -1.00411E-03  4.93434E-04  1.02909E-02  3.42050E-03 -3.14007E-04  3.04242E-03  3.71277E-03  6.31688E-03  1.38158E-03  3.76713E-03  1.40689E-03  3.56834E-03 -2.83960E-03 -1.91763E-03  9.49259E-03  4.35706E-04  1.08822E-03  3.62492E-04  3.00306E-03  4.76458E-03  6.14275E-03  1.02748E-02
 OMEGA(6,3)    1.47381E-02  1.20276E-03 -1.20293E-02  1.49305E-02 -1.25960E-02 -1.43625E-02 -1.09782E-02  1.38216E-02  1.68633E-04  0.00000E+00 -1.96750E-04 -3.58354E-04 -3.98361E-04  1.29358E-03 -4.76882E-03 -2.09624E-03  6.91323E-03 -3.39219E-03  4.05339E-03 -1.76373E-03 -7.99336E-03  3.01356E-03 -2.20600E-04  1.05071E-03 -5.56565E-04 -2.35711E-03  2.32839E-04  3.42050E-03  1.45949E-02 -9.40717E-03  4.43314E-03 -3.54289E-03  6.70100E-03  9.87773E-05  4.14980E-03 -4.49762E-03  2.82404E-03  2.22603E-03  2.91145E-03  3.96331E-03  9.20725E-04  7.94173E-04 -7.05602E-04  5.35546E-03  1.20555E-02  5.19649E-03  2.09270E-04
 OMEGA(6,4)   -2.82994E-02 -6.93685E-03 -8.56225E-03 -1.50763E-02  9.11064E-03  2.19151E-02  1.41773E-02 -3.32988E-04 -1.04868E-04  0.00000E+00  4.79951E-04  1.25940E-02 -2.05202E-02  3.48549E-02  1.13413E-02 -9.92097E-03  2.43883E-03  3.07310E-03  2.21712E-03  3.55522E-03  8.21066E-03 -4.63667E-03  5.45394E-03 -2.42098E-03 -5.93679E-03 -3.73135E-03  3.76949E-03 -3.14007E-04 -9.40717E-03  2.56746E-02 -2.92012E-03  4.93508E-03  6.95722E-03 -3.71950E-03  9.30653E-04  5.67680E-03  7.52629E-03 -1.42375E-03 -1.49219E-02  5.18811E-03  2.65484E-03  1.87170E-03  4.58022E-03  6.27100E-03 -1.23930E-02 -7.91160E-03  2.48877E-04
 OMEGA(6,5)    2.27349E-03  3.99162E-03 -6.79045E-03  2.47419E-03 -3.01115E-03 -7.99111E-04 -4.79511E-03  9.13345E-04  1.85318E-05  0.00000E+00 -5.80509E-05  3.67898E-04  3.87431E-04  2.01911E-03 -2.03658E-03 -1.17536E-03  1.37030E-03 -1.59134E-03  1.36399E-03 -2.38015E-03 -4.59850E-03  5.61820E-04  5.62209E-04  2.12971E-03  2.22506E-03 -9.35143E-04  6.20931E-04  3.04242E-03  4.43314E-03 -2.92012E-03  4.41050E-03 -7.97806E-04  3.13988E-03  1.21939E-03  2.72723E-03 -8.61455E-04  2.57586E-03 -1.28336E-03  8.84081E-04  4.00113E-03  1.26447E-03  3.47684E-04  3.96029E-04  1.55164E-03  1.75926E-03  2.52698E-03  4.28277E-03
 OMEGA(6,6)   -1.13521E-02 -4.79363E-04 -4.44416E-03 -6.39359E-03  2.83183E-03  1.48001E-02  3.63015E-03 -3.08194E-03 -8.06508E-05  0.00000E+00  2.12220E-04  3.59634E-04 -3.02208E-03  1.33475E-02  1.11129E-03 -3.33717E-03  1.64987E-03 -9.11509E-04  6.16496E-03 -4.32580E-03  1.24822E-03  3.86583E-03 -3.93597E-03  4.68784E-03  3.45558E-03 -8.84409E-03 -1.69754E-03  3.71277E-03 -3.54289E-03  4.93508E-03 -7.97806E-04  1.49400E-02 -9.46964E-05 -3.73220E-03  4.06258E-03  1.48876E-04  1.03623E-03  1.36890E-03 -3.56885E-03  4.57430E-03  4.96327E-04  1.48440E-03  2.78111E-03 -1.95657E-04 -4.82818E-03 -1.10195E-03  4.79199E-03
 OMEGA(7,1)   -6.23847E-03 -1.06113E-02 -4.16024E-02  3.38162E-02 -1.29213E-02  1.76637E-02 -7.70959E-03  3.59568E-02  3.43327E-04  0.00000E+00  3.27490E-04  2.27613E-02 -3.00293E-02  5.43124E-02  6.67348E-03 -2.62940E-02  1.86644E-02 -8.87386E-03  2.05771E-02 -2.97657E-03 -5.74153E-03  1.60966E-02 -2.04732E-03  7.27087E-03 -5.86480E-03 -2.54702E-02 -7.61589E-03  6.31688E-03  6.70100E-03  6.95722E-03  3.13988E-03 -9.46964E-05  3.93339E-02 -1.04682E-02  1.19147E-02  2.86830E-04  2.14517E-02 -6.15848E-04 -5.57800E-03  3.67940E-02  8.69106E-04  5.70261E-03  1.01892E-02  2.63166E-02  4.59274E-03  1.73339E-02  1.96491E-02
 OMEGA(7,2)    3.59693E-03  1.36106E-02  1.38464E-02 -1.27392E-02  9.94202E-03 -1.13453E-02  1.83256E-03 -1.53755E-02 -1.71699E-04  0.00000E+00 -2.81561E-04 -4.96591E-03  1.39609E-02 -3.02192E-02 -3.93601E-03  1.31970E-02 -1.04338E-02  3.60333E-03 -1.42461E-02  1.91347E-03 -3.02282E-03 -1.06390E-02  3.57840E-03 -3.75176E-03  4.06645E-03  1.64550E-02  7.03420E-03  1.38158E-03  9.87773E-05 -3.71950E-03  1.21939E-03 -3.73220E-03 -1.04682E-02  1.17251E-02 -5.00221E-03  3.93042E-03 -5.74575E-03 -5.82058E-03  2.56409E-03 -8.80352E-03  5.49577E-04 -2.87677E-03 -4.57499E-03 -1.03132E-02 -1.34580E-03 -2.05061E-03  9.11742E-04
 OMEGA(7,3)   -7.53494E-03 -2.82042E-03 -1.78600E-02  7.04151E-03 -5.94633E-03  8.67486E-03 -5.41115E-03  5.36942E-03  9.21417E-05  0.00000E+00  1.37032E-04  9.04569E-03 -8.78457E-03  2.42255E-02  3.26904E-03 -1.25519E-02  6.64165E-03 -4.46951E-03  1.23528E-02 -4.78805E-03  7.59977E-04  8.89405E-03 -2.88431E-03  4.56831E-03  9.60977E-04 -5.00743E-03 -3.34020E-03  3.76713E-03  4.14980E-03  9.30653E-04  2.72723E-03  4.06258E-03  1.19147E-02 -5.00221E-03  1.01591E-02 -2.30951E-03  7.86259E-03  1.11837E-03 -7.82238E-04  1.32746E-02  4.56762E-03  2.75320E-03  5.32705E-03  8.27691E-03 -1.15894E-03  3.73189E-03  9.12068E-03
 OMEGA(7,4)   -3.79987E-03  6.15016E-03  2.45684E-03 -2.95683E-03  6.64058E-03  4.94473E-03  5.86761E-03 -9.99214E-04 -6.20816E-05  0.00000E+00 -1.66964E-05  2.15766E-03 -2.03173E-04 -5.03721E-03  7.22161E-04  1.76338E-03 -4.32984E-03  1.88461E-03 -6.17270E-03  1.86947E-03 -3.09669E-03 -5.51198E-03  2.17621E-03 -1.28622E-03  2.17911E-03  2.26969E-03  3.91025E-03  1.40689E-03 -4.49762E-03  5.67680E-03 -8.61455E-04  1.48876E-04  2.86830E-04  3.93042E-03 -2.30951E-03  8.02396E-03  1.28079E-04 -5.25910E-03 -5.01807E-03  1.47154E-03 -6.28151E-04 -8.35723E-04 -8.08173E-05 -1.53450E-03 -3.47270E-03  8.11227E-04  4.46975E-03
 OMEGA(7,5)   -6.91418E-03 -6.31827E-03 -2.71682E-02  1.61706E-02 -6.42084E-03  1.23123E-02 -3.39363E-03  1.81598E-02  1.93014E-04  0.00000E+00  2.67909E-04  1.37584E-02 -1.97898E-02  3.72359E-02  5.01641E-03 -1.70534E-02  1.14325E-02 -4.39875E-03  1.17797E-02 -2.05065E-03 -3.08676E-03  8.48431E-03  2.54517E-04  4.61742E-03 -2.92030E-03 -1.48755E-02 -4.31195E-03  3.56834E-03  2.82404E-03  7.52629E-03  2.57586E-03  1.03623E-03  2.14517E-02 -5.74575E-03  7.86259E-03  1.28079E-04  1.56578E-02 -8.84354E-04 -5.64374E-03  2.04257E-02  1.72017E-03  3.76533E-03  6.85790E-03  1.64582E-02 -5.66422E-04  7.30432E-03  1.10589E-02
 OMEGA(7,6)    1.70652E-03 -1.08010E-02 -2.90650E-03  3.75152E-03 -8.07856E-03 -1.01922E-03 -1.02217E-03  4.18995E-03  7.00834E-05  0.00000E+00  9.71383E-05 -1.43195E-03 -4.06772E-03  1.09268E-02  6.57081E-04 -2.97514E-03  5.20568E-03 -5.58946E-04  6.28058E-03 -2.43310E-04  3.34264E-03  4.43682E-03 -1.67744E-03  4.75002E-04 -3.24343E-03 -4.85117E-03 -4.47661E-03 -2.83960E-03  2.22603E-03 -1.42375E-03 -1.28336E-03  1.36890E-03 -6.15848E-04 -5.82058E-03  1.11837E-03 -5.25910E-03 -8.84354E-04  7.82039E-03  8.70466E-04 -2.21692E-03 -3.80733E-05  9.13548E-04  1.13221E-03  2.30532E-03  2.55076E-03 -2.91728E-03 -7.05262E-03
 OMEGA(7,7)    8.07696E-03  4.33557E-03  7.00222E-03  3.59081E-03 -5.57351E-04 -1.23791E-02 -8.59673E-03 -1.13181E-02 -3.40554E-05  0.00000E+00 -2.71271E-04 -5.53629E-03  1.49950E-02 -2.17926E-02 -5.88618E-03  7.16351E-03 -5.42792E-03 -6.85912E-04 -1.31959E-03 -1.14533E-03  5.44011E-04  1.65723E-03 -2.60117E-03  2.18206E-04  2.00350E-03  9.18918E-03 -3.35176E-03 -1.91763E-03  2.91145E-03 -1.49219E-02  8.84081E-04 -3.56885E-03 -5.57800E-03  2.56409E-03 -7.82238E-04 -5.01807E-03 -5.64374E-03  8.70466E-04  1.83736E-02 -3.05655E-03  1.17148E-03 -2.65262E-03 -1.32211E-03 -5.69518E-03  1.46223E-03  4.35943E-03  1.93384E-03
 OMEGA(8,1)   -1.28625E-02 -7.62514E-03 -4.24817E-02  2.81864E-02 -8.99519E-03  2.57391E-02 -5.58151E-03  2.59472E-02  2.64034E-04  0.00000E+00  2.95977E-04  2.29572E-02 -2.29103E-02  5.16081E-02  4.33210E-03 -2.49120E-02  1.44746E-02 -8.80980E-03  2.24713E-02 -5.99279E-03 -6.03555E-03  1.66209E-02 -4.37574E-03  9.41097E-03 -8.10666E-04 -2.08964E-02 -8.73446E-03  9.49259E-03  3.96331E-03  5.18811E-03  4.00113E-03  4.57430E-03  3.67940E-02 -8.80352E-03  1.32746E-02  1.47154E-03  2.04257E-02 -2.21692E-03 -3.05655E-03  4.28218E-02  3.14820E-03  4.71255E-03  1.21272E-02  2.20167E-02 -2.66707E-04  1.87616E-02  2.86816E-02
 OMEGA(8,2)   -1.29298E-02 -4.93072E-04 -6.99946E-03 -8.84250E-03  2.58050E-03  3.01059E-03  7.28087E-04 -1.30090E-02 -8.12180E-05  0.00000E+00  3.24233E-05  5.99423E-03 -3.05931E-04  1.04607E-02  2.64021E-03 -3.59989E-03 -2.16256E-03  6.65415E-04  3.93126E-03 -9.75902E-04  4.68357E-03  9.09340E-05  1.34093E-03 -5.54761E-04  3.44856E-04  1.15571E-02  3.81715E-04  4.35706E-04  9.20725E-04  2.65484E-03  1.26447E-03  4.96327E-04  8.69106E-04  5.49577E-04  4.56762E-03 -6.28151E-04  1.72017E-03 -3.80733E-05  1.17148E-03  3.14820E-03  8.24941E-03 -3.36203E-04  3.89509E-03  1.06159E-04 -7.23369E-03 -3.53694E-03  5.26159E-03
 OMEGA(8,3)    4.88897E-04 -4.53556E-03 -5.90629E-03  5.13109E-03 -3.78159E-03  4.53956E-03 -1.15888E-03  6.80581E-03  7.69769E-05  0.00000E+00  1.01924E-04  3.28067E-03 -6.26287E-03  1.11661E-02  2.11716E-03 -4.91021E-03  4.90107E-03 -1.88831E-03  4.47519E-03 -1.16493E-03 -4.24773E-04  4.56002E-03 -6.20735E-04  2.01486E-03 -4.48044E-04 -6.20521E-03 -2.08317E-03  1.08822E-03  7.94173E-04  1.87170E-03  3.47684E-04  1.48440E-03  5.70261E-03 -2.87677E-03  2.75320E-03 -8.35723E-04  3.76533E-03  9.13548E-04 -2.65262E-03  4.71255E-03 -3.36203E-04  2.40219E-03  1.06647E-03  5.23697E-03  1.17455E-03  2.20450E-03  1.89986E-03
 OMEGA(8,4)   -1.43158E-02 -5.90339E-03 -1.58894E-02  3.10179E-03 -1.84258E-03  1.03476E-02  1.62605E-03  1.20100E-03  2.33199E-05  0.00000E+00  2.35057E-04  9.03934E-03 -1.13204E-02  2.62180E-02  4.08697E-03 -1.07367E-02  4.03101E-03 -5.01154E-04  9.91152E-03 -1.17285E-03  4.22142E-03  4.81563E-03 -1.83066E-03  2.39060E-03 -2.42073E-03 -4.91412E-03 -4.41570E-03  3.62492E-04 -7.05602E-04  4.58022E-03  3.96029E-04  2.78111E-03  1.01892E-02 -4.57499E-03  5.32705E-03 -8.08173E-05  6.85790E-03  1.13221E-03 -1.32211E-03  1.21272E-02  3.89509E-03  1.06647E-03  8.63900E-03  6.51444E-03 -6.25846E-03  1.05551E-03  7.45117E-03
 OMEGA(8,5)    3.28160E-03 -1.21755E-02 -3.23813E-02  3.01041E-02 -1.58952E-02  1.32575E-02 -5.88243E-03  3.16263E-02  3.49133E-04  0.00000E+00  2.54521E-04  1.35660E-02 -2.49115E-02  4.49509E-02  4.17783E-03 -2.02846E-02  1.77314E-02 -7.00471E-03  1.59791E-02 -1.95873E-03 -6.43504E-03  1.60852E-02  1.59864E-03  6.51510E-03 -4.08930E-03 -2.16772E-02 -8.95464E-03  3.00306E-03  5.35546E-03  6.27100E-03  1.55164E-03 -1.95657E-04  2.63166E-02 -1.03132E-02  8.27691E-03 -1.53450E-03  1.64582E-02  2.30532E-03 -5.69518E-03  2.20167E-02  1.06159E-04  5.23697E-03  6.51444E-03  2.50643E-02  5.29724E-03  1.09736E-02  8.53689E-03
 OMEGA(8,6)    3.32848E-02  5.55891E-04 -1.15491E-03  2.80808E-02 -1.57599E-02 -1.40088E-02 -1.18314E-02  3.01536E-02  3.11262E-04  0.00000E+00 -3.26038E-04 -8.22576E-03  3.46047E-03 -1.29727E-02 -8.36456E-03  1.92997E-03  8.93012E-03 -6.57783E-03  1.97607E-03 -1.47437E-03 -1.33888E-02  6.57210E-03 -2.28970E-03  2.06116E-03  5.76814E-04 -1.25400E-02 -6.65457E-04  4.76458E-03  1.20555E-02 -1.23930E-02  1.75926E-03 -4.82818E-03  4.59274E-03 -1.34580E-03 -1.15894E-03 -3.47270E-03 -5.66422E-04  2.55076E-03  1.46223E-03 -2.66707E-04 -7.23369E-03  1.17455E-03 -6.25846E-03  5.29724E-03  2.38429E-02  1.02365E-02 -5.21778E-03
 OMEGA(8,7)    1.56092E-02  5.00713E-04 -1.42847E-02  3.04211E-02 -9.54944E-03  4.09122E-03 -1.03788E-02  2.34211E-02  2.68200E-04  0.00000E+00 -1.25995E-04  3.90255E-03 -2.87762E-03  4.46281E-03 -4.43013E-03 -6.54084E-03  7.52715E-03 -7.70939E-03  7.96169E-03 -3.95550E-03 -1.12906E-02  1.14395E-02 -3.66763E-03  6.23800E-03  2.69843E-03 -1.44237E-02 -5.64180E-03  6.14275E-03  5.19649E-03 -7.91160E-03  2.52698E-03 -1.10195E-03  1.73339E-02 -2.05061E-03  3.73189E-03  8.11227E-04  7.30432E-03 -2.91728E-03  4.35943E-03  1.87616E-02 -3.53694E-03  2.20450E-03  1.05551E-03  1.09736E-02  1.02365E-02  1.85939E-02  1.45194E-02
 OMEGA(8,8)   -1.13385E-02  3.98380E-03 -2.21010E-02  1.12344E-02  3.00116E-03  1.99128E-02 -3.13669E-03  1.41036E-03  5.00127E-05  0.00000E+00  1.40389E-06  1.41631E-02 -3.78378E-03  1.72633E-02  2.84752E-04 -1.02277E-02  8.94184E-04 -5.65071E-03  1.03643E-02 -6.18098E-03 -5.52946E-03  9.39600E-03 -2.60740E-03  7.11508E-03  7.22302E-03 -1.81825E-03 -3.48586E-03  1.02748E-02  2.09270E-04  2.48877E-04  4.28277E-03  4.79199E-03  1.96491E-02  9.11742E-04  9.12068E-03  4.46975E-03  1.10589E-02 -7.05262E-03  1.93384E-03  2.86816E-02  5.26159E-03  1.89986E-03  7.45117E-03  8.53689E-03 -5.21778E-03  1.45194E-02  3.02167E-02
TABLE NO.     2: MCMC Bayesian Analysis: Problem=1 Subproblem=0 Superproblem1=0 Iteration1=0 Superproblem2=0 Iteration2=0
 NAME         THETA1       THETA2       THETA3       THETA4       THETA5       THETA6       THETA7       THETA8       SIGMA(1,1)   SIGMA(2,1)   SIGMA(2,2)   OMEGA(1,1)   OMEGA(2,1)   OMEGA(2,2)   OMEGA(3,1)   OMEGA(3,2)   OMEGA(3,3)   OMEGA(4,1)   OMEGA(4,2)   OMEGA(4,3)   OMEGA(4,4)   OMEGA(5,1)   OMEGA(5,2)   OMEGA(5,3)   OMEGA(5,4)   OMEGA(5,5)   OMEGA(6,1)   OMEGA(6,2)   OMEGA(6,3)   OMEGA(6,4)   OMEGA(6,5)   OMEGA(6,6)   OMEGA(7,1)   OMEGA(7,2)   OMEGA(7,3)   OMEGA(7,4)   OMEGA(7,5)   OMEGA(7,6)   OMEGA(7,7)   OMEGA(8,1)   OMEGA(8,2)   OMEGA(8,3)   OMEGA(8,4)   OMEGA(8,5)   OMEGA(8,6)   OMEGA(8,7)   OMEGA(8,8)
 THETA1        5.16624E-03 -6.83023E-04  3.18603E-04  3.63483E-04  4.07900E-04 -1.77437E-04  2.51726E-04  1.28494E-03 -2.89352E-07  0.00000E+00  2.21750E-06 -1.83654E-05 -2.08103E-05  3.61654E-05  5.03945E-06 -6.39785E-06 -4.57384E-06 -1.26535E-05  3.47418E-05 -2.38686E-05 -4.78792E-05  3.51909E-06  1.80208E-05  4.29745E-06  5.86028E-07  6.18888E-05  2.41937E-05 -6.55898E-06  1.97366E-05  2.07467E-05 -1.26581E-05  6.51073E-06 -2.03195E-05 -2.09700E-05  2.89810E-05 -1.92643E-05  1.74607E-06 -2.26706E-05  1.04731E-05 -4.21066E-05 -2.20316E-05 -7.44959E-06  2.26468E-05 -1.25447E-05  1.57747E-05  1.20184E-05 -3.84835E-05
 THETA2       -6.83023E-04  4.81382E-03  8.91731E-06  6.04843E-04  2.46201E-04 -1.78403E-05 -8.98696E-04  8.58204E-04  3.03117E-07  0.00000E+00  2.42868E-06 -4.55927E-05  1.51991E-04 -6.24364E-04  1.77019E-05  1.23696E-04  1.30273E-05  2.08454E-06 -2.36293E-04  1.99025E-05  9.71602E-05 -2.25810E-05  9.98024E-06 -1.06879E-05  5.94881E-05 -6.31531E-05 -1.40712E-05  7.05758E-05 -2.24055E-05 -5.79858E-06 -3.60599E-05 -1.46528E-05  3.16139E-05  3.78378E-04 -3.84572E-05 -3.69277E-06 -5.28077E-05 -6.03061E-05 -8.32318E-05  9.79781E-06 -2.45775E-05 -1.79442E-05  3.62429E-05  1.02595E-05 -1.81361E-05 -8.72649E-05  2.71082E-05
 THETA3        3.18603E-04  8.91731E-06  2.85512E-03  1.30731E-04  4.50981E-05  1.37156E-04  3.77549E-04  6.80141E-04  2.13256E-07  0.00000E+00 -4.94428E-07  1.39444E-05 -1.65587E-05  7.52906E-05  6.48231E-06  5.99699E-05 -2.03757E-04  1.81835E-05  6.66847E-05  1.47140E-04  3.70445E-04 -7.30754E-06  1.16105E-05 -4.05507E-05  6.80483E-06  6.00308E-06  1.62307E-05  2.22200E-05  3.86844E-05  9.29427E-06  1.86568E-06 -9.04474E-06 -2.90339E-05 -3.42499E-05 -6.08279E-05 -8.61509E-05 -9.77820E-06 -3.69848E-06 -1.18050E-05  1.13525E-05  2.86850E-05  2.86873E-07  2.66555E-05 -1.51189E-05  1.08195E-05 -2.30331E-05  1.76217E-05
 THETA4        3.63483E-04  6.04843E-04  1.30731E-04  5.51964E-03 -5.03672E-04  1.85066E-04 -1.03269E-03  7.05660E-04 -8.72977E-08  0.00000E+00  1.29389E-06  2.73268E-05  6.30895E-05 -2.34771E-05  3.51951E-06  1.39422E-05 -1.20455E-04  5.95104E-05  3.87246E-05  8.73301E-05  3.71799E-04 -2.85815E-06  9.33935E-06 -1.60157E-05  3.25163E-06  5.25186E-05  2.50874E-05  1.92272E-05 -5.24685E-06 -2.29354E-05  5.30009E-06  4.24627E-05 -4.11073E-07 -2.00706E-05 -3.60310E-05 -3.03459E-05  4.54128E-05 -3.40984E-06 -5.42221E-05  2.47834E-05 -7.00375E-06 -5.78643E-06  2.69989E-05 -3.33180E-07  3.95168E-05 -2.01353E-05 -1.37405E-05
 THETA5        4.07900E-04  2.46201E-04  4.50981E-05 -5.03672E-04  4.15994E-03 -8.01601E-04  4.46826E-04 -2.49231E-05  6.52197E-08  0.00000E+00  2.93302E-07  7.21442E-06 -1.20247E-07  1.28075E-05  1.39838E-05  1.00122E-05 -1.04334E-05  2.18743E-05  3.91212E-05  2.63429E-06 -1.47774E-06  3.37100E-05  8.54992E-06 -1.02197E-05  1.42969E-05 -4.98446E-05  4.98883E-05 -2.42110E-05  2.38924E-05  4.09582E-05 -2.04035E-05  1.25407E-04 -2.65599E-05 -8.46044E-07 -1.15572E-05  1.58231E-05 -1.78494E-05 -4.71407E-06 -5.74311E-06  4.61719E-05 -2.51332E-06  8.22556E-06  1.39338E-05  3.44556E-06 -1.55151E-06  5.63353E-05  7.97613E-05
 THETA6       -1.77437E-04 -1.78403E-05  1.37156E-04  1.85066E-04 -8.01601E-04  5.77148E-03  2.35821E-04 -1.01456E-03  6.45606E-07  0.00000E+00 -2.53747E-07  1.23374E-04 -1.94810E-05  6.50422E-05  1.48994E-06 -7.52943E-06 -2.88688E-05  3.46920E-06 -2.87079E-05 -3.41717E-05 -2.30367E-05 -3.69916E-07  1.11679E-05  8.77658E-07  3.65946E-05 -6.17186E-05  1.64976E-05 -1.45189E-05 -1.60880E-05  6.88808E-05 -1.28938E-05 -2.21811E-06  3.56839E-05 -2.99444E-05  1.48680E-05  2.37257E-05 -1.92332E-05 -8.82308E-05  1.90930E-05  1.00705E-05  2.49434E-05  4.40021E-06  3.58826E-05 -5.31871E-06  6.71022E-06 -1.33271E-07  9.95644E-05
 THETA7        2.51726E-04 -8.98696E-04  3.77549E-04 -1.03269E-03  4.46826E-04  2.35821E-04  5.08728E-03  1.18898E-03 -7.46466E-07  0.00000E+00 -5.51850E-07 -2.15066E-05 -6.82020E-05  8.27356E-05  7.67739E-06 -3.40464E-06  7.00648E-06  3.79754E-05  8.41177E-05  6.75953E-06 -2.20500E-06  3.04469E-05  3.22295E-05 -4.63644E-06  5.11339E-05 -1.93988E-06 -3.17822E-05 -1.89961E-05  4.71863E-06 -1.53580E-06 -1.98966E-05  2.96904E-05 -4.13674E-05 -4.86420E-05 -1.83114E-06 -7.87822E-07 -5.95822E-05  5.61476E-05 -2.27187E-05 -2.06799E-05  3.06405E-05  2.66701E-05  3.74674E-05 -1.07373E-05 -3.98211E-06 -1.25296E-05  4.92880E-05
 THETA8        1.28494E-03  8.58204E-04  6.80141E-04  7.05660E-04 -2.49231E-05 -1.01456E-03  1.18898E-03  4.62276E-03 -6.04633E-07  0.00000E+00 -1.12524E-06 -3.86902E-05 -1.54616E-05  1.19545E-04 -1.34377E-05  1.17282E-05 -4.26204E-06  2.10371E-05  7.52503E-05  2.96899E-05  3.44576E-05  3.16843E-05  1.73146E-05  9.66772E-06  6.49793E-06  2.34314E-05  7.58261E-06 -4.23562E-06  1.39195E-05  1.65491E-05 -1.98195E-05  3.10853E-05 -1.05765E-05 -7.06464E-05 -1.46607E-05  5.35360E-06 -4.93779E-07  2.57991E-05 -7.72272E-05  4.98360E-06  2.67215E-05  9.60263E-06  4.22803E-05 -9.85880E-06  3.82773E-05  3.52384E-06  7.07680E-06
 SIGMA(1,1)   -2.89352E-07  3.03117E-07  2.13256E-07 -8.72977E-08  6.52197E-08  6.45606E-07 -7.46466E-07 -6.04633E-07  4.18747E-07  0.00000E+00 -2.91157E-08  2.60864E-07  4.77105E-07 -1.43350E-06 -6.64867E-08  8.85628E-08 -7.31745E-07 -1.00623E-07 -3.63135E-07 -1.71290E-08 -5.02196E-07 -2.69967E-07 -8.62953E-08 -1.72797E-07  1.60608E-07  8.99364E-08  2.79581E-07  1.20536E-08 -2.18133E-08  7.99342E-08  1.85800E-07 -1.94518E-07 -2.59147E-07 -1.75520E-08 -4.20521E-07  3.84350E-07 -7.16283E-08 -5.46741E-07 -1.62041E-07 -9.88984E-08 -4.05255E-07 -1.44227E-07  1.42078E-08 -1.39046E-07  4.44575E-07 -1.10144E-07 -1.42439E-07
 SIGMA(2,1)    0.00000E+00  0.00000E+00  0.00000E+00  0.00000E+00  0.00000E+00  0.00000E+00  0.00000E+00  0.00000E+00  0.00000E+00  0.00000E+00  0.00000E+00  0.00000E+00  0.00000E+00  0.00000E+00  0.00000E+00  0.00000E+00  0.00000E+00  0.00000E+00  0.00000E+00  0.00000E+00  0.00000E+00  0.00000E+00  0.00000E+00  0.00000E+00  0.00000E+00  0.00000E+00  0.00000E+00  0.00000E+00  0.00000E+00  0.00000E+00  0.00000E+00  0.00000E+00  0.00000E+00  0.00000E+00  0.00000E+00  0.00000E+00  0.00000E+00  0.00000E+00  0.00000E+00  0.00000E+00  0.00000E+00  0.00000E+00  0.00000E+00  0.00000E+00  0.00000E+00  0.00000E+00  0.00000E+00
 SIGMA(2,2)    2.21750E-06  2.42868E-06 -4.94428E-07  1.29389E-06  2.93302E-07 -2.53747E-07 -5.51850E-07 -1.12524E-06 -2.91157E-08  0.00000E+00  1.42464E-06 -3.02691E-07  3.56732E-07 -1.08207E-06 -2.40324E-07  7.01397E-07 -1.59245E-08 -7.21781E-07 -4.83787E-07  2.31648E-07  4.65704E-07 -2.23990E-08 -1.57789E-07 -3.55128E-07  3.65907E-07 -8.94138E-07 -9.36939E-07  2.95312E-07 -2.71858E-07 -2.38223E-07  4.69430E-07 -3.28431E-06  6.04462E-07  1.15393E-06 -4.46688E-07  1.91450E-07 -7.18831E-07 -5.42378E-07 -2.11114E-06  1.53466E-07  7.86181E-08 -1.24622E-07  1.25452E-07  3.17877E-07 -1.14798E-07 -8.30622E-07  4.68183E-07
 OMEGA(1,1)   -1.83654E-05 -4.55927E-05  1.39444E-05  2.73268E-05  7.21442E-06  1.23374E-04 -2.15066E-05 -3.86902E-05  2.60864E-07  0.00000E+00 -3.02691E-07  2.30137E-03 -2.02524E-04  4.78362E-05  9.45431E-05 -3.54769E-05  2.16381E-05  1.39339E-04 -3.01028E-05  7.61364E-06  1.65093E-05  1.16328E-04 -1.44816E-05 -7.03215E-06  4.27177E-06  3.42894E-05 -9.87514E-06  1.99282E-06 -1.20404E-05 -7.47786E-06 -3.91876E-06 -1.08081E-05  3.40296E-05 -6.05347E-06  2.16741E-06 -1.55800E-05  1.31536E-05 -8.72045E-06 -8.15918E-06  3.78075E-04 -4.42790E-05  2.88699E-05 -9.26857E-06  5.20730E-05 -3.83210E-05  2.87247E-05  1.38896E-04
 OMEGA(2,1)   -2.08103E-05  1.51991E-04 -1.65587E-05  6.30895E-05 -1.20247E-07 -1.94810E-05 -6.82020E-05 -1.54616E-05  4.77105E-07  0.00000E+00  3.56732E-07 -2.02524E-04  8.02156E-04 -3.21280E-04 -1.60569E-05  4.41991E-05 -3.85529E-06  4.50361E-05 -1.58760E-05  5.94902E-07  3.76498E-05  3.58553E-05  2.52626E-05  1.23978E-06  1.60492E-05  4.38377E-06 -4.12717E-06  1.05011E-05 -3.98027E-06 -1.53859E-05 -9.05253E-06 -5.73439E-06 -1.20716E-04  8.76024E-05 -1.07945E-05 -1.26670E-05 -1.04279E-05  9.42116E-06 -1.19705E-05  1.09293E-04  8.27702E-05  2.81143E-08  6.13783E-05  1.40368E-05 -3.72007E-06 -3.09986E-05  5.50629E-05
 OMEGA(2,2)    3.61654E-05 -6.24364E-04  7.52906E-05 -2.34771E-05  1.28075E-05  6.50422E-05  8.27356E-05  1.19545E-04 -1.43350E-06  0.00000E+00 -1.08207E-06  4.78362E-05 -3.21280E-04  1.94890E-03 -1.71898E-05 -3.73284E-05  5.79801E-06 -1.41047E-05  2.10621E-04  2.23432E-05  8.94576E-05 -2.82644E-05  8.00692E-05 -7.21571E-06  1.64445E-05  7.30991E-06  3.06332E-05  1.51569E-05 -6.74437E-06 -4.17978E-06  1.63318E-05 -2.45340E-05  3.43538E-05 -4.45152E-04  4.58188E-06 -3.31013E-05  3.67031E-06 -1.05778E-05  7.03788E-05 -4.56164E-05  3.35656E-04  1.50491E-05  4.06840E-05  9.61492E-06  1.55899E-06 -1.55173E-05  9.00517E-05
