TABLE NO.     1: Iterative Two Stage (No Prior): Problem=1 Subproblem=0 Superproblem1=0 Iteration1=0 Superproblem2=0 Iteration2=0
 NAME         THETA1       THETA2       THETA3       THETA4       SIGMA(1,1)   OMEGA(1,1)   OMEGA(2,1)   OMEGA(2,2)   OMEGA(3,1)   OMEGA(3,2)   OMEGA(3,3)   OMEGA(4,1)   OMEGA(4,2)   OMEGA(4,3)   OMEGA(4,4)
 THETA1        4.87619E-02  2.06340E-01  1.14545E-01  1.39114E-02  1.57004E-01 -1.42513E-01  1.17791E-02 -7.01895E-02 -8.06983E-02 -6.19787E-02 -1.02948E-01 -1.16370E-01 -1.96074E-01 -4.38467E-02 -2.40701E-02
 THETA2        2.06340E-01  5.22039E-02  1.42037E-01  1.30242E-01  1.46985E-01  5.03147E-02  9.96307E-02  1.89679E-02  2.37958E-02 -9.95952E-02 -7.64487E-02 -1.24135E-01 -1.24550E-01  7.12267E-03  1.59675E-02
 THETA3        1.14545E-01  1.42037E-01  6.65852E-02  5.09322E-01 -3.32167E-02  6.19986E-02  6.78692E-02 -7.98240E-02 -3.70161E-02  2.59278E-02  8.93198E-02  9.31955E-02  1.28937E-01  1.75845E-01  1.48322E-01
 THETA4        1.39114E-02  1.30242E-01  5.09322E-01  5.72743E-02  4.85029E-02 -4.74036E-03 -7.73891E-02 -3.98774E-02  9.14657E-02  1.37310E-01  2.06059E-01  1.12579E-01  1.31845E-01  2.20067E-01 -1.48045E-02
 SIGMA(1,1)    1.57004E-01  1.46985E-01 -3.32167E-02  4.85029E-02  8.76213E-03 -2.51953E-01 -2.32965E-01 -3.03378E-01 -2.33402E-01 -8.54027E-03 -2.45368E-01 -3.57849E-01 -2.12998E-01 -3.23533E-01 -3.93858E-01
 OMEGA(1,1)   -1.42513E-01  5.03147E-02  6.19986E-02 -4.74036E-03 -2.51953E-01  3.12023E-02  4.93308E-01  1.83449E-01  1.49646E-01  2.28397E-01  1.31878E-01  3.01289E-01  2.11344E-01  2.00706E-01  2.24415E-01
 OMEGA(2,1)    1.17791E-02  9.96307E-02  6.78692E-02 -7.73891E-02 -2.32965E-01  4.93308E-01  2.53697E-02  2.77350E-01  4.37236E-01  8.75679E-02  1.23628E-01  3.76542E-01  1.87292E-01  1.04074E-01  1.25719E-01
 OMEGA(2,2)   -7.01895E-02  1.89679E-02 -7.98240E-02 -3.98774E-02 -3.03378E-01  1.83449E-01  2.77350E-01  3.83306E-02  7.63732E-02  4.09504E-01  2.85103E-01  1.80686E-01  5.22154E-01  3.10543E-01  2.82588E-01
 OMEGA(3,1)   -8.06983E-02  2.37958E-02 -3.70161E-02  9.14657E-02 -2.33402E-01  1.49646E-01  4.37236E-01  7.63732E-02  3.38905E-02 -1.13037E-02  3.76951E-01  6.22752E-01  2.52987E-02  1.99427E-01  9.57886E-02
 OMEGA(3,2)   -6.19787E-02 -9.95952E-02  2.59278E-02  1.37310E-01 -8.54027E-03  2.28397E-01  8.75679E-02  4.09504E-01 -1.13037E-02  4.14386E-02  3.22558E-01  2.79089E-02  6.80077E-01  3.52775E-01  2.13043E-01
 OMEGA(3,3)   -1.02948E-01 -7.64487E-02  8.93198E-02  2.06059E-01 -2.45368E-01  1.31878E-01  1.23628E-01  2.85103E-01  3.76951E-01  3.22558E-01  6.62794E-02  2.39879E-01  3.27942E-01  7.86830E-01  5.22595E-01
 OMEGA(4,1)   -1.16370E-01 -1.24135E-01  9.31955E-02  1.12579E-01 -3.57849E-01  3.01289E-01  3.76542E-01  1.80686E-01  6.22752E-01  2.79089E-02  2.39879E-01  2.93036E-02  1.67094E-01  2.05349E-01  1.72206E-01
 OMEGA(4,2)   -1.96074E-01 -1.24550E-01  1.28937E-01  1.31845E-01 -2.12998E-01  2.11344E-01  1.87292E-01  5.22154E-01  2.52987E-02  6.80077E-01  3.27942E-01  1.67094E-01  3.09284E-02  4.03701E-01  3.52167E-01
 OMEGA(4,3)   -4.38467E-02  7.12267E-03  1.75845E-01  2.20067E-01 -3.23533E-01  2.00706E-01  1.04074E-01  3.10543E-01  1.99427E-01  3.52775E-01  7.86830E-01  2.05349E-01  4.03701E-01  4.99501E-02  7.75987E-01
 OMEGA(4,4)   -2.40701E-02  1.59675E-02  1.48322E-01 -1.48045E-02 -3.93858E-01  2.24415E-01  1.25719E-01  2.82588E-01  9.57886E-02  2.13043E-01  5.22595E-01  1.72206E-01  3.52167E-01  7.75987E-01  4.25300E-02
TABLE NO.     2: Stochastic Approximation Expectation-Maximization (No Prior): Problem=1 Subproblem=0 Superproblem1=0 Iteration1=0 Superproblem2=0 Iteration2=0
 NAME         THETA1       THETA2       THETA3       THETA4       SIGMA(1,1)   OMEGA(1,1)   OMEGA(2,1)   OMEGA(2,2)   OMEGA(3,1)   OMEGA(3,2)   OMEGA(3,3)   OMEGA(4,1)   OMEGA(4,2)   OMEGA(4,3)   OMEGA(4,4)
 THETA1        4.85302E-02  1.86146E-01  1.21864E-01 -8.52430E-03  6.88904E-02 -1.24734E-01  6.24364E-02 -7.24838E-02 -5.99164E-02 -7.38151E-02 -1.09222E-01 -8.93537E-02 -1.78879E-01 -5.19483E-02 -1.50980E-02
 THETA2        1.86146E-01  5.47694E-02  2.71213E-02  9.26540E-02  1.69384E-01  7.57576E-02  9.95180E-02 -8.17590E-02  3.41767E-02 -1.02731E-01 -1.67682E-01 -1.05909E-01 -1.62097E-01 -1.04868E-01 -5.75020E-02
 THETA3        1.21864E-01  2.71213E-02  6.93777E-02  4.70757E-01 -1.81136E-02  4.05701E-02  4.30072E-02 -1.43028E-01 -1.19489E-01  4.24407E-02 -2.22282E-03  4.47508E-02  9.24701E-02  1.30123E-01  9.90950E-02
 THETA4       -8.52430E-03  9.26540E-02  4.70757E-01  5.55685E-02  2.72678E-02 -1.57242E-02 -6.51728E-02 -9.53720E-02  5.63114E-02  5.95238E-02  1.60017E-01  9.51826E-02  9.03321E-02  1.75056E-01 -5.56971E-02
 SIGMA(1,1)    6.88904E-02  1.69384E-01 -1.81136E-02  2.72678E-02  8.31538E-03 -2.33389E-01 -1.99020E-01 -2.58182E-01 -1.99166E-01 -6.95736E-02 -1.86543E-01 -3.48245E-01 -1.93956E-01 -2.90696E-01 -3.76085E-01
 OMEGA(1,1)   -1.24734E-01  7.57576E-02  4.05701E-02 -1.57242E-02 -2.33389E-01  3.06325E-02  4.68273E-01  1.11805E-01  1.02288E-01  2.19092E-01  1.21650E-01  2.43498E-01  1.59656E-01  1.92459E-01  2.12747E-01
 OMEGA(2,1)    6.24364E-02  9.95180E-02  4.30072E-02 -6.51728E-02 -1.99020E-01  4.68273E-01  2.57802E-02  2.33423E-01  3.24735E-01  1.14557E-02  5.65739E-02  3.28847E-01  1.35571E-01  5.18250E-02  9.50386E-02
 OMEGA(2,2)   -7.24838E-02 -8.17590E-02 -1.43028E-01 -9.53720E-02 -2.58182E-01  1.11805E-01  2.33423E-01  3.96798E-02 -2.28160E-02  2.54661E-01  1.51266E-01  1.40545E-01  4.79410E-01  1.90319E-01  2.10743E-01
 OMEGA(3,1)   -5.99164E-02  3.41767E-02 -1.19489E-01  5.63114E-02 -1.99166E-01  1.02288E-01  3.24735E-01 -2.28160E-02  3.51296E-02 -1.22927E-01  3.61464E-01  5.70826E-01 -6.98532E-02  1.57198E-01  8.33680E-02
 OMEGA(3,2)   -7.38151E-02 -1.02731E-01  4.24407E-02  5.95238E-02 -6.95736E-02  2.19092E-01  1.14557E-02  2.54661E-01 -1.22927E-01  4.53273E-02  2.20874E-01 -2.19592E-02  5.86233E-01  2.68214E-01  1.44494E-01
 OMEGA(3,3)   -1.09222E-01 -1.67682E-01 -2.22282E-03  1.60017E-01 -1.86543E-01  1.21650E-01  5.65739E-02  1.51266E-01  3.61464E-01  2.20874E-01  6.42938E-02  2.21315E-01  2.03091E-01  7.22815E-01  4.23429E-01
 OMEGA(4,1)   -8.93537E-02 -1.05909E-01  4.47508E-02  9.51826E-02 -3.48245E-01  2.43498E-01  3.28847E-01  1.40545E-01  5.70826E-01 -2.19592E-02  2.21315E-01  2.89999E-02  1.22482E-01  2.37257E-01  1.95349E-01
 OMEGA(4,2)   -1.78879E-01 -1.62097E-01  9.24701E-02  9.03321E-02 -1.93956E-01  1.59656E-01  1.35571E-01  4.79410E-01 -6.98532E-02  5.86233E-01  2.03091E-01  1.22482E-01  3.08574E-02  2.64819E-01  2.78375E-01
 OMEGA(4,3)   -5.19483E-02 -1.04868E-01  1.30123E-01  1.75056E-01 -2.90696E-01  1.92459E-01  5.18250E-02  1.90319E-01  1.57198E-01  2.68214E-01  7.22815E-01  2.37257E-01  2.64819E-01  4.65437E-02  7.00434E-01
 OMEGA(4,4)   -1.50980E-02 -5.75020E-02  9.90950E-02 -5.56971E-02 -3.76085E-01  2.12747E-01  9.50386E-02  2.10743E-01  8.33680E-02  1.44494E-01  4.23429E-01  1.95349E-01  2.78375E-01  7.00434E-01  3.88016E-02
TABLE NO.     3: Objective Function Evaluation by Importance Sampling (No Prior): Problem=1 Subproblem=0 Superproblem1=0 Iteration1=0 Superproblem2=0 Iteration2=0
 NAME         THETA1       THETA2       THETA3       THETA4       SIGMA(1,1)   OMEGA(1,1)   OMEGA(2,1)   OMEGA(2,2)   OMEGA(3,1)   OMEGA(3,2)   OMEGA(3,3)   OMEGA(4,1)   OMEGA(4,2)   OMEGA(4,3)   OMEGA(4,4)
 THETA1        4.65667E-02  1.85207E-01  1.64249E-01  8.64353E-02  1.43464E-02  6.25178E-02  7.69166E-02 -5.35897E-02  9.19316E-02  5.22758E-02  2.70342E-02  8.73457E-02  1.39228E-02  3.35207E-02  2.38751E-02
 THETA2        1.85207E-01  5.47696E-02  1.10542E-01  1.99915E-01  6.57140E-02  1.17047E-01  1.25310E-01 -1.26079E-01  1.46083E-01  1.95156E-01 -7.26235E-02  1.12315E-01  3.79464E-03 -2.37057E-02  3.99137E-02
 THETA3        1.64249E-01  1.10542E-01  7.13626E-02  5.31094E-01  4.30265E-02  1.09964E-01  1.42660E-01 -1.77631E-01  3.91379E-02  2.20529E-01  1.39700E-01  1.30714E-01  1.34722E-01  6.14351E-02 -1.95172E-02
 THETA4        8.64353E-02  1.99915E-01  5.31094E-01  5.45327E-02  4.93809E-02  1.05226E-01  1.19951E-01 -1.31246E-01  1.08361E-01  9.02368E-02  8.92001E-02  1.26218E-01  1.12528E-01  2.89629E-02  2.93477E-02
 SIGMA(1,1)    1.43464E-02  6.57140E-02  4.30265E-02  4.93809E-02  7.28750E-03 -7.19067E-02 -1.15630E-01 -2.37692E-01 -1.56841E-01 -2.08919E-02 -3.26236E-01 -1.76383E-01 -1.02204E-01 -3.51579E-01 -2.77423E-01
 OMEGA(1,1)    6.25178E-02  1.17047E-01  1.09964E-01  1.05226E-01 -7.19067E-02  2.97809E-02  3.20649E-01 -4.41858E-02  2.59854E-01  1.12729E-01  9.28518E-02  1.67395E-01  4.74126E-02  8.40176E-02  5.55863E-02
 OMEGA(2,1)    7.69166E-02  1.25310E-01  1.42660E-01  1.19951E-01 -1.15630E-01  3.20649E-01  2.33570E-02  1.41456E-01  2.24828E-01  2.15945E-01  1.13688E-01  3.03322E-01  1.26510E-01  1.22626E-01  7.96838E-02
 OMEGA(2,2)   -5.35897E-02 -1.26079E-01 -1.77631E-01 -1.31246E-01 -2.37692E-01 -4.41858E-02  1.41456E-01  3.57323E-02 -4.32127E-02 -4.48034E-02 -1.10894E-02  3.61286E-03  2.44102E-01  5.68792E-02  1.22328E-01
 OMEGA(3,1)    9.19316E-02  1.46083E-01  3.91379E-02  1.08361E-01 -1.56841E-01  2.59854E-01  2.24828E-01 -4.32127E-02  3.06028E-02  1.82180E-01  2.60813E-01  5.37245E-01  9.28747E-02  2.23922E-01  1.34915E-01
 OMEGA(3,2)    5.22758E-02  1.95156E-01  2.20529E-01  9.02368E-02 -2.08919E-02  1.12729E-01  2.15945E-01 -4.48034E-02  1.82180E-01  3.62120E-02  8.75773E-02  1.35839E-01  4.30128E-01  1.54801E-01  1.01445E-01
 OMEGA(3,3)    2.70342E-02 -7.26235E-02  1.39700E-01  8.92001E-02 -3.26236E-01  9.28518E-02  1.13688E-01 -1.10894E-02  2.60813E-01  8.75773E-02  6.52449E-02  2.01459E-01  1.23266E-01  6.74902E-01  2.65212E-01
 OMEGA(4,1)    8.73457E-02  1.12315E-01  1.30714E-01  1.26218E-01 -1.76383E-01  1.67395E-01  3.03322E-01  3.61286E-03  5.37245E-01  1.35839E-01  2.01459E-01  2.47428E-02  2.11117E-01  2.64352E-01  1.65592E-01
 OMEGA(4,2)    1.39228E-02  3.79464E-03  1.34722E-01  1.12528E-01 -1.02204E-01  4.74126E-02  1.26510E-01  2.44102E-01  9.28747E-02  4.30128E-01  1.23266E-01  2.11117E-01  2.65869E-02  2.42634E-01  3.54373E-01
 OMEGA(4,3)    3.35207E-02 -2.37057E-02  6.14351E-02  2.89629E-02 -3.51579E-01  8.40176E-02  1.22626E-01  5.68792E-02  2.23922E-01  1.54801E-01  6.74902E-01  2.64352E-01  2.42634E-01  3.78402E-02  6.22918E-01
 OMEGA(4,4)    2.38751E-02  3.99137E-02 -1.95172E-02  2.93477E-02 -2.77423E-01  5.55863E-02  7.96838E-02  1.22328E-01  1.34915E-01  1.01445E-01  2.65212E-01  1.65592E-01  3.54373E-01  6.22918E-01  3.78841E-02
TABLE NO.     4: MCMC Bayesian Analysis: Problem=1 Subproblem=0 Superproblem1=0 Iteration1=0 Superproblem2=0 Iteration2=0
 NAME         THETA1       THETA2       THETA3       THETA4       SIGMA(1,1)   OMEGA(1,1)   OMEGA(2,1)   OMEGA(2,2)   OMEGA(3,1)   OMEGA(3,2)   OMEGA(3,3)   OMEGA(4,1)   OMEGA(4,2)   OMEGA(4,3)   OMEGA(4,4)
 THETA1        4.77638E-02  1.45680E-01  1.85327E-01  9.27852E-02  3.53220E-02  4.20803E-02  4.80663E-02 -5.14384E-02  4.16714E-02  3.77505E-02  9.99315E-03  3.58259E-02  9.28841E-03 -1.17754E-02 -2.10560E-02
 THETA2        1.45680E-01  5.61386E-02  5.14424E-02  1.41402E-01  8.41148E-02  9.15224E-02  8.92456E-02 -9.87226E-02  1.11115E-01  8.78091E-02 -3.84377E-02  8.52163E-02 -2.84750E-02 -1.79813E-02  3.38174E-02
 THETA3        1.85327E-01  5.14424E-02  7.43717E-02  5.43085E-01  1.26815E-01  6.81975E-02  9.91327E-02 -1.90224E-01 -2.06488E-02  1.65071E-01  4.19423E-02  8.36344E-02  1.19605E-01 -7.73029E-02 -1.04779E-01
 THETA4        9.27852E-02  1.41402E-01  5.43085E-01  5.71136E-02  1.31264E-01  6.56407E-02  7.87073E-02 -1.58528E-01  3.55123E-02  6.25229E-02  1.74130E-02  6.99860E-02  1.20189E-01 -1.03220E-01 -5.37592E-02
 SIGMA(1,1)    3.53220E-02  8.41148E-02  1.26815E-01  1.31264E-01  7.58805E-03 -4.68861E-02 -5.38748E-02 -2.09310E-01 -8.42826E-02 -2.90315E-02 -2.94134E-01 -9.97453E-02 -8.19582E-02 -3.32324E-01 -2.60207E-01
 OMEGA(1,1)    4.20803E-02  9.15224E-02  6.81975E-02  6.56407E-02 -4.68861E-02  3.16533E-02  2.31058E-01 -4.35848E-02  2.80458E-01  6.25209E-02  8.03691E-02  1.58410E-01  3.28222E-02  4.43558E-02  3.46402E-02
 OMEGA(2,1)    4.80663E-02  8.92456E-02  9.91327E-02  7.87073E-02 -5.38748E-02  2.31058E-01  2.53996E-02  7.33649E-02  1.49237E-01  1.89312E-01  7.53560E-02  2.29894E-01  5.62671E-02  7.32356E-02  5.16145E-02
 OMEGA(2,2)   -5.14384E-02 -9.87226E-02 -1.90224E-01 -1.58528E-01 -2.09310E-01 -4.35848E-02  7.33649E-02  4.10933E-02 -6.76794E-02  1.79377E-02 -2.02386E-02 -6.00769E-02  1.94028E-01  6.21439E-02  1.13271E-01
 OMEGA(3,1)    4.16714E-02  1.11115E-01 -2.06488E-02  3.55123E-02 -8.42826E-02  2.80458E-01  1.49237E-01 -6.76794E-02  3.06087E-02  1.34950E-01  2.78475E-01  4.86560E-01  9.36033E-02  1.78355E-01  8.98336E-02
 OMEGA(3,2)    3.77505E-02  8.78091E-02  1.65071E-01  6.25229E-02 -2.90315E-02  6.25209E-02  1.89312E-01  1.79377E-02  1.34950E-01  3.52497E-02  1.81313E-01  8.42825E-02  3.82512E-01  1.77511E-01  7.73443E-02
 OMEGA(3,3)    9.99315E-03 -3.84377E-02  4.19423E-02  1.74130E-02 -2.94134E-01  8.03691E-02  7.53560E-02 -2.02386E-02  2.78475E-01  1.81313E-01  6.21235E-02  1.70366E-01  1.58109E-01  6.33289E-01  2.65791E-01
 OMEGA(4,1)    3.58259E-02  8.52163E-02  8.36344E-02  6.99860E-02 -9.97453E-02  1.58410E-01  2.29894E-01 -6.00769E-02  4.86560E-01  8.42825E-02  1.70366E-01  2.55611E-02  1.71193E-01  2.47204E-01  1.32535E-01
 OMEGA(4,2)    9.28841E-03 -2.84750E-02  1.19605E-01  1.20189E-01 -8.19582E-02  3.28222E-02  5.62671E-02  1.94028E-01  9.36033E-02  3.82512E-01  1.58109E-01  1.71193E-01  2.73737E-02  2.25121E-01  2.99233E-01
 OMEGA(4,3)   -1.17754E-02 -1.79813E-02 -7.73029E-02 -1.03220E-01 -3.32324E-01  4.43558E-02  7.32356E-02  6.21439E-02  1.78355E-01  1.77511E-01  6.33289E-01  2.47204E-01  2.25121E-01  3.83761E-02  6.06301E-01
 OMEGA(4,4)   -2.10560E-02  3.38174E-02 -1.04779E-01 -5.37592E-02 -2.60207E-01  3.46402E-02  5.16145E-02  1.13271E-01  8.98336E-02  7.73443E-02  2.65791E-01  1.32535E-01  2.99233E-01  6.06301E-01  4.00406E-02
TABLE NO.     5: First Order Conditional Estimation with Interaction (No Prior): Problem=1 Subproblem=0 Superproblem1=0 Iteration1=0 Superproblem2=0 Iteration2=0
 NAME         THETA1       THETA2       THETA3       THETA4       SIGMA(1,1)   OMEGA(1,1)   OMEGA(2,1)   OMEGA(2,2)   OMEGA(3,1)   OMEGA(3,2)   OMEGA(3,3)   OMEGA(4,1)   OMEGA(4,2)   OMEGA(4,3)   OMEGA(4,4)
 THETA1        4.64270E-02  1.58311E-01  2.00711E-01  1.25941E-01  3.15667E-02  6.63644E-02  8.86361E-02 -8.50763E-03  8.18627E-02  4.71341E-02  7.51888E-02  8.65020E-02  3.58415E-02  7.52751E-02  5.59560E-02
 THETA2        1.58311E-01  5.13665E-02  1.41039E-01  1.86738E-01  2.77815E-03  1.17376E-01  1.31064E-01  6.54152E-02  1.56482E-01  4.87686E-02 -1.29003E-03  1.41300E-01 -4.73688E-03  4.33561E-02  8.83504E-02
 THETA3        2.00711E-01  1.41039E-01  7.18338E-02  5.82999E-01 -1.78830E-03  1.12515E-01  1.87764E-01 -1.20103E-01  6.74155E-02  2.69109E-01  2.73790E-01  1.49761E-01  2.01742E-01  1.71196E-01  6.30940E-02
 THETA4        1.25941E-01  1.86738E-01  5.82999E-01  5.48979E-02  3.45964E-03  1.18734E-01  1.68202E-01 -7.48873E-02  1.30459E-01  1.55016E-01  2.01871E-01  1.64117E-01  1.57480E-01  1.37471E-01  8.93908E-02
 SIGMA(1,1)    3.15667E-02  2.77815E-03 -1.78830E-03  3.45964E-03  9.13887E-03 -9.13948E-02 -2.41466E-01 -3.96219E-01 -3.14645E-01 -2.57768E-02 -4.71945E-01 -3.32405E-01 -1.61004E-01 -5.02051E-01 -4.14085E-01
 OMEGA(1,1)    6.63644E-02  1.17376E-01  1.12515E-01  1.18734E-01 -9.13948E-02  2.92319E-02  2.76661E-01  1.24863E-02  3.30706E-01  9.02761E-02  1.32694E-01  2.33411E-01  6.18277E-02  1.26130E-01  9.32063E-02
 OMEGA(2,1)    8.86361E-02  1.31064E-01  1.87764E-01  1.68202E-01 -2.41466E-01  2.76661E-01  2.32815E-02  1.81440E-01  3.47519E-01  2.68133E-01  2.39214E-01  3.60184E-01  1.71876E-01  2.27325E-01  1.67695E-01
 OMEGA(2,2)   -8.50763E-03  6.54152E-02 -1.20103E-01 -7.48873E-02 -3.96219E-01  1.24863E-02  1.81440E-01  3.64057E-02  1.23362E-01  8.89344E-02  1.08955E-01  1.34909E-01  2.39906E-01  1.86044E-01  2.15341E-01
 OMEGA(3,1)    8.18627E-02  1.56482E-01  6.74155E-02  1.30459E-01 -3.14645E-01  3.30706E-01  3.47519E-01  1.23362E-01  3.09340E-02  1.34748E-01  3.82351E-01  6.13774E-01  1.11673E-01  3.64619E-01  2.55754E-01
 OMEGA(3,2)    4.71341E-02  4.87686E-02  2.69109E-01  1.55016E-01 -2.57768E-02  9.02761E-02  2.68133E-01  8.89344E-02  1.34748E-01  3.22167E-02  3.18431E-01  1.16368E-01  4.92519E-01  2.32853E-01  1.17899E-01
 OMEGA(3,3)    7.51888E-02 -1.29003E-03  2.73790E-01  2.01871E-01 -4.71945E-01  1.32694E-01  2.39214E-01  1.08955E-01  3.82351E-01  3.18431E-01  6.91587E-02  3.24054E-01  2.46725E-01  7.70330E-01  4.16610E-01
 OMEGA(4,1)    8.65020E-02  1.41300E-01  1.49761E-01  1.64117E-01 -3.32405E-01  2.33411E-01  3.60184E-01  1.34909E-01  6.13774E-01  1.16368E-01  3.24054E-01  2.55619E-02  2.28599E-01  3.99912E-01  3.10740E-01
 OMEGA(4,2)    3.58415E-02 -4.73688E-03  2.01742E-01  1.57480E-01 -1.61004E-01  6.18277E-02  1.71876E-01  2.39906E-01  1.11673E-01  4.92519E-01  2.46725E-01  2.28599E-01  2.58277E-02  3.48265E-01  3.81811E-01
 OMEGA(4,3)    7.52751E-02  4.33561E-02  1.71196E-01  1.37471E-01 -5.02051E-01  1.26130E-01  2.27325E-01  1.86044E-01  3.64619E-01  2.32853E-01  7.70330E-01  3.99912E-01  3.48265E-01  4.20143E-02  7.04037E-01
 OMEGA(4,4)    5.59560E-02  8.83504E-02  6.30940E-02  8.93908E-02 -4.14085E-01  9.32063E-02  1.67695E-01  2.15341E-01  2.55754E-01  1.17899E-01  4.16610E-01  3.10740E-01  3.81811E-01  7.04037E-01  3.93996E-02
