TABLE NO.     1: Iterative Two Stage (No Prior): Problem=1 Subproblem=0 Superproblem1=0 Iteration1=0 Superproblem2=0 Iteration2=0
 NAME         THETA1       THETA2       THETA3       THETA4       THETA5       THETA6       THETA7       THETA8       SIGMA(1,1)   SIGMA(2,1)   SIGMA(2,2)   OMEGA(1,1)   OMEGA(2,1)   OMEGA(2,2)   OMEGA(3,1)   OMEGA(3,2)   OMEGA(3,3)   OMEGA(4,1)   OMEGA(4,2)   OMEGA(4,3)   OMEGA(4,4)   OMEGA(5,1)   OMEGA(5,2)   OMEGA(5,3)   OMEGA(5,4)   OMEGA(5,5)   OMEGA(6,1)   OMEGA(6,2)   OMEGA(6,3)   OMEGA(6,4)   OMEGA(6,5)   OMEGA(6,6)   OMEGA(7,1)   OMEGA(7,2)   OMEGA(7,3)   OMEGA(7,4)   OMEGA(7,5)   OMEGA(7,6)   OMEGA(7,7)   OMEGA(8,1)   OMEGA(8,2)   OMEGA(8,3)   OMEGA(8,4)   OMEGA(8,5)   OMEGA(8,6)   OMEGA(8,7)   OMEGA(8,8)
 THETA1        3.14651E+02  1.70079E+02 -5.24135E+01 -3.16614E+01 -8.65504E+01 -2.44957E+01  6.15094E+01 -2.09922E+02 -1.56806E+03  0.00000E+00 -2.72339E+03  8.89502E+01  1.15539E+02  1.14392E+02 -2.20827E+02  1.35711E+01 -1.17924E+02  5.59464E+01  4.87891E+02  1.17081E+02  6.18373E+01  6.84254E+01  8.62847E+01 -1.76979E+02 -1.08345E+02 -2.00517E+02  2.27951E+02  6.26333E+00 -2.66929E+01  6.98474E+01 -3.21076E+02 -1.35613E+02  1.79342E+02  2.60114E+02  1.76219E+02  1.45112E+02  1.05467E+01  1.49221E+02  5.61875E+01 -1.05605E+02 -4.06760E+02  1.55649E+02 -1.80743E+02 -5.61769E+01 -1.93333E+02 -2.61382E+02  1.70500E+02
 THETA2        1.70079E+02  4.34876E+02  2.04817E+01 -1.77521E+01 -1.25287E+02 -6.73323E+01  1.62290E+02 -2.86724E+02  6.75503E+03  0.00000E+00 -3.30458E+03  4.17579E+01  8.86228E+01  2.02463E+02 -3.45225E+01 -1.23852E+02 -6.16497E+01  4.85215E+02  6.53374E+02 -9.21597E+01 -1.62793E+01  1.44675E+02  3.94544E+01 -1.26517E+02 -8.93088E+01 -1.23090E+02  5.40329E+01 -4.50405E+01  1.61705E+02  1.12980E+02 -4.08229E+02 -2.03741E+02  2.07567E+02  2.17384E+02 -2.64588E+02  2.26418E+02  1.34683E+02  3.37500E+02  7.99696E+01 -2.99519E+02 -5.09326E+02  2.59606E+02 -5.08449E+02 -2.20405E+02 -7.30291E+01 -1.47753E+02  4.21555E+02
 THETA3       -5.24135E+01  2.04817E+01  5.36193E+02  5.83704E+01 -8.10027E+00 -7.75239E+01 -1.33621E+01 -1.05308E+02 -1.75165E+03  0.00000E+00  2.56164E+03 -1.00192E+02  4.29498E+01  1.90655E+01 -2.74414E+02 -1.67068E+02  5.79676E+01  1.07878E+02 -1.01376E+02  3.80199E+01 -1.82035E+02 -1.82006E+02 -1.96291E+02  6.11571E+01  9.18395E+01  1.30780E+02 -2.44616E+01  1.13062E+02  9.43433E+01  1.34638E+02  9.37729E+01  1.33239E+01  1.88148E+02 -1.97198E+02 -2.42727E+01 -1.85176E+02  1.01966E+02  1.64499E+02 -1.26803E+02  1.38486E+02  1.34701E+02 -1.67037E+02  1.90060E+02  3.39988E+02 -1.03170E+02  4.74277E+01 -4.08123E+01
 THETA4       -3.16614E+01 -1.77521E+01  5.83704E+01  2.83519E+02  2.33704E+01 -5.39025E+01  1.11468E+02 -9.53715E+01 -1.21362E+03  0.00000E+00  4.37348E+03  2.19687E+01  4.35330E+02  2.66349E+02  5.58226E+01 -9.43807E+01  1.54863E+02  8.67788E+01 -5.39687E+01 -2.57563E+02  1.43045E+02 -9.70188E+01 -6.21258E+01  9.64559E+01 -1.90039E+02  6.14723E+01  9.12181E+01  1.24503E+02  6.30222E+01 -1.15576E+02  1.53277E+02  3.09612E+01  1.15439E+02  1.76234E+02 -1.57952E+02  2.40584E+02 -2.29755E+02 -1.54205E+02  1.11587E+02 -1.21670E+02 -4.10936E+02  1.20396E+02 -2.05491E+02  2.55808E+02  1.38019E+01 -4.30762E+02  1.59967E+02
 THETA5       -8.65504E+01 -1.25287E+02 -8.10027E+00  2.33704E+01  3.63676E+02  1.18016E+02 -9.17881E+01  1.27650E+02 -2.95820E+03  0.00000E+00  2.12594E+03  2.20370E+01  7.99776E+01 -5.85439E+01 -1.51279E+02 -1.62725E+02 -7.58552E+00 -1.03613E+02 -9.28449E+01  7.59276E+01 -1.09183E+02 -4.23812E+02 -2.00651E+02  2.49165E+02  1.27383E+02  2.24094E+02 -3.36548E+02 -3.51214E+02  1.06091E+02  1.56252E+02  2.11455E+02  3.72896E+01  1.45752E+01  8.13158E+01  1.17890E+02 -2.51146E+02 -3.50776E+02 -7.37223E+01 -6.14894E+01 -4.70766E+01 -8.58676E+01  3.25199E+02  2.85184E+02  2.74018E+02  2.38875E+02  3.66822E+01 -8.64366E+01
 THETA6       -2.44957E+01 -6.73323E+01 -7.75239E+01 -5.39025E+01  1.18016E+02  2.83587E+02 -8.61741E+01  1.49419E+02  1.72995E+03  0.00000E+00  8.52329E+02  1.15295E+02  4.57350E+01 -3.50810E+01  1.26441E+01  1.75957E+02  1.03669E+01  8.17804E+01  1.13716E+02  1.04678E+02 -6.08143E+01 -3.66895E+02 -4.23504E+02  6.18834E+01  1.43852E+02  1.38956E+02 -3.16997E+02 -4.26623E+02  3.22676E+01  3.76464E+01  1.63650E+02  7.88148E+01  1.70236E+02  3.23450E+02  1.79226E+02 -1.61787E+02 -1.10455E+02 -2.03129E+02  3.13688E+01 -2.40262E+02 -6.94680E+01 -1.28392E+02  1.14062E+01  3.27494E+02  2.52692E+02 -1.84200E+02  1.30790E+01
 THETA7        6.15094E+01  1.62290E+02 -1.33621E+01  1.11468E+02 -9.17881E+01 -8.61741E+01  3.71985E+02 -2.31642E+02  9.45282E+03  0.00000E+00 -1.53144E+03  1.17338E+02  3.74274E+02  3.03484E+02  1.84144E+02 -2.08997E+02 -1.53332E+00  1.31195E+02  2.02855E+02 -1.87309E+02  1.17346E+02 -1.81256E+01 -1.08850E+01  9.78146E+01 -2.32948E+02 -1.64929E+02  1.28327E+02  2.21429E+02  1.57509E+02 -1.42177E+02 -7.34829E+01 -9.17469E+01  1.33289E+02  2.73323E+02 -2.55754E+02  2.33218E+02 -1.28974E+02  5.23179E+01  1.51163E+02 -3.42969E+02 -4.54004E+02  5.29383E+01 -4.42290E+02  8.91111E+01 -1.15001E+02 -1.78760E+02  2.55179E+02
 THETA8       -2.09922E+02 -2.86724E+02 -1.05308E+02 -9.53715E+01  1.27650E+02  1.49419E+02 -2.31642E+02  5.69128E+02 -2.88255E+03  0.00000E+00  4.07226E+03 -4.97851E+01 -3.62187E+02 -3.46030E+02  1.98620E+02  2.51090E+02 -1.29405E+02 -1.65246E+02 -4.98447E+02  1.49959E+02 -1.08453E+02 -1.02980E+02 -1.79793E+02  2.97980E+02  2.75366E+02  1.64525E+02 -2.39043E+02 -4.76255E+01 -1.05523E+02  1.42291E+01  3.10682E+02  1.17440E+02 -2.33968E+02 -2.13592E+02  7.38953E+01 -4.70374E+02 -2.12113E+00 -1.79566E+02 -6.10642E+01  2.71459E+02  9.42781E+02 -1.38888E+02  3.89058E+02 -4.59273E+01  1.69674E+01  3.24612E+02 -4.45271E+02
 SIGMA(1,1)   -1.56806E+03  6.75503E+03 -1.75165E+03 -1.21362E+03 -2.95820E+03  1.72995E+03  9.45282E+03 -2.88255E+03  2.41732E+06  0.00000E+00  1.84150E+05  5.64890E+03  1.77841E+04  2.34873E+04  1.77652E+04  1.26123E+04 -9.86624E+03  6.96765E+03 -1.93184E+04 -5.12554E+02  1.04662E+04 -8.65108E+03 -1.55335E+04 -9.18476E+03 -9.75877E+03 -6.84835E+00 -4.93455E+03  1.89371E+04 -8.21963E+03 -2.08037E+04  2.41671E+04  1.09680E+04  1.05027E+04  7.02952E+03  4.44388E+02  6.28984E+03 -1.64404E+04 -2.72616E+03  6.65118E+03 -1.92056E+04 -9.50124E+03 -1.49781E+04 -1.33938E+04  1.72573E+04  5.02674E+03 -5.51262E+03  9.28387E+03
 SIGMA(2,1)    0.00000E+00  0.00000E+00  0.00000E+00  0.00000E+00  0.00000E+00  0.00000E+00  0.00000E+00  0.00000E+00  0.00000E+00  0.00000E+00  0.00000E+00  0.00000E+00  0.00000E+00  0.00000E+00  0.00000E+00  0.00000E+00  0.00000E+00  0.00000E+00  0.00000E+00  0.00000E+00  0.00000E+00  0.00000E+00  0.00000E+00  0.00000E+00  0.00000E+00  0.00000E+00  0.00000E+00  0.00000E+00  0.00000E+00  0.00000E+00  0.00000E+00  0.00000E+00  0.00000E+00  0.00000E+00  0.00000E+00  0.00000E+00  0.00000E+00  0.00000E+00  0.00000E+00  0.00000E+00  0.00000E+00  0.00000E+00  0.00000E+00  0.00000E+00  0.00000E+00  0.00000E+00  0.00000E+00
 SIGMA(2,2)   -2.72339E+03 -3.30458E+03  2.56164E+03  4.37348E+03  2.12594E+03  8.52329E+02 -1.53144E+03  4.07226E+03  1.84150E+05  0.00000E+00  8.39899E+05  6.34694E+03  6.54724E+03  2.73618E+02 -6.11220E+03 -2.25663E+03  2.39145E+03 -8.91476E+03 -1.89642E+04  2.14298E+03  3.27295E+03 -6.17050E+03 -6.15301E+03  1.57078E+04  6.11923E+03  3.74679E+03  5.46146E+03  9.77536E+03  4.22424E+03 -3.11092E+03  7.82872E+02 -2.24611E+03  7.34176E+02 -5.43706E+03 -7.91529E+03 -6.84951E+03 -9.78678E+03  3.06997E+02 -9.29974E+02 -2.39390E+03  1.31653E+04 -5.91448E+03  6.99649E+03  7.33757E+03 -1.73185E+03 -1.41416E+03  3.68513E+01
 OMEGA(1,1)    8.89502E+01  4.17579E+01 -1.00192E+02  2.19687E+01  2.20370E+01  1.15295E+02  1.17338E+02 -4.97851E+01  5.64890E+03  0.00000E+00  6.34694E+03  1.01804E+03  9.59124E+02  4.10501E+02 -9.01192E+02 -5.63108E+02  8.55150E+00 -2.92203E+02  2.53462E+02  3.03408E+00  2.17060E+02 -7.55014E+02 -6.86500E+02  6.39682E+02 -1.60986E+02  1.46334E+02  1.64882E+02 -4.88092E+01  4.64329E+00 -2.27228E+02  1.00022E+02  7.92186E+00  5.91144E+02  6.90267E+02 -7.27877E+02  1.86914E+02 -6.08657E+02  2.48362E+01  1.81761E+02 -1.20007E+03 -1.03826E+03  9.32813E+02 -1.36930E+02  8.72345E+02 -8.67004E+01 -7.20167E+02  4.09915E+02
 OMEGA(2,1)    1.15539E+02  8.86228E+01  4.29498E+01  4.35330E+02  7.99776E+01  4.57350E+01  3.74274E+02 -3.62187E+02  1.77841E+04  0.00000E+00  6.54724E+03  9.59124E+02  3.64167E+03  2.19625E+03 -8.28800E+02 -1.03106E+03 -1.26402E+01  4.01865E+02  4.74633E+02 -4.78294E+02  5.15600E+02 -1.84002E+03 -1.92982E+03  8.97150E+02 -9.23060E+02  8.03951E+02 -3.81303E+02 -4.14201E+02  1.49921E+02 -1.84118E+02  7.01575E+02  1.84304E+02  2.13173E+03  2.21197E+03 -7.09723E+02  1.09930E+03 -1.81008E+03 -4.85472E+02  6.35639E+02 -3.07343E+03 -4.46606E+03  1.48999E+03 -8.74861E+02  2.61624E+03  6.04367E+02 -2.43939E+03  1.89222E+03
 OMEGA(2,2)    1.14392E+02  2.02463E+02  1.90655E+01  2.66349E+02 -5.85439E+01 -3.50810E+01  3.03484E+02 -3.46030E+02  2.34873E+04  0.00000E+00  2.73618E+02  4.10501E+02  2.19625E+03  1.94029E+03 -2.20351E+02 -3.16274E+02 -2.91911E+02  2.13213E+02 -4.70757E+01 -3.41566E+02  4.78838E+02 -8.47798E+02 -1.16264E+03 -3.71753E+01 -4.45623E+02  5.84273E+02 -1.92785E+02 -4.48062E+02  2.62110E+01 -3.67612E+02  4.91684E+02  2.58840E+02  1.10191E+03  1.32204E+03 -3.12479E+02  8.14311E+02 -9.97382E+02 -5.17034E+02  4.54337E+02 -1.84934E+03 -3.17522E+03  7.66230E+02 -7.01617E+02  1.37978E+03  7.56257E+02 -1.33921E+03  1.35838E+03
 OMEGA(3,1)   -2.20827E+02 -3.45225E+01 -2.74414E+02  5.58226E+01 -1.51279E+02  1.26441E+01  1.84144E+02  1.98620E+02  1.77652E+04  0.00000E+00 -6.11220E+03 -9.01192E+02 -8.28800E+02 -2.20351E+02  3.52327E+03  1.77423E+03  3.12421E+02  3.16187E+02 -4.23992E+02 -1.45914E+02 -3.18392E+02  1.08139E+03  6.06328E+02 -9.24510E+02  1.17604E+02 -4.08313E+02 -5.83368E+02 -2.67272E+02  2.36215E+02  1.26452E+02  5.63322E+02  1.66823E+02 -1.48074E+03 -6.32188E+02  1.03370E+03 -3.02238E+02  6.98228E+02 -5.15458E+02 -1.83463E+02  1.00680E+03  1.05268E+03 -3.63146E+03 -8.65699E+01 -1.02168E+03  5.96019E+02  1.13817E+03  6.10403E+01
 OMEGA(3,2)    1.35711E+01 -1.23852E+02 -1.67068E+02 -9.43807E+01 -1.62725E+02  1.75957E+02 -2.08997E+02  2.51090E+02  1.26123E+04  0.00000E+00 -2.25663E+03 -5.63108E+02 -1.03106E+03 -3.16274E+02  1.77423E+03  3.56246E+03 -8.06710E+01 -4.13416E+02 -3.66316E+02  1.99635E+02 -1.51000E+02  8.51422E+02 -1.60705E+02 -1.88788E+03  7.88585E+02 -3.64288E+02 -6.03413E+01 -6.09478E+02 -6.48415E+02  1.47802E+02  6.76707E+02  8.73902E+01 -8.52559E+02 -9.65942E+02  2.47887E+03 -3.62209E+02  1.30161E+03 -4.84839E+02 -4.29195E+02  1.51499E+03  1.39091E+03 -2.96789E+03  7.46661E+02 -1.83957E+02  3.04692E+02  8.04791E+02 -1.02274E+03
 OMEGA(3,3)   -1.17924E+02 -6.16497E+01  5.79676E+01  1.54863E+02 -7.58552E+00  1.03669E+01 -1.53332E+00 -1.29405E+02 -9.86624E+03  0.00000E+00  2.39145E+03  8.55150E+00 -1.26402E+01 -2.91911E+02  3.12421E+02 -8.06710E+01  2.85549E+03  1.00664E+02  2.45178E+02  6.45018E+02  1.33321E+02  1.11980E+02 -1.22609E+02  8.32280E+02  2.98152E+02 -2.12410E+01  4.32382E+02  1.30396E+02 -8.73373E+01  3.74912E+01 -1.95810E+02 -3.37037E+02  1.55038E+02  3.72554E+02 -6.12989E+01  2.39660E+02 -3.87470E+02 -6.60364E+01  1.01645E+02 -4.66436E+02  1.05190E+02 -2.56422E+03 -6.32133E+02 -3.97753E+02 -5.44411E+02 -4.88671E+02  8.79753E+02
 OMEGA(4,1)    5.59464E+01  4.85215E+02  1.07878E+02  8.67788E+01 -1.03613E+02  8.17804E+01  1.31195E+02 -1.65246E+02  6.96765E+03  0.00000E+00 -8.91476E+03 -2.92203E+02  4.01865E+02  2.13213E+02  3.16187E+02 -4.13416E+02  1.00664E+02  2.68235E+03  1.97514E+03 -7.73386E+02 -3.18900E+02 -2.09693E+02 -8.58713E+02  5.74174E+01 -4.40110E+02  9.97837E+01 -7.99648E+02 -3.07816E+02  9.25787E+01  5.18461E+02 -1.48827E+01 -1.85376E+02  1.12075E+03  1.52610E+03 -3.56638E+02  5.98939E+02 -1.83063E+02  1.31885E+02  5.14393E+02 -9.62842E+02 -1.15553E+03 -1.21228E+02 -1.84256E+03  6.12201E+02  3.31632E+02 -1.29692E+03  1.03177E+03
 OMEGA(4,2)    4.87891E+02  6.53374E+02 -1.01376E+02 -5.39687E+01 -9.28449E+01  1.13716E+02  2.02855E+02 -4.98447E+02 -1.93184E+04  0.00000E+00 -1.89642E+04  2.53462E+02  4.74633E+02 -4.70757E+01 -4.23992E+02 -3.66316E+02  2.45178E+02  1.97514E+03  4.42006E+03 -1.68027E+02 -4.11281E+02 -8.63009E+02 -7.17718E+02  7.36923E+02 -2.95633E+02 -2.43398E+02 -3.07622E+02 -1.10458E+03  8.81305E+01  6.42269E+02 -9.76936E+02 -5.62184E+02  1.55057E+03  2.81113E+03 -2.76569E+02  1.14616E+03 -2.20826E+02  2.37147E+02  7.51957E+02 -1.23463E+03 -2.32230E+03  6.51410E+02 -2.34148E+03  1.06097E+03 -9.98803E+01 -2.54447E+03  1.20533E+03
 OMEGA(4,3)    1.17081E+02 -9.21597E+01  3.80199E+01 -2.57563E+02  7.59276E+01  1.04678E+02 -1.87309E+02  1.49959E+02 -5.12554E+02  0.00000E+00  2.14298E+03  3.03408E+00 -4.78294E+02 -3.41566E+02 -1.45914E+02  1.99635E+02  6.45018E+02 -7.73386E+02 -1.68027E+02  2.93409E+03  1.26431E+02  1.73397E+02  9.16931E+02  9.81633E+02  5.05250E+02 -1.82410E+02  2.27537E+02  2.07343E+02 -2.18725E+02 -2.38282E+02 -1.68120E+02  9.61246E+00 -3.85447E+02 -3.74661E+02  1.33902E+03 -7.99323E+02  2.79545E+02  2.52204E+02 -6.44886E+02  1.84359E+02  8.48997E+02 -1.72624E+03  2.20287E+02 -1.26309E+03 -5.11897E+02  1.21542E+03 -1.93232E+02
 OMEGA(4,4)    6.18373E+01 -1.62793E+01 -1.82035E+02  1.43045E+02 -1.09183E+02 -6.08143E+01  1.17346E+02 -1.08453E+02  1.04662E+04  0.00000E+00  3.27295E+03  2.17060E+02  5.15600E+02  4.78838E+02 -3.18392E+02 -1.51000E+02  1.33321E+02 -3.18900E+02 -4.11281E+02  1.26431E+02  7.55199E+02  2.12814E+01  2.09084E+02  2.99929E+02 -1.58723E+02 -1.22926E+02  3.68445E+02  5.23451E+02  1.00878E+01 -5.88103E+02 -2.51574E+01  4.92190E+01  9.43060E+01  9.09876E+01 -3.30089E+02  6.78706E+02 -1.55449E+02 -1.76189E+02  1.80511E+02 -2.68797E+02 -3.49935E+02  3.51404E+02 -4.55442E+02 -5.98603E+01 -1.76694E+02 -3.70491E+02  9.68588E+01
 OMEGA(5,1)    6.84254E+01  1.44675E+02 -1.82006E+02 -9.70188E+01 -4.23812E+02 -3.66895E+02 -1.81256E+01 -1.02980E+02 -8.65108E+03  0.00000E+00 -6.17050E+03 -7.55014E+02 -1.84002E+03 -8.47798E+02  1.08139E+03  8.51422E+02  1.11980E+02 -2.09693E+02 -8.63009E+02  1.73397E+02  2.12814E+01  2.86463E+03  2.94355E+03 -1.22209E+03 -6.32286E+00 -1.18441E+03  8.71198E+02  9.65569E+02  2.17062E+02 -1.86909E+02 -1.22876E+03 -3.36222E+02 -1.71971E+03 -1.95700E+03  7.53968E+02  7.11294E+01  1.76460E+03  3.48979E+02 -3.83518E+02  2.11783E+03  2.47096E+03 -1.35577E+03  3.92674E+02 -3.61878E+03 -7.33023E+02  1.90629E+03 -9.71320E+02
 OMEGA(5,2)    8.62847E+01  3.94544E+01 -1.96291E+02 -6.21258E+01 -2.00651E+02 -4.23504E+02 -1.08850E+01 -1.79793E+02 -1.55335E+04  0.00000E+00 -6.15301E+03 -6.86500E+02 -1.92982E+03 -1.16264E+03  6.06328E+02 -1.60705E+02 -1.22609E+02 -8.58713E+02 -7.17718E+02  9.16931E+02  2.09084E+02  2.94355E+03  5.90243E+03 -5.49650E+02 -6.06859E+02 -1.65908E+03  1.00495E+03  1.78061E+03  4.42913E+02 -1.12836E+03 -2.44249E+03 -2.86546E+02 -2.03123E+03 -2.56476E+03  1.14319E+03  1.43743E+02  2.10767E+03  5.28042E+02 -7.49701E+02  2.42938E+03  2.80641E+03 -2.30018E+02  7.81992E+02 -5.51979E+03 -1.16483E+03  2.61896E+03 -1.43853E+03
 OMEGA(5,3)   -1.76979E+02 -1.26517E+02  6.11571E+01  9.64559E+01  2.49165E+02  6.18834E+01  9.78146E+01  2.97980E+02 -9.18476E+03  0.00000E+00  1.57078E+04  6.39682E+02  8.97150E+02 -3.71753E+01 -9.24510E+02 -1.88788E+03  8.32280E+02  5.74174E+01  7.36923E+02  9.81633E+02  2.99929E+02 -1.22209E+03 -5.49650E+02  4.12508E+03  4.75290E+01  1.56576E+02  3.63321E+02  6.73429E+02  1.08638E+03  3.05540E+01 -1.26414E+03 -8.16742E+02  7.97512E+02  1.22559E+03 -1.84193E+03  2.00448E+02 -1.06046E+03  3.29717E+02  4.27552E+02 -1.32428E+03 -3.06639E+02  8.75351E+02 -1.09002E+03  2.62217E+02 -1.08810E+03 -9.39491E+02  5.77575E+02
 OMEGA(5,4)   -1.08345E+02 -8.93088E+01  9.18395E+01 -1.90039E+02  1.27383E+02  1.43852E+02 -2.32948E+02  2.75366E+02 -9.75877E+03  0.00000E+00  6.11923E+03 -1.60986E+02 -9.23060E+02 -4.45623E+02  1.17604E+02  7.88585E+02  2.98152E+02 -4.40110E+02 -2.95633E+02  5.05250E+02 -1.58723E+02 -6.32286E+00 -6.06859E+02  4.75290E+01  1.58729E+03  2.00651E+02 -8.99409E+01 -9.97143E+02  6.43957E+01  6.48182E+02  9.17186E+01 -5.45695E+01 -1.91145E+02 -2.80367E+02  2.01092E+02 -8.97531E+02  2.98026E+02 -1.03019E+02 -2.04211E+02  6.61342E+02  1.16085E+03 -1.05717E+03  6.55512E+02 -1.85212E+02  2.91185E+02  7.38016E+02 -5.83125E+02
 OMEGA(5,5)   -2.00517E+02 -1.23090E+02  1.30780E+02  6.14723E+01  2.24094E+02  1.38956E+02 -1.64929E+02  1.64525E+02 -6.84835E+00  0.00000E+00  3.74679E+03  1.46334E+02  8.03951E+02  5.84273E+02 -4.08313E+02 -3.64288E+02 -2.12410E+01  9.97837E+01 -2.43398E+02 -1.82410E+02 -1.22926E+02 -1.18441E+03 -1.65908E+03  1.56576E+02  2.00651E+02  1.18641E+03 -5.71579E+02 -1.00916E+03 -3.23917E+02  2.49050E+02  1.24888E+03  5.75154E+02  7.19173E+02  5.24441E+02 -4.61215E+02 -2.83489E+02 -7.82641E+02 -3.27824E+02  5.70159E+01 -1.00657E+03 -1.51173E+03  5.04574E+02  2.66929E+02  1.66266E+03  9.58707E+02 -5.37790E+02  6.09567E+02
 OMEGA(6,1)    2.27951E+02  5.40329E+01 -2.44616E+01  9.12181E+01 -3.36548E+02 -3.16997E+02  1.28327E+02 -2.39043E+02 -4.93455E+03  0.00000E+00  5.46146E+03  1.64882E+02 -3.81303E+02 -1.92785E+02 -5.83368E+02 -6.03413E+01  4.32382E+02 -7.99648E+02 -3.07622E+02  2.27537E+02  3.68445E+02  8.71198E+02  1.00495E+03  3.63321E+02 -8.99409E+01 -5.71579E+02  1.83130E+03  1.23796E+03 -1.34441E+02 -5.93846E+02 -1.11407E+03 -4.82131E+02 -4.29469E+02 -6.36247E+02 -4.14968E+02  2.58934E+02  3.77130E+02  5.28912E+02  1.49900E+01  6.30338E+02  8.33355E+02  3.35269E+02  1.81657E+02 -9.42941E+02 -1.33837E+03  3.03764E+02 -4.85956E+02
 OMEGA(6,2)    6.26333E+00 -4.50405E+01  1.13062E+02  1.24503E+02 -3.51214E+02 -4.26623E+02  2.21429E+02 -4.76255E+01  1.89371E+04  0.00000E+00  9.77536E+03 -4.88092E+01 -4.14201E+02 -4.48062E+02 -2.67272E+02 -6.09478E+02  1.30396E+02 -3.07816E+02 -1.10458E+03  2.07343E+02  5.23451E+02  9.65569E+02  1.78061E+03  6.73429E+02 -9.97143E+02 -1.00916E+03  1.23796E+03  3.29589E+03  8.04311E+01 -1.24697E+03 -1.14450E+03 -5.77796E+02 -6.34324E+02 -1.45627E+03 -5.10947E+02  4.63923E+02  4.67837E+02  7.83983E+02 -1.19829E+02  7.60111E+02  2.20715E+03  3.97130E+02 -2.72953E+02 -1.41350E+03 -2.08634E+03  8.53087E+02 -8.91807E+02
 OMEGA(6,3)   -2.66929E+01  1.61705E+02  9.43433E+01  6.30222E+01  1.06091E+02  3.22676E+01  1.57509E+02 -1.05523E+02 -8.21963E+03  0.00000E+00  4.22424E+03  4.64329E+00  1.49921E+02  2.62110E+01  2.36215E+02 -6.48415E+02 -8.73373E+01  9.25787E+01  8.81305E+01 -2.18725E+02  1.00878E+01  2.17062E+02  4.42913E+02  1.08638E+03  6.43957E+01 -3.23917E+02 -1.34441E+02  8.04311E+01  1.78812E+03  3.85115E+02 -1.42997E+03 -6.63261E+02 -3.24521E+02 -2.41913E+02 -9.20040E+02  2.80405E+02  1.24232E+02  6.90683E+01  1.55829E+02 -3.12261E+01 -1.43380E+02  4.70203E+02 -3.91947E+02 -8.70030E+02 -4.70009E+02  7.76105E+01  3.09223E+02
 OMEGA(6,4)    6.98474E+01  1.12980E+02  1.34638E+02 -1.15576E+02  1.56252E+02  3.76464E+01 -1.42177E+02  1.42291E+01 -2.08037E+04  0.00000E+00 -3.11092E+03 -2.27228E+02 -1.84118E+02 -3.67612E+02  1.26452E+02  1.47802E+02  3.74912E+01  5.18461E+02  6.42269E+02 -2.38282E+02 -5.88103E+02 -1.86909E+02 -1.12836E+03  3.05540E+01  6.48182E+02  2.49050E+02 -5.93846E+02 -1.24697E+03  3.85115E+02  1.73106E+03  1.41705E+02 -3.12111E+02  1.98215E+02  3.88513E+02  1.93875E+02 -7.29946E+02 -2.41376E+02  2.29230E+02 -6.20312E+00  5.04335E+01 -3.46618E+02 -4.50042E+02  3.76766E+02  4.81274E+02  4.24748E+02  4.59135E+01  3.14609E+02
 OMEGA(6,5)   -3.21076E+02 -4.08229E+02  9.37729E+01  1.53277E+02  2.11455E+02  1.63650E+02 -7.34829E+01  3.10682E+02  2.41671E+04  0.00000E+00  7.82872E+02  1.00022E+02  7.01575E+02  4.91684E+02  5.63322E+02  6.76707E+02 -1.95810E+02 -1.48827E+01 -9.76936E+02 -1.68120E+02 -2.51574E+01 -1.22876E+03 -2.44249E+03 -1.26414E+03  9.17186E+01  1.24888E+03 -1.11407E+03 -1.14450E+03 -1.42997E+03  1.41705E+02  4.15034E+03  1.53625E+03  3.64200E+02  3.51949E+02  3.38857E+02 -4.11114E+02 -1.01107E+03 -7.01791E+02 -7.47702E+01 -5.07290E+02 -8.19922E+02 -9.17174E+02  5.87918E+02  2.91807E+03  1.69129E+03 -3.52137E+02  1.06702E+02
 OMEGA(6,6)   -1.35613E+02 -2.03741E+02  1.33239E+01  3.09612E+01  3.72896E+01  7.88148E+01 -9.17469E+01  1.17440E+02  1.09680E+04  0.00000E+00 -2.24611E+03  7.92186E+00  1.84304E+02  2.58840E+02  1.66823E+02  8.73902E+01 -3.37037E+02 -1.85376E+02 -5.62184E+02  9.61246E+00  4.92190E+01 -3.36222E+02 -2.86546E+02 -8.16742E+02 -5.45695E+01  5.75154E+02 -4.82131E+02 -5.77796E+02 -6.63261E+02 -3.12111E+02  1.53625E+03  1.09636E+03  1.26817E+02 -2.02950E+01  1.02981E+02 -1.47355E+02 -1.23036E+02 -5.14078E+02 -9.42581E+01 -1.18379E+02 -3.33987E+02 -7.83006E+01  4.15888E+02  6.69336E+02  9.53929E+02  4.92120E+01 -9.97185E+01
 OMEGA(7,1)    1.79342E+02  2.07567E+02  1.88148E+02  1.15439E+02  1.45752E+01  1.70236E+02  1.33289E+02 -2.33968E+02  1.05027E+04  0.00000E+00  7.34176E+02  5.91144E+02  2.13173E+03  1.10191E+03 -1.48074E+03 -8.52559E+02  1.55038E+02  1.12075E+03  1.55057E+03 -3.85447E+02  9.43060E+01 -1.71971E+03 -2.03123E+03  7.97512E+02 -1.91145E+02  7.19173E+02 -4.29469E+02 -6.34324E+02 -3.24521E+02  1.98215E+02  3.64200E+02  1.26817E+02  3.02761E+03  2.32640E+03 -6.83436E+02  6.78942E+02 -1.26999E+03 -9.36305E+01  6.46666E+02 -2.61853E+03 -2.85704E+03  1.37331E+03 -1.13419E+03  2.16288E+03  2.81765E+02 -2.50475E+03  1.26108E+03
 OMEGA(7,2)    2.60114E+02  2.17384E+02 -1.97198E+02  1.76234E+02  8.13158E+01  3.23450E+02  2.73323E+02 -2.13592E+02  7.02952E+03  0.00000E+00 -5.43706E+03  6.90267E+02  2.21197E+03  1.32204E+03 -6.32188E+02 -9.65942E+02  3.72554E+02  1.52610E+03  2.81113E+03 -3.74661E+02  9.09876E+01 -1.95700E+03 -2.56476E+03  1.22559E+03 -2.80367E+02  5.24441E+02 -6.36247E+02 -1.45627E+03 -2.41913E+02  3.88513E+02  3.51949E+02 -2.02950E+01  2.32640E+03  4.52644E+03 -5.95879E+02  9.52600E+02 -2.07537E+03 -5.09860E+02  1.18588E+03 -2.58628E+03 -3.82586E+03  8.19126E+02 -2.15218E+03  2.91584E+03  7.50346E+02 -3.44484E+03  1.77949E+03
 OMEGA(7,3)    1.76219E+02 -2.64588E+02 -2.42727E+01 -1.57952E+02  1.17890E+02  1.79226E+02 -2.55754E+02  7.38953E+01  4.44388E+02  0.00000E+00 -7.91529E+03 -7.27877E+02 -7.09723E+02 -3.12479E+02  1.03370E+03  2.47887E+03 -6.12989E+01 -3.56638E+02 -2.76569E+02  1.33902E+03 -3.30089E+02  7.53968E+02  1.14319E+03 -1.84193E+03  2.01092E+02 -4.61215E+02 -4.14968E+02 -5.10947E+02 -9.20040E+02  1.93875E+02  3.38857E+02  1.02981E+02 -6.83436E+02 -5.95879E+02  4.25193E+03 -9.08301E+02  7.98323E+02 -2.36757E+02 -8.54218E+02  1.25139E+03  5.42620E+02 -3.12992E+03  1.10321E+03 -8.52282E+02  3.66040E+02  1.30776E+03 -7.87692E+02
 OMEGA(7,4)    1.45112E+02  2.26418E+02 -1.85176E+02  2.40584E+02 -2.51146E+02 -1.61787E+02  2.33218E+02 -4.70374E+02  6.28984E+03  0.00000E+00 -6.84951E+03  1.86914E+02  1.09930E+03  8.14311E+02 -3.02238E+02 -3.62209E+02  2.39660E+02  5.98939E+02  1.14616E+03 -7.99323E+02  6.78706E+02  7.11294E+01  1.43743E+02  2.00448E+02 -8.97531E+02 -2.83489E+02  2.58934E+02  4.63923E+02  2.80405E+02 -7.29946E+02 -4.11114E+02 -1.47355E+02  6.78942E+02  9.52600E+02 -9.08301E+02  2.63720E+03  1.11655E+01 -1.87314E+02  9.84694E+02 -7.06527E+02 -1.71706E+03  1.33978E+03 -1.81964E+03  2.93770E+02 -1.13445E+02 -2.16258E+03  7.29797E+02
 OMEGA(7,5)    1.05467E+01  1.34683E+02  1.01966E+02 -2.29755E+02 -3.50776E+02 -1.10455E+02 -1.28974E+02 -2.12113E+00 -1.64404E+04  0.00000E+00 -9.78678E+03 -6.08657E+02 -1.81008E+03 -9.97382E+02  6.98228E+02  1.30161E+03 -3.87470E+02 -1.83063E+02 -2.20826E+02  2.79545E+02 -1.55449E+02  1.76460E+03  2.10767E+03 -1.06046E+03  2.98026E+02 -7.82641E+02  3.77130E+02  4.67837E+02  1.24232E+02 -2.41376E+02 -1.01107E+03 -1.23036E+02 -1.26999E+03 -2.07537E+03  7.98323E+02  1.11655E+01  2.79170E+03  5.19643E+02 -5.62798E+02  1.81373E+03  2.48373E+03 -1.06978E+03  4.38218E+02 -2.60971E+03 -4.61928E+02  1.87708E+03 -1.30869E+03
 OMEGA(7,6)    1.49221E+02  3.37500E+02  1.64499E+02 -1.54205E+02 -7.37223E+01 -2.03129E+02  5.23179E+01 -1.79566E+02 -2.72616E+03  0.00000E+00  3.06997E+02  2.48362E+01 -4.85472E+02 -5.17034E+02 -5.15458E+02 -4.84839E+02 -6.60364E+01  1.31885E+02  2.37147E+02  2.52204E+02 -1.76189E+02  3.48979E+02  5.28042E+02  3.29717E+02 -1.03019E+02 -3.27824E+02  5.28912E+02  7.83983E+02  6.90683E+01  2.29230E+02 -7.01791E+02 -5.14078E+02 -9.36305E+01 -5.09860E+02 -2.36757E+02 -1.87314E+02  5.19643E+02  1.62007E+03 -3.44646E+02  1.16357E+02  7.62085E+02  2.80130E+02  7.24383E+01 -6.99190E+02 -9.44870E+02  1.02990E+03 -1.55550E+02
 OMEGA(7,7)    5.61875E+01  7.99696E+01 -1.26803E+02  1.11587E+02 -6.14894E+01  3.13688E+01  1.51163E+02 -6.10642E+01  6.65118E+03  0.00000E+00 -9.29974E+02  1.81761E+02  6.35639E+02  4.54337E+02 -1.83463E+02 -4.29195E+02  1.01645E+02  5.14393E+02  7.51957E+02 -6.44886E+02  1.80511E+02 -3.83518E+02 -7.49701E+02  4.27552E+02 -2.04211E+02  5.70159E+01  1.49900E+01 -1.19829E+02  1.55829E+02 -6.20312E+00 -7.47702E+01 -9.42581E+01  6.46666E+02  1.18588E+03 -8.54218E+02  9.84694E+02 -5.62798E+02 -3.44646E+02  9.43474E+02 -6.11111E+02 -1.05408E+03  1.04879E+03 -9.95155E+02  7.33522E+02  1.46560E+02 -1.69353E+03  5.47026E+02
 OMEGA(8,1)   -1.05605E+02 -2.99519E+02  1.38486E+02 -1.21670E+02 -4.70766E+01 -2.40262E+02 -3.42969E+02  2.71459E+02 -1.92056E+04  0.00000E+00 -2.39390E+03 -1.20007E+03 -3.07343E+03 -1.84934E+03  1.00680E+03  1.51499E+03 -4.66436E+02 -9.62842E+02 -1.23463E+03  1.84359E+02 -2.68797E+02  2.11783E+03  2.42938E+03 -1.32428E+03  6.61342E+02 -1.00657E+03  6.30338E+02  7.60111E+02 -3.12261E+01  5.04335E+01 -5.07290E+02 -1.18379E+02 -2.61853E+03 -2.58628E+03  1.25139E+03 -7.06527E+02  1.81373E+03  1.16357E+02 -6.11111E+02  4.33121E+03  4.47590E+03 -8.27990E+02  1.40377E+03 -2.44990E+03 -6.87289E+02  2.23930E+03 -2.73346E+03
 OMEGA(8,2)   -4.06760E+02 -5.09326E+02  1.34701E+02 -4.10936E+02 -8.58676E+01 -6.94680E+01 -4.54004E+02  9.42781E+02 -9.50124E+03  0.00000E+00  1.31653E+04 -1.03826E+03 -4.46606E+03 -3.17522E+03  1.05268E+03  1.39091E+03  1.05190E+02 -1.15553E+03 -2.32230E+03  8.48997E+02 -3.49935E+02  2.47096E+03  2.80641E+03 -3.06639E+02  1.16085E+03 -1.51173E+03  8.33355E+02  2.20715E+03 -1.43380E+02 -3.46618E+02 -8.19922E+02 -3.33987E+02 -2.85704E+03 -3.82586E+03  5.42620E+02 -1.71706E+03  2.48373E+03  7.62085E+02 -1.05408E+03  4.47590E+03  8.55225E+03 -1.91125E+03  1.70497E+03 -3.71066E+03 -1.76199E+03  4.00552E+03 -3.74035E+03
 OMEGA(8,3)    1.55649E+02  2.59606E+02 -1.67037E+02  1.20396E+02  3.25199E+02 -1.28392E+02  5.29383E+01 -1.38888E+02 -1.49781E+04  0.00000E+00 -5.91448E+03  9.32813E+02  1.48999E+03  7.66230E+02 -3.63146E+03 -2.96789E+03 -2.56422E+03 -1.21228E+02  6.51410E+02 -1.72624E+03  3.51404E+02 -1.35577E+03 -2.30018E+02  8.75351E+02 -1.05717E+03  5.04574E+02  3.35269E+02  3.97130E+02  4.70203E+02 -4.50042E+02 -9.17174E+02 -7.83006E+01  1.37331E+03  8.19126E+02 -3.12992E+03  1.33978E+03 -1.06978E+03  2.80130E+02  1.04879E+03 -8.27990E+02 -1.91125E+03  9.60762E+03  1.11643E+00  1.06710E+03 -1.73604E+02 -1.97205E+03 -5.34774E+02
 OMEGA(8,4)   -1.80743E+02 -5.08449E+02  1.90060E+02 -2.05491E+02  2.85184E+02  1.14062E+01 -4.42290E+02  3.89058E+02 -1.33938E+04  0.00000E+00  6.99649E+03 -1.36930E+02 -8.74861E+02 -7.01617E+02 -8.65699E+01  7.46661E+02 -6.32133E+02 -1.84256E+03 -2.34148E+03  2.20287E+02 -4.55442E+02  3.92674E+02  7.81992E+02 -1.09002E+03  6.55512E+02  2.66929E+02  1.81657E+02 -2.72953E+02 -3.91947E+02  3.76766E+02  5.87918E+02  4.15888E+02 -1.13419E+03 -2.15218E+03  1.10321E+03 -1.81964E+03  4.38218E+02  7.24383E+01 -9.95155E+02  1.40377E+03  1.70497E+03  1.11643E+00  3.49336E+03 -6.60312E+02  3.30602E+02  2.42252E+03 -1.51349E+03
 OMEGA(8,5)   -5.61769E+01 -2.20405E+02  3.39988E+02  2.55808E+02  2.74018E+02  3.27494E+02  8.91111E+01 -4.59273E+01  1.72573E+04  0.00000E+00  7.33757E+03  8.72345E+02  2.61624E+03  1.37978E+03 -1.02168E+03 -1.83957E+02 -3.97753E+02  6.12201E+02  1.06097E+03 -1.26309E+03 -5.98603E+01 -3.61878E+03 -5.51979E+03  2.62217E+02 -1.85212E+02  1.66266E+03 -9.42941E+02 -1.41350E+03 -8.70030E+02  4.81274E+02  2.91807E+03  6.69336E+02  2.16288E+03  2.91584E+03 -8.52282E+02  2.93770E+02 -2.60971E+03 -6.99190E+02  7.33522E+02 -2.44990E+03 -3.71066E+03  1.06710E+03 -6.60312E+02  6.93923E+03  1.27472E+03 -3.37499E+03  1.35006E+03
 OMEGA(8,6)   -1.93333E+02 -7.30291E+01 -1.03170E+02  1.38019E+01  2.38875E+02  2.52692E+02 -1.15001E+02  1.69674E+01  5.02674E+03  0.00000E+00 -1.73185E+03 -8.67004E+01  6.04367E+02  7.56257E+02  5.96019E+02  3.04692E+02 -5.44411E+02  3.31632E+02 -9.98803E+01 -5.11897E+02 -1.76694E+02 -7.33023E+02 -1.16483E+03 -1.08810E+03  2.91185E+02  9.58707E+02 -1.33837E+03 -2.08634E+03 -4.70009E+02  4.24748E+02  1.69129E+03  9.53929E+02  2.81765E+02  7.50346E+02  3.66040E+02 -1.13445E+02 -4.61928E+02 -9.44870E+02  1.46560E+02 -6.87289E+02 -1.76199E+03 -1.73604E+02  3.30602E+02  1.27472E+03  2.47958E+03 -6.13219E+02  8.26679E+02
 OMEGA(8,7)   -2.61382E+02 -1.47753E+02  4.74277E+01 -4.30762E+02  3.66822E+01 -1.84200E+02 -1.78760E+02  3.24612E+02 -5.51262E+03  0.00000E+00 -1.41416E+03 -7.20167E+02 -2.43939E+03 -1.33921E+03  1.13817E+03  8.04791E+02 -4.88671E+02 -1.29692E+03 -2.54447E+03  1.21542E+03 -3.70491E+02  1.90629E+03  2.61896E+03 -9.39491E+02  7.38016E+02 -5.37790E+02  3.03764E+02  8.53087E+02  7.76105E+01  4.59135E+01 -3.52137E+02  4.92120E+01 -2.50475E+03 -3.44484E+03  1.30776E+03 -2.16258E+03  1.87708E+03  1.02990E+03 -1.69353E+03  2.23930E+03  4.00552E+03 -1.97205E+03  2.42252E+03 -3.37499E+03 -6.13219E+02  5.37977E+03 -2.11999E+03
 OMEGA(8,8)    1.70500E+02  4.21555E+02 -4.08123E+01  1.59967E+02 -8.64366E+01  1.30790E+01  2.55179E+02 -4.45271E+02  9.28387E+03  0.00000E+00  3.68513E+01  4.09915E+02  1.89222E+03  1.35838E+03  6.10403E+01 -1.02274E+03  8.79753E+02  1.03177E+03  1.20533E+03 -1.93232E+02  9.68588E+01 -9.71320E+02 -1.43853E+03  5.77575E+02 -5.83125E+02  6.09567E+02 -4.85956E+02 -8.91807E+02  3.09223E+02  3.14609E+02  1.06702E+02 -9.97185E+01  1.26108E+03  1.77949E+03 -7.87692E+02  7.29797E+02 -1.30869E+03 -1.55550E+02  5.47026E+02 -2.73346E+03 -3.74035E+03 -5.34774E+02 -1.51349E+03  1.35006E+03  8.26679E+02 -2.11999E+03  3.07324E+03
TABLE NO.     3: NUTS Bayesian Analysis: Problem=1 Subproblem=0 Superproblem1=0 Iteration1=0 Superproblem2=0 Iteration2=0
 NAME         THETA1       THETA2       THETA3       THETA4       THETA5       THETA6       THETA7       THETA8       SIGMA(1,1)   SIGMA(2,1)   SIGMA(2,2)   OMEGA(1,1)   OMEGA(2,1)   OMEGA(2,2)   OMEGA(3,1)   OMEGA(3,2)   OMEGA(3,3)   OMEGA(4,1)   OMEGA(4,2)   OMEGA(4,3)   OMEGA(4,4)   OMEGA(5,1)   OMEGA(5,2)   OMEGA(5,3)   OMEGA(5,4)   OMEGA(5,5)   OMEGA(6,1)   OMEGA(6,2)   OMEGA(6,3)   OMEGA(6,4)   OMEGA(6,5)   OMEGA(6,6)   OMEGA(7,1)   OMEGA(7,2)   OMEGA(7,3)   OMEGA(7,4)   OMEGA(7,5)   OMEGA(7,6)   OMEGA(7,7)   OMEGA(8,1)   OMEGA(8,2)   OMEGA(8,3)   OMEGA(8,4)   OMEGA(8,5)   OMEGA(8,6)   OMEGA(8,7)   OMEGA(8,8)
 THETA1        2.30985E+02  5.75554E+01  3.26165E+00 -2.93248E+01 -2.24463E+01  1.00365E+01  4.87769E+00 -9.03578E+01 -1.06910E+03  0.00000E+00 -6.72406E+02  2.65064E+01  4.00574E+01 -2.98626E-01 -1.87963E+01 -5.95352E+00 -7.82537E+00 -2.83967E+01 -2.87782E+01  2.36016E+01  1.60845E+01 -7.23570E+01 -6.82548E+00 -1.12448E+01  1.72796E+01 -5.31874E+00  1.26840E+00  3.65474E+01 -6.35283E+00 -8.10605E+00 -7.20770E+00 -1.43396E+01  1.52033E+01 -5.76369E+01 -2.14961E+01  9.61905E+00 -1.68496E+01 -1.05262E+01 -1.19625E+01 -8.49113E+00  2.11640E+01  6.55579E+01  1.86034E+01  1.82310E+01 -3.46413E+00  1.28733E+00 -3.31219E+01
 THETA2        5.75554E+01  2.51186E+02  2.56001E+01 -2.72330E+01 -1.72767E+01 -1.17073E+01  6.67346E+01 -1.15760E+02  3.02699E+03  0.00000E+00  4.92956E+02  1.39318E+01  5.73747E+00  3.29513E+01 -4.46927E+01 -8.33386E+00 -2.69907E+01 -1.89098E+01  4.22805E+01 -2.09932E+01  1.99073E+01 -2.04218E+01  1.36124E+01  6.49248E+00 -2.06454E+01 -1.25804E+01  2.38895E+01  2.25171E+01  1.65680E+01  1.26875E+01  1.49265E+01 -1.59743E+01 -3.01710E+01 -9.44481E+01  2.22523E+01  6.84975E+01  3.70546E+01  1.98360E+00 -2.44941E+01  5.18085E+01  2.59055E+01  6.42487E+01 -5.09693E+01  8.29623E+00 -2.92578E+01  2.68760E+01  7.89805E+00
 THETA3        3.26165E+00  2.56001E+01  3.49924E+02 -1.87955E+01  2.00973E+01 -3.52420E+01 -4.12653E+01 -7.07935E+01  4.69156E+02  0.00000E+00  7.30514E+02  1.79068E+01 -3.15595E+01  2.20781E+01 -6.36335E+00  5.54004E+01  1.61282E+01  1.13803E+01  2.70061E+01  1.22885E+01 -5.00743E+01 -2.21421E+01  2.04550E+01 -2.13233E+01 -7.47694E+00  8.84336E+00 -4.04221E+00 -1.37563E+01  2.55779E+00 -1.91879E+01 -3.23308E+01 -2.54555E+00 -3.04948E+01  1.45911E+01  7.37040E+01 -2.05921E+01  2.01441E+01 -5.52761E+01 -8.09546E+00  2.07482E+01 -1.85174E+01 -4.82116E+01  1.70203E+01  1.66892E-01  1.09715E+01 -7.85063E+00 -2.51864E+01
 THETA4       -2.93248E+01 -2.72330E+01 -1.87955E+01  2.36366E+02  2.22951E+01 -2.63022E+01  4.97279E+01 -4.90086E+01 -1.47512E+03  0.00000E+00  7.98382E+02 -1.77542E+01  6.52719E+00 -6.38101E+00  3.11548E+01  2.27388E+01  3.41916E+01  3.68725E+01  3.95635E+01 -3.67472E+01 -2.90990E+01  2.88470E+01 -3.44446E+01  2.67227E+01 -3.41975E+00 -9.43977E-01  6.92374E+00 -4.11429E+01  1.50881E+01 -1.44304E+01 -1.08205E+01 -6.40529E+00  1.18877E+01  2.83093E+01  1.11657E+00 -8.53167E+00 -5.96308E+01 -1.86747E+01  1.80789E+01 -1.74376E+01 -5.69923E+01  7.92779E+00 -1.31613E+01  1.25076E+01  1.56563E+01 -3.10432E+01  2.61137E+01
 THETA5       -2.24463E+01 -1.72767E+01  2.00973E+01  2.22951E+01  2.67851E+02  5.38476E+01 -6.29326E+01 -6.07209E+00  1.60874E+03  0.00000E+00  6.22146E+02 -2.93481E+01 -6.03700E+01 -1.32801E+01  2.86712E+01  2.00151E+01  6.91891E+00 -9.55664E+00  1.59565E+01 -6.53593E+00 -5.16766E-01  8.88089E+00  2.17066E+01 -3.41656E+01 -3.19180E+00  1.09443E+01  1.75062E+01  1.11864E+00  1.29367E+01 -3.47001E+01 -2.55499E+01 -1.28979E+01 -2.39236E+01  1.08355E+01  2.75921E+01  2.41503E+01  9.53162E+00 -6.72649E+00 -4.61193E+00  4.63891E+01  2.23878E+01 -1.04694E+01 -2.42553E+01  3.30884E+01 -2.25536E+01  4.41502E+00 -1.70891E+01
 THETA6        1.00365E+01 -1.17073E+01 -3.52420E+01 -2.63022E+01  5.38476E+01  2.07028E+02 -3.34561E+01  6.27165E+01  4.40271E+02  0.00000E+00 -2.64339E+02  1.38142E+01  6.62467E+00 -7.75334E+00  1.81242E+01 -1.44136E+01 -1.76616E+01 -1.33090E+00 -5.24858E+01  1.46727E+01  1.61407E+01 -8.98481E+00 -2.80678E+01  5.46630E+00  1.01843E+01  9.16722E+00  2.81002E+00 -2.08857E+01  8.92800E+00 -1.12896E+01 -3.02068E+01 -3.33480E+01 -1.29331E+01 -3.74504E+01 -5.64874E+01 -3.63926E+00  2.74103E+01  3.10205E+01 -8.98527E+00 -1.38420E+01  1.82206E+01 -1.87506E+00 -1.27668E+01 -2.98519E+01 -2.44092E+01  3.38921E+01  5.16975E+00
 THETA7        4.87769E+00  6.67346E+01 -4.12653E+01  4.97279E+01 -6.29326E+01 -3.34561E+01  2.81049E+02 -1.04011E+02  1.01506E+03  0.00000E+00  1.93962E+02 -1.51576E+00  3.52301E+01  2.19516E+01  3.99427E+00 -1.70315E+01  3.71291E+01 -2.74631E+01 -4.24994E+00 -1.19027E+01  1.48694E+01  8.18759E+00 -6.93536E-01 -1.00258E+01 -3.22438E+01 -9.00337E+00  3.24507E+01  4.53452E+00 -5.11780E+00 -3.10078E+00  2.59462E+01  6.26276E+00  3.08744E+00 -1.37656E+01 -5.83618E+01  5.04035E+01  2.18265E+00  6.23799E+00  7.99938E+00 -1.94532E+01 -2.94688E+01  3.46413E+01  2.09559E+01 -7.23062E+01  7.35009E+00  2.65205E+01 -2.84100E+00
 THETA8       -9.03578E+01 -1.15760E+02 -7.07935E+01 -4.90086E+01 -6.07209E+00  6.27165E+01 -1.04011E+02  3.60858E+02 -1.14253E+03  0.00000E+00 -2.78217E+02 -2.20248E+01 -3.66494E+01 -2.34366E+01  3.37883E+00  2.00200E+01 -2.34203E+01  2.31311E+01 -1.37060E+01  4.29258E+01  1.94395E+00 -1.72425E+00 -3.82351E+01  8.54877E+00  5.42526E-01 -9.48087E-01 -4.82358E+01 -5.88438E+00 -2.03871E+01  2.02751E+01  1.52581E+01  2.49522E+01  1.72303E+01  6.64134E+01  5.03898E+01 -3.91056E+01 -8.82072E+00  1.28607E+01  2.15264E+01 -7.67174E-01  2.56096E+01 -7.37910E+01 -3.02274E+01 -1.57129E+01  1.27970E+00 -1.95717E+01  3.79902E+01
 SIGMA(1,1)   -1.06910E+03  3.02699E+03  4.69156E+02 -1.47512E+03  1.60874E+03  4.40271E+02  1.01506E+03 -1.14253E+03  2.72079E+06  0.00000E+00 -1.54551E+04 -2.42497E+03 -2.28483E+03 -1.56408E+03 -9.22380E+02 -2.54038E+03 -6.54408E+02 -1.25310E+03  6.60581E+02  1.43470E+03  3.02079E+03  2.44547E+03 -1.35254E+03  4.60343E+02 -3.14733E+03 -6.71708E+02  2.90846E+03  4.60443E+01  1.62753E+03 -1.39768E+03 -8.20267E+02 -2.25891E+03 -3.40448E+02 -3.01033E+03  3.87728E+02  3.88586E+03 -2.87866E+03 -4.74527E+01  4.95336E+02  4.27099E+03  4.75680E+03 -1.19837E+03 -4.92724E+03 -3.30504E+03 -1.24747E+03 -1.74570E+02 -1.35151E+03
 SIGMA(2,1)    0.00000E+00  0.00000E+00  0.00000E+00  0.00000E+00  0.00000E+00  0.00000E+00  0.00000E+00  0.00000E+00  0.00000E+00  0.00000E+00  0.00000E+00  0.00000E+00  0.00000E+00  0.00000E+00  0.00000E+00  0.00000E+00  0.00000E+00  0.00000E+00  0.00000E+00  0.00000E+00  0.00000E+00  0.00000E+00  0.00000E+00  0.00000E+00  0.00000E+00  0.00000E+00  0.00000E+00  0.00000E+00  0.00000E+00  0.00000E+00  0.00000E+00  0.00000E+00  0.00000E+00  0.00000E+00  0.00000E+00  0.00000E+00  0.00000E+00  0.00000E+00  0.00000E+00  0.00000E+00  0.00000E+00  0.00000E+00  0.00000E+00  0.00000E+00  0.00000E+00  0.00000E+00  0.00000E+00
 SIGMA(2,2)   -6.72406E+02  4.92956E+02  7.30514E+02  7.98382E+02  6.22146E+02 -2.64339E+02  1.93962E+02 -2.78217E+02 -1.54551E+04  0.00000E+00  8.08704E+05 -6.22645E+01 -2.25043E+02  5.88500E+01 -1.57882E+03 -9.75841E+02 -2.02484E+02  6.88581E+02  2.59797E+03 -4.54715E+02 -1.63028E+03 -1.13011E+03 -8.76064E+02  8.71289E+02 -1.58484E+03 -1.81517E+02  3.40948E+02 -2.79964E+02  4.99599E+02 -3.46820E+02  3.50819E+03  9.97462E+01 -7.73105E+02  1.87180E+03  9.26973E+02  1.73213E+03 -2.78766E+02 -2.02881E+03  1.61936E+03  1.24459E+03 -1.52502E+03  1.06029E+03 -1.37714E+03  1.25002E+03 -8.15338E+02 -2.89449E+03  6.07179E+01
 OMEGA(1,1)    2.65064E+01  1.39318E+01  1.79068E+01 -1.77542E+01 -2.93481E+01  1.38142E+01 -1.51576E+00 -2.20248E+01 -2.42497E+03  0.00000E+00 -6.22645E+01  5.26225E+02  3.62297E+02  8.71904E+01 -1.02711E+02 -7.29799E+01 -1.85526E+01 -1.54053E+02 -4.45786E+01  6.69045E+00  2.17696E+01 -1.44155E+02 -1.00296E+02  3.33067E+01  6.92778E+01  2.90001E+01 -2.95586E+01 -7.78999E+01  1.32804E+02  3.64737E+01  1.74675E+01 -5.61366E+01  5.58514E+01  3.98436E+01 -6.65266E+01 -9.65290E+00  2.47088E+01  1.51495E+01 -1.46842E+01 -4.69620E+02 -1.53169E+02  1.29649E+02  6.42760E+01  1.16444E+02 -1.26788E+01  8.17572E+00  3.05810E+01
 OMEGA(2,1)    4.00574E+01  5.73747E+00 -3.15595E+01  6.52719E+00 -6.03700E+01  6.62467E+00  3.52301E+01 -3.66494E+01 -2.28483E+03  0.00000E+00 -2.25043E+02  3.62297E+02  1.22634E+03  3.93006E+02  2.28701E+01 -1.28020E+02 -1.65056E+01 -9.28306E+01 -7.37064E+01 -3.23968E+01  9.10501E-01 -2.22433E+02 -2.29084E+02 -1.45415E+01  3.59218E+01  2.99732E+00 -1.22979E+02 -1.32174E+02  4.04032E+01  5.04051E+01  1.32970E+02 -1.89794E+01  3.82345E+02  2.21329E+02 -1.29124E+02 -3.76700E+01 -6.60703E+01  2.72696E+01  6.00042E+01 -6.93442E+02 -7.79609E+02  8.37619E+01  4.77988E+01  2.75874E+02  1.71732E+02 -2.08924E+02  2.86507E+02
 OMEGA(2,2)   -2.98626E-01  3.29513E+01  2.20781E+01 -6.38101E+00 -1.32801E+01 -7.75334E+00  2.19516E+01 -2.34366E+01 -1.56408E+03  0.00000E+00  5.88500E+01  8.71904E+01  3.93006E+02  6.47052E+02  5.20988E+01  4.53626E+01 -5.23696E+01  2.64964E+00 -9.58529E+01 -3.91413E+01 -3.51390E+01 -5.82584E+01 -2.23708E+02  1.56930E+01  4.56186E+01  2.67685E+01 -6.69198E+01 -1.18926E+02 -2.29787E+01  4.88859E+01  1.08618E+02  2.43061E+01  1.31748E+02  4.51429E+02  2.43241E+01 -1.98347E+01 -1.02443E+02 -3.26780E+01  8.48360E+01 -2.15986E+02 -6.69649E+02 -2.31641E+01  7.03242E+01  1.55606E+02  1.61383E+02 -2.15874E+02  1.87580E+02
