TABLE NO.     1: NUTS Bayesian Analysis: Problem=1 Subproblem=0 Superproblem1=0 Iteration1=0 Superproblem2=0 Iteration2=0
 NAME         THETA1       THETA2       THETA3       THETA4       THETA5       THETA6       THETA7       THETA8       SIGMA(1,1)   SIGMA(2,1)   SIGMA(2,2)   OMEGA(1,1)   OMEGA(2,1)   OMEGA(2,2)   OMEGA(3,1)   OMEGA(3,2)   OMEGA(3,3)   OMEGA(4,1)   OMEGA(4,2)   OMEGA(4,3)   OMEGA(4,4)   OMEGA(5,1)   OMEGA(5,2)   OMEGA(5,3)   OMEGA(5,4)   OMEGA(5,5)   OMEGA(6,1)   OMEGA(6,2)   OMEGA(6,3)   OMEGA(6,4)   OMEGA(6,5)   OMEGA(6,6)   OMEGA(7,1)   OMEGA(7,2)   OMEGA(7,3)   OMEGA(7,4)   OMEGA(7,5)   OMEGA(7,6)   OMEGA(7,7)   OMEGA(8,1)   OMEGA(8,2)   OMEGA(8,3)   OMEGA(8,4)   OMEGA(8,5)   OMEGA(8,6)   OMEGA(8,7)   OMEGA(8,8)
 THETA1        2.12132E+02  5.68116E+01 -1.41471E+01 -1.03796E+01 -2.85956E+01 -1.08712E+01  2.05642E+01 -8.27975E+01 -5.49585E+02  0.00000E+00 -1.38684E+02  1.76087E+01  3.97010E+01  2.27227E+01  3.32844E-01 -1.75691E+01 -2.25260E+01 -1.02399E+01  3.30402E+01  6.30306E+01 -2.11268E+01  2.55894E+01 -2.85383E+01 -2.99354E+01  2.85302E+01  4.54074E+00  1.47485E+01 -2.59291E+01 -2.41152E+01 -3.04881E+00 -2.34838E+01  5.89902E+00 -2.71163E+00 -3.32716E+01  1.44298E+01 -1.79536E+01  8.22960E+00  1.48450E+01  6.40115E+00 -2.08013E+00 -1.72379E+01  1.02576E+01  4.32899E+00 -4.22538E+01 -1.02173E+01  8.37717E+00  8.56286E+00
 THETA2        5.68116E+01  2.79585E+02  1.00000E+01 -2.45975E+00 -2.68488E+01 -2.53130E+01  9.27332E+01 -1.15367E+02  1.48531E+02  0.00000E+00  3.96089E+02 -1.90618E+01 -3.44447E+00  7.43085E+01 -1.10595E+01 -2.87602E+01 -2.06900E+01 -3.63061E+00  7.85293E+01 -4.58093E+01  2.68196E+00  2.32656E+01  2.98455E+01 -2.08154E+01 -1.33739E+01  7.38265E+00  2.68136E-01 -4.08146E+01 -3.79561E+00 -2.20226E+01 -2.39604E+01  1.94098E+01 -2.95972E+01 -1.20616E+02 -3.13119E+01  3.96219E+01  3.56758E+01  2.89420E+01 -4.67930E+01  1.53544E+01  6.33519E+00  2.43528E+01 -6.03374E+01 -3.71327E+01  3.61445E+01  1.09509E+02 -6.29672E+00
 THETA3       -1.41471E+01  1.00000E+01  3.91932E+02 -1.15342E+00 -1.80741E-01 -3.22595E+01 -2.65467E+01 -6.58555E+01  7.83403E+02  0.00000E+00  3.91181E+02  6.73930E+00  2.62361E+01  1.16770E+01 -6.85431E+01  1.03298E+01  5.76269E+01  3.15455E+00  4.21420E-01 -1.12874E+02 -4.52444E+01  3.22077E+01 -1.30857E+01  1.11562E+01 -3.96150E-01 -2.29175E+01  2.77644E+01 -1.23114E+01  3.78664E+01  6.75447E+01 -3.86766E+01 -2.63744E+01 -2.52895E+01  1.70940E+01  3.76220E+01 -2.21702E+01 -1.65944E+01  3.53168E+01 -2.37817E+01  6.79732E-01  7.12895E+00  1.76805E+01 -8.79471E-01 -4.26608E+01 -6.57536E+01  1.76553E+01 -2.81033E+01
 THETA4       -1.03796E+01 -2.45975E+00 -1.15342E+00  2.03539E+02  9.35450E+00 -2.14568E+01  5.62405E+01 -4.34438E+01  5.03560E+02  0.00000E+00  3.76172E+02  1.23806E+01  7.72229E+00 -8.79164E+00  1.57929E+01  4.00677E+00  9.36896E+00  9.88232E+00  1.16512E+01 -2.20315E+01 -1.59186E+01  1.97767E+00  3.80573E+01 -1.34669E+01 -2.24484E+01  8.90940E+00 -1.30771E+01 -2.25262E-01 -2.48624E+01 -2.12423E+00  1.51059E+01  6.19105E+00 -2.96641E+00 -3.83668E+00  5.68587E+01  2.18879E+01  3.18290E+00 -3.86343E+01 -2.73873E+00 -2.49545E+01  1.42022E+01 -1.51295E+01 -4.45583E+00  8.28387E+00  1.19050E+01  1.79296E+01 -2.12433E+01
 THETA5       -2.85956E+01 -2.68488E+01 -1.80741E-01  9.35450E+00  2.51660E+02  3.68287E+01 -3.42914E+01  3.56329E+01  1.28389E+03  0.00000E+00  7.82690E+02 -6.27578E+00 -1.18335E+01 -2.44596E+01  1.58438E+01  3.06258E+01  5.58884E+00  4.69293E+00  4.17262E+00 -1.60640E+01 -2.47257E+00 -3.94942E+00 -2.12482E+00 -5.89889E+01 -2.36441E+01  4.77244E+00 -2.23043E+01  2.50927E+01  1.70878E+00  1.74911E+00 -7.98553E+00  7.70512E-01 -1.19420E+01  6.20178E+00 -4.61315E+01 -1.94348E+00 -2.42838E+01  1.08196E+01 -8.50173E-01  6.60689E+00  3.44445E+01 -1.66729E+01  2.72565E+00  1.34831E+01 -2.44208E-02  1.12464E+01 -1.55230E+01
 THETA6       -1.08712E+01 -2.53130E+01 -3.22595E+01 -2.14568E+01  3.68287E+01  2.20231E+02 -3.89162E+01  6.48347E+01 -6.93821E+02  0.00000E+00 -1.57181E+02  4.43970E+00  1.55341E+01 -1.56567E+01  4.69411E+01 -1.71250E+01 -2.19435E+01  1.63175E+01 -1.66930E+01 -1.67208E+00 -9.51126E+00 -1.58782E+01  2.49567E+01 -2.84250E+00 -1.05610E+01 -5.83262E-01 -1.80499E+01  3.25618E+01  7.32958E+00 -1.96439E+01  3.76562E+01  3.64923E+00  2.30210E+01  2.09180E+01 -3.08325E+01 -3.79190E+01 -3.18103E+01  2.70208E+01  4.78375E+00 -2.30100E+00  3.10247E+01  2.34221E-01  5.95650E+00  8.86189E-01 -2.68936E+01 -3.00809E+00 -1.73525E+01
 THETA7        2.05642E+01  9.27332E+01 -2.65467E+01  5.62405E+01 -3.42914E+01 -3.89162E+01  2.94673E+02 -1.10655E+02 -1.28815E+03  0.00000E+00  2.04597E+02 -1.35745E+01  6.23699E+00  1.75241E+01 -1.61018E+01 -1.81693E+01 -6.63417E+00 -1.21111E+01  2.25320E+01 -3.15651E+01  5.39916E+00 -2.00627E+00  7.98130E+00  1.30037E+01 -4.17708E+01  1.82779E+01 -3.98870E+00 -1.62305E+01  3.91012E+00  1.76163E+01  3.61841E+01  1.08075E+01 -1.25091E+01 -4.94522E+01 -3.29625E+01  4.92445E+01  2.39784E+01  2.09388E+01 -1.50062E+01  4.11754E+00  3.12491E+01  4.35155E+01  9.41841E+00  1.73314E+00 -3.37223E+00  7.64889E+01 -3.69757E+01
 THETA8       -8.27975E+01 -1.15367E+02 -6.58555E+01 -4.34438E+01  3.56329E+01  6.48347E+01 -1.10655E+02  3.64609E+02  3.84831E+02  0.00000E+00  2.79867E+02 -7.55324E+00 -5.65420E+00 -3.62325E+01 -2.83695E+00 -1.08074E+01  1.64060E+01  1.43575E+01 -6.46890E+00  3.88686E+01  1.18483E+01 -1.36985E+01  1.64385E+00  6.35323E+00 -1.82056E+01 -1.24066E+01 -1.18560E+01  7.01187E+01  1.08589E+01 -1.09219E+01  3.10818E+01  8.84836E+00  2.74998E+01  8.55432E+01 -1.90204E+01 -1.97780E+01 -2.23418E+01 -1.37773E+01  1.89432E+01 -1.50485E+01  1.97781E+01 -2.67834E+01 -1.21498E-01  3.53532E+01 -8.42964E+00 -7.54455E+01  4.15627E+00
 SIGMA(1,1)   -5.49585E+02  1.48531E+02  7.83403E+02  5.03560E+02  1.28389E+03 -6.93821E+02 -1.28815E+03  3.84831E+02  2.41630E+06  0.00000E+00  8.10651E+04  1.28962E+03  2.58148E+03  1.45535E+03  1.01995E+03 -8.64285E+02  3.21389E+03 -9.24125E+02 -1.70504E+03  4.83223E+02 -7.75448E+01  6.56545E+02  1.05799E+03 -2.38269E+03  1.79637E+03 -1.69997E+03  1.07040E+03 -2.34059E+02 -5.90383E+02  5.06370E+02 -3.12102E+02 -6.91302E+02  3.17354E+02  1.50570E+03 -1.53699E+03 -1.77405E+03  1.27803E+03  4.26846E+02 -3.16072E+03 -1.01140E+03 -9.56781E+02 -3.23503E+03 -5.06583E+02 -3.96805E+03 -4.44300E+03  2.03794E+03  3.79319E+02
 SIGMA(2,1)    0.00000E+00  0.00000E+00  0.00000E+00  0.00000E+00  0.00000E+00  0.00000E+00  0.00000E+00  0.00000E+00  0.00000E+00  0.00000E+00  0.00000E+00  0.00000E+00  0.00000E+00  0.00000E+00  0.00000E+00  0.00000E+00  0.00000E+00  0.00000E+00  0.00000E+00  0.00000E+00  0.00000E+00  0.00000E+00  0.00000E+00  0.00000E+00  0.00000E+00  0.00000E+00  0.00000E+00  0.00000E+00  0.00000E+00  0.00000E+00  0.00000E+00  0.00000E+00  0.00000E+00  0.00000E+00  0.00000E+00  0.00000E+00  0.00000E+00  0.00000E+00  0.00000E+00  0.00000E+00  0.00000E+00  0.00000E+00  0.00000E+00  0.00000E+00  0.00000E+00  0.00000E+00  0.00000E+00
 SIGMA(2,2)   -1.38684E+02  3.96089E+02  3.91181E+02  3.76172E+02  7.82690E+02 -1.57181E+02  2.04597E+02  2.79867E+02  8.10651E+04  0.00000E+00  7.36764E+05 -3.63872E+02  7.87744E+02 -1.09483E+02 -2.16653E+03  3.67575E+02 -4.55959E+02 -2.24953E+02  3.47908E+02  1.96263E+03 -2.42311E+02  1.35101E+03 -5.59348E+02 -6.94839E+02 -2.11411E+02 -9.79682E+02  7.31392E+02  1.85924E+02 -1.61877E+03 -7.02916E+02  4.17570E+02  1.66900E+03 -4.45766E+02 -1.05268E+03 -4.08234E+02  6.60835E+02  3.51746E+02  3.54192E+02 -2.08644E+02  2.60297E+03  2.31903E+02  2.13558E+01 -4.87672E+02 -2.23646E+03 -8.80732E+01  1.41546E+03 -7.39765E+02
 OMEGA(1,1)    1.76087E+01 -1.90618E+01  6.73930E+00  1.23806E+01 -6.27578E+00  4.43970E+00 -1.35745E+01 -7.55324E+00  1.28962E+03  0.00000E+00 -3.63872E+02  4.08000E+02  1.86618E+02  5.79340E+00 -4.37612E+01 -4.70597E+01 -1.09463E+01 -4.79962E+01 -4.06456E+00  4.75003E+01 -1.97376E+00 -8.33022E+01 -1.40161E+01  5.79277E+01  9.12303E+00 -1.09589E+01 -7.96211E+01 -3.70907E+00  6.67693E+01  1.44621E+00 -1.89702E+01 -1.25740E+01  5.19235E+01  1.49085E+01  8.49467E-01  3.19526E+00 -3.34363E+00 -1.79749E+00 -5.32878E+00 -3.18375E+02 -1.72948E+01  4.69060E+01  1.51436E+00 -1.44630E+01 -1.31790E+01 -8.69215E+00  2.71024E+01
 OMEGA(2,1)    3.97010E+01 -3.44447E+00  2.62361E+01  7.72229E+00 -1.18335E+01  1.55341E+01  6.23699E+00 -5.65420E+00  2.58148E+03  0.00000E+00  7.87744E+02  1.86618E+02  1.69645E+03  4.79283E+02  7.94022E+01 -1.27314E+02 -6.07549E+01 -1.33278E+01  4.54772E+01 -1.19785E+02 -1.02462E+01 -1.31544E+02 -2.49820E+02  1.90320E+01  2.10067E+01 -1.42217E+00 -1.69786E+02 -1.78157E+02  5.80552E+01 -6.93130E+01 -3.77433E+00  4.60772E+01  2.84960E+02  2.97104E+02  1.53433E+01  1.02836E+02  7.28907E+01  1.29567E+00 -1.08382E+01 -5.70177E+02 -7.12642E+02 -1.81404E+01 -2.98723E+01  3.42694E+01  1.66009E+02 -6.61480E+01  1.33600E+02
 OMEGA(2,2)    2.27227E+01  7.43085E+01  1.16770E+01 -8.79164E+00 -2.44596E+01 -1.56567E+01  1.75241E+01 -3.62325E+01  1.45535E+03  0.00000E+00 -1.09483E+02  5.79340E+00  4.79283E+02  8.31516E+02  4.26012E+01  1.90391E+02 -2.19001E+01  9.04041E+00 -3.52309E+00 -8.98745E+01 -1.57455E+01 -3.01892E+01 -2.40616E+02 -3.78960E+01  2.56311E+01  1.23409E+01 -3.96163E+01 -3.13588E+02 -7.39049E+01 -5.21462E+01  6.89050E+00  3.55422E+01  7.35723E+01  5.69406E+02  5.25338E+01  5.71873E+01 -2.31201E+01 -4.02455E+01  3.47712E+01 -1.66115E+02 -8.50403E+02 -8.62240E+01 -6.42495E+01  1.78375E+02  2.47003E+02 -2.27458E+02  1.86910E+02
 OMEGA(3,1)    3.32844E-01 -1.10595E+01 -6.85431E+01  1.57929E+01  1.58438E+01  4.69411E+01 -1.61018E+01 -2.83695E+00  1.01995E+03  0.00000E+00 -2.16653E+03 -4.37612E+01  7.94022E+01  4.26012E+01  2.45497E+03  3.99234E+02 -1.30164E+02  2.19390E+01 -2.81600E+01 -1.61870E+02  2.71405E+00 -5.02967E+01 -2.16909E+01 -1.82772E+02  6.35055E+01 -2.38134E+01 -1.06386E+02 -4.81417E+01 -2.43300E+02  3.33558E+00  6.74916E+01  8.84545E+00  2.60755E+01  5.58283E+01  2.77569E+02  1.18608E+01  3.98702E+01 -8.76758E+01  3.22884E+01 -1.89349E+02 -1.33024E+02 -8.23352E+02 -2.06654E+01  3.35932E+01  5.45445E+01 -5.69922E+01  2.75255E+01
 OMEGA(3,2)   -1.75691E+01 -2.87602E+01  1.03298E+01  4.00677E+00  3.06258E+01 -1.71250E+01 -1.81693E+01 -1.08074E+01 -8.64285E+02  0.00000E+00  3.67575E+02 -4.70597E+01 -1.27314E+02  1.90391E+02  3.99234E+02  3.46744E+03  1.97226E+02 -2.49520E+00  5.71633E+01 -1.36782E+02 -2.03051E+01 -1.44257E+01 -5.72641E+01 -6.03293E+02 -1.53653E+02  1.01290E+01  7.12371E+01 -1.34381E+02 -2.98502E+02  7.69597E+01  1.35908E+02  5.35398E+01 -8.29119E+01 -3.01403E+01  6.67553E+02  6.55237E+01 -6.17096E+01  1.01186E+02  4.25677E+01  2.05416E+02 -3.30493E+02 -9.89328E+02 -5.64796E+01  1.56596E+02  4.85452E+00 -7.98357E+01  2.13157E+01
 OMEGA(3,3)   -2.25260E+01 -2.06900E+01  5.76269E+01  9.36896E+00  5.58884E+00 -2.19435E+01 -6.63417E+00  1.64060E+01  3.21389E+03  0.00000E+00 -4.55959E+02 -1.09463E+01 -6.07549E+01 -2.19001E+01 -1.30164E+02  1.97226E+02  1.35306E+03 -3.87681E+00  5.48352E+01  1.31778E+02  5.54478E+01  4.67438E+00  6.21261E+01 -1.74925E+02  2.03095E+01  1.48110E+00  2.77750E+01 -8.56717E+01 -2.31936E+02 -3.10133E+01 -4.47055E+00  1.86503E-01 -2.35971E+01 -3.39195E+00 -9.27156E+01  2.71524E+01 -1.89305E+01 -5.68386E+01  1.41440E+01  1.01270E+02  4.95563E+01 -6.18540E+02 -1.51407E+02 -1.61909E+01  4.85460E+01 -9.09488E+01  3.42397E+01
 OMEGA(4,1)   -1.02399E+01 -3.63061E+00  3.15455E+00  9.88232E+00  4.69293E+00  1.63175E+01 -1.21111E+01  1.43575E+01 -9.24125E+02  0.00000E+00 -2.24953E+02 -4.79962E+01 -1.33278E+01  9.04041E+00  2.19390E+01 -2.49520E+00 -3.87681E+00  1.24876E+03  2.61054E+02 -3.20479E+01 -5.54675E+01  6.87958E+01  5.32056E+01  5.76232E+01 -1.45555E+02 -5.11199E+01 -5.19891E+01  3.07661E+01  2.85500E+01 -1.15812E+02 -5.14884E+01  1.44229E+01  2.73470E+02  4.78650E+01 -9.47991E+00  8.60215E+01 -6.95062E+01 -6.08777E+01  3.71960E+01 -1.78394E+02 -2.08422E+00 -6.28844E+01 -4.65142E+02  3.80169E+01  1.33873E+01 -2.00909E+02  8.22041E+01
 OMEGA(4,2)    3.30402E+01  7.85293E+01  4.21420E-01  1.16512E+01  4.17262E+00 -1.66930E+01  2.25320E+01 -6.46890E+00 -1.70504E+03  0.00000E+00  3.47908E+02 -4.06456E+00  4.54772E+01 -3.52309E+00 -2.81600E+01  5.71633E+01  5.48352E+01  2.61054E+02  1.67437E+03  1.08663E+02 -6.78184E+01  8.44193E+01 -1.55057E+01 -6.11945E+01 -1.82668E+02  2.42405E+01  7.11652E-01 -8.06656E+01  8.64225E+01 -1.43257E+02 -4.41734E+01  6.78604E+00  1.16735E+02  4.62564E+02  1.72684E+01  3.56346E+02  1.61028E+01 -5.19305E+01  1.08678E+02 -4.42775E+01 -3.21459E+02 -1.04781E+02 -6.18576E+02 -4.38241E+01  5.31380E+01 -3.36896E+02  9.94405E+01
 OMEGA(4,3)    6.30306E+01 -4.58093E+01 -1.12874E+02 -2.20315E+01 -1.60640E+01 -1.67208E+00 -3.15651E+01  3.88686E+01  4.83223E+02  0.00000E+00  1.96263E+03  4.75003E+01 -1.19785E+02 -8.98745E+01 -1.61870E+02 -1.36782E+02  1.31778E+02 -3.20479E+01  1.08663E+02  2.34324E+03 -3.57620E+01 -2.36076E+01 -2.33592E+01  1.61316E+02  1.86833E+01 -2.40412E+01  2.62332E+01  4.56763E+01 -1.23804E+02 -3.59636E+01 -3.47298E+01 -1.63561E+01 -6.29376E+01 -7.78530E+01  5.63251E+02 -1.83141E+01 -6.96072E+01  6.34322E+01 -3.75973E+01  6.93365E+01  6.56227E+01 -5.11308E+02 -2.59223E+02  6.92485E+00 -5.47787E+01  5.13705E+01  6.65822E+01
 OMEGA(4,4)   -2.11268E+01  2.68196E+00 -4.52444E+01 -1.59186E+01 -2.47257E+00 -9.51126E+00  5.39916E+00  1.18483E+01 -7.75448E+01  0.00000E+00 -2.42311E+02 -1.97376E+00 -1.02462E+01 -1.57455E+01  2.71405E+00 -2.03051E+01  5.54478E+01 -5.54675E+01 -6.78184E+01 -3.57620E+01  3.58645E+02 -1.24271E+01 -9.06845E+00  1.04666E+01  4.67334E+01  2.95633E+01 -3.08179E+01 -2.58079E+01  8.68501E+00 -8.01343E+01 -3.63054E+00 -5.52435E+00 -1.47133E+01 -1.67296E+01 -4.42154E+01  1.90939E+02  9.51608E+00  6.94288E+00  8.42447E+00  2.08340E+01  1.28428E+01 -1.41112E+00 -7.74237E+01 -1.66899E+01  5.64104E+01  3.09217E+01 -3.91872E+00
 OMEGA(5,1)    2.55894E+01  2.32656E+01  3.22077E+01  1.97767E+00 -3.94942E+00 -1.58782E+01 -2.00627E+00 -1.36985E+01  6.56545E+02  0.00000E+00  1.35101E+03 -8.33022E+01 -1.31544E+02 -3.01892E+01 -5.02967E+01 -1.44257E+01  4.67438E+00  6.87958E+01  8.44193E+01 -2.36076E+01 -1.24271E+01  1.56931E+03  3.63960E+02 -1.21900E+01 -6.96806E+01 -1.52025E+02  1.87013E+02  8.60505E+01 -7.13327E+01 -3.91869E+01 -1.60578E+02  8.24919E-01 -2.26896E+02 -8.92757E+01 -6.04589E+01  2.02461E+01  1.32992E+02 -3.15465E-01  6.51396E+00  1.72362E+02  9.79346E+01  7.57025E+01 -6.09447E+01 -5.55471E+02 -3.58335E+01  2.13291E+01 -5.33907E+01
 OMEGA(5,2)   -2.85383E+01  2.98455E+01 -1.30857E+01  3.80573E+01 -2.12482E+00  2.49567E+01  7.98130E+00  1.64385E+00  1.05799E+03  0.00000E+00 -5.59348E+02 -1.40161E+01 -2.49820E+02 -2.40616E+02 -2.16909E+01 -5.72641E+01  6.21261E+01  5.32056E+01 -1.55057E+01 -2.33592E+01 -9.06845E+00  3.63960E+02  2.09272E+03  1.01173E+02 -1.58892E+02 -2.19432E+02  4.27385E+01  4.52430E+02 -2.15289E+01 -9.82481E+01 -2.87981E+02 -4.90550E+01 -7.84146E+01 -2.32922E+02 -6.78151E+01 -3.79304E+01  3.51190E+02  6.84586E+01 -1.78460E+01  1.01717E+02  2.45794E+02  1.93673E+00 -6.29722E+01 -5.99763E+02 -1.24198E+02  1.07633E+02 -3.91482E+01
 OMEGA(5,3)   -2.99354E+01 -2.08154E+01  1.11562E+01 -1.34669E+01 -5.89889E+01 -2.84250E+00  1.30037E+01  6.35323E+00 -2.38269E+03  0.00000E+00 -6.94839E+02  5.79277E+01  1.90320E+01 -3.78960E+01 -1.82772E+02 -6.03293E+02 -1.74925E+02  5.76232E+01 -6.11945E+01  1.61316E+02  1.04666E+01 -1.21900E+01  1.01173E+02  3.38996E+03  5.85891E+01 -1.05188E+02 -2.78360E+01  9.79368E+01  6.54294E+02  5.38517E+01 -1.79887E+02 -4.76422E+01  2.22729E+01  3.68640E+01 -1.77868E+02 -1.17014E+02 -4.05763E+01  1.10144E+01 -6.64678E+01 -4.68080E+01  8.60957E+01  5.26227E+02  5.24960E+01 -3.48926E+02 -1.11418E+02  9.86774E+01 -1.18539E+02
 OMEGA(5,4)    2.85302E+01 -1.33739E+01 -3.96150E-01 -2.24484E+01 -2.36441E+01 -1.05610E+01 -4.17708E+01 -1.82056E+01  1.79637E+03  0.00000E+00 -2.11411E+02  9.12303E+00  2.10067E+01  2.56311E+01  6.35055E+01 -1.53653E+02  2.03095E+01 -1.45555E+02 -1.82668E+02  1.86833E+01  4.67334E+01 -6.96806E+01 -1.58892E+02  5.85891E+01  1.71113E+03  7.34815E+01 -4.38254E+01 -7.33716E+01 -8.81644E+00  2.68475E+02 -3.10500E+01  2.14147E+01 -3.05034E+00 -4.17332E+01 -2.26683E+01 -1.74406E+02  3.67912E+02  4.97620E+01 -4.04383E+01 -7.77258E+01  2.02942E+00 -2.25272E+01  1.51393E+02 -1.95788E+02 -5.05106E+01  1.26602E+02 -3.50062E+01
 OMEGA(5,5)    4.54074E+00  7.38265E+00 -2.29175E+01  8.90940E+00  4.77244E+00 -5.83262E-01  1.82779E+01 -1.24066E+01 -1.69997E+03  0.00000E+00 -9.79682E+02 -1.09589E+01 -1.42217E+00  1.23409E+01 -2.38134E+01  1.01290E+01  1.48110E+00 -5.11199E+01  2.42405E+01 -2.40412E+01  2.95633E+01 -1.52025E+02 -2.19432E+02 -1.05188E+02  7.34815E+01  7.28334E+02 -4.90622E+00 -9.18705E+01 -3.23559E+01  7.31984E-01  2.87833E+02  4.91952E+01 -5.08081E+01  4.36379E+01  3.45677E+01  2.38486E+00 -1.67742E+02 -2.10335E+01 -4.83366E+00 -2.78792E+01  2.27594E+01  2.03513E+00  1.20788E+01  2.71082E+02  4.52046E+01  2.50628E+01  1.91357E+01
 OMEGA(6,1)    1.47485E+01  2.68136E-01  2.77644E+01 -1.30771E+01 -2.23043E+01 -1.80499E+01 -3.98870E+00 -1.18560E+01  1.07040E+03  0.00000E+00  7.31392E+02 -7.96211E+01 -1.69786E+02 -3.96163E+01 -1.06386E+02  7.12371E+01  2.77750E+01 -5.19891E+01  7.11652E-01  2.62332E+01 -3.08179E+01  1.87013E+02  4.27385E+01 -2.78360E+01 -4.38254E+01 -4.90622E+00  1.31457E+03  3.18619E+02 -7.04482E+01 -5.50123E+01 -9.18597E+01 -1.30590E+02 -2.00397E+02 -1.15287E+02  7.00882E+01 -1.74892E+01  4.20082E+01  9.64294E+01 -2.49989E+01  3.64608E+02  1.56903E+02 -7.00239E+00 -3.15252E+01 -1.43850E+02 -5.07440E+02  1.26346E+02 -1.26467E+02
 OMEGA(6,2)   -2.59291E+01 -4.08146E+01 -1.23114E+01 -2.25262E-01  2.50927E+01  3.25618E+01 -1.62305E+01  7.01187E+01 -2.34059E+02  0.00000E+00  1.85924E+02 -3.70907E+00 -1.78157E+02 -3.13588E+02 -4.81417E+01 -1.34381E+02 -8.56717E+01  3.07661E+01 -8.06656E+01  4.56763E+01 -2.58079E+01  8.60505E+01  4.52430E+02  9.79368E+01 -7.33716E+01 -9.18705E+01  3.18619E+02  1.91666E+03  1.97434E+02  3.90455E+01 -1.11370E+02 -1.57815E+02 -7.06878E+01 -3.60186E+02  2.31909E+01 -1.51148E+01  6.73769E+01  3.94472E+02 -4.52760E+01  2.05852E+02  7.05593E+02  8.84490E+01  2.16390E+01 -2.31500E+02 -7.06207E+02  2.14457E+02 -1.79946E+02
 OMEGA(6,3)   -2.41152E+01 -3.79561E+00  3.78664E+01 -2.48624E+01  1.70878E+00  7.32958E+00  3.91012E+00  1.08589E+01 -5.90383E+02  0.00000E+00 -1.61877E+03  6.67693E+01  5.80552E+01 -7.39049E+01 -2.43300E+02 -2.98502E+02 -2.31936E+02  2.85500E+01  8.64225E+01 -1.23804E+02  8.68501E+00 -7.13327E+01 -2.15289E+01  6.54294E+02 -8.81644E+00 -3.23559E+01 -7.04482E+01  1.97434E+02  2.62515E+03  7.89368E+01 -1.49286E+02 -1.61832E+02  1.06985E+02  1.01935E+01 -3.05280E+02  7.25141E+01 -1.81084E+00  1.32422E+00 -3.86677E+01 -7.17964E+01  1.63329E+02  7.48389E+02  7.46915E+01 -7.42893E+01 -4.42174E+02  1.31677E+02 -1.01444E+02
 OMEGA(6,4)   -3.04881E+00 -2.20226E+01  6.75447E+01 -2.12423E+00  1.74911E+00 -1.96439E+01  1.76163E+01 -1.09219E+01  5.06370E+02  0.00000E+00 -7.02916E+02  1.44621E+00 -6.93130E+01 -5.21462E+01  3.33558E+00  7.69597E+01 -3.10133E+01 -1.15812E+02 -1.43257E+02 -3.59636E+01 -8.01343E+01 -3.91869E+01 -9.82481E+01  5.38517E+01  2.68475E+02  7.31984E-01 -5.50123E+01  3.90455E+01  7.89368E+01  1.40690E+03  9.94106E+01 -6.39513E+01 -6.70997E+01 -6.30626E+01 -3.94688E+01 -1.72372E+02  1.03072E+02  2.90358E+02 -5.33782E+01  3.22967E+00  1.33060E+02  8.93984E+01  4.20299E+02 -2.51452E+00 -3.52629E+02  2.15321E+02 -1.36161E+02
 OMEGA(6,5)   -2.34838E+01 -2.39604E+01 -3.86766E+01  1.51059E+01 -7.98553E+00  3.76562E+01  3.61841E+01  3.10818E+01 -3.12102E+02  0.00000E+00  4.17570E+02 -1.89702E+01 -3.77433E+00  6.89050E+00  6.74916E+01  1.35908E+02 -4.47055E+00 -5.14884E+01 -4.41734E+01 -3.47298E+01 -3.63054E+00 -1.60578E+02 -2.87981E+02 -1.79887E+02 -3.10500E+01  2.87833E+02 -9.18597E+01 -1.11370E+02 -1.49286E+02  9.94106E+01  1.70769E+03  2.65058E+02  3.86531E+01  6.85600E+01  4.68740E+01 -2.09355E+00 -2.78084E+02 -1.88285E+02  6.62931E+01 -8.42274E+01  2.05820E+01  6.58309E+00  5.99972E+01  4.43503E+02  1.84798E+02 -3.34853E+01  1.99411E+01
 OMEGA(6,6)    5.89902E+00  1.94098E+01 -2.63744E+01  6.19105E+00  7.70512E-01  3.64923E+00  1.08075E+01  8.84836E+00 -6.91302E+02  0.00000E+00  1.66900E+03 -1.25740E+01  4.60772E+01  3.55422E+01  8.84545E+00  5.35398E+01  1.86503E-01  1.44229E+01  6.78604E+00 -1.63561E+01 -5.52435E+00  8.24919E-01 -4.90550E+01 -4.76422E+01  2.14147E+01  4.91952E+01 -1.30590E+02 -1.57815E+02 -1.61832E+02 -6.39513E+01  2.65058E+02  4.15566E+02  2.06737E+01  2.05057E+01  1.90134E+01 -6.58083E+00  4.82010E+00 -1.28101E+02 -5.45618E+00 -4.90769E+01 -6.83665E+01 -2.95665E+01  1.42058E+01  8.85296E+01  3.66571E+02 -3.03474E+01  3.53337E+01
 OMEGA(7,1)   -2.71163E+00 -2.95972E+01 -2.52895E+01 -2.96641E+00 -1.19420E+01  2.30210E+01 -1.25091E+01  2.74998E+01  3.17354E+02  0.00000E+00 -4.45766E+02  5.19235E+01  2.84960E+02  7.35723E+01  2.60755E+01 -8.29119E+01 -2.35971E+01  2.73470E+02  1.16735E+02 -6.29376E+01 -1.47133E+01 -2.26896E+02 -7.84146E+01  2.22729E+01 -3.05034E+00 -5.08081E+01 -2.00397E+02 -7.06878E+01  1.06985E+02 -6.70997E+01  3.86531E+01  2.06737E+01  1.52626E+03  3.91807E+02 -3.09743E+01  1.34210E+01 -9.17681E+01 -9.30409E+01  1.26953E+02 -5.36249E+02 -2.36356E+02 -3.42901E+00 -1.57317E+02  6.63816E+01  1.25101E+02 -5.37252E+02  1.97049E+02
 OMEGA(7,2)   -3.32716E+01 -1.20616E+02  1.70940E+01 -3.83668E+00  6.20178E+00  2.09180E+01 -4.94522E+01  8.55432E+01  1.50570E+03  0.00000E+00 -1.05268E+03  1.49085E+01  2.97104E+02  5.69406E+02  5.58283E+01 -3.01403E+01 -3.39195E+00  4.78650E+01  4.62564E+02 -7.78530E+01 -1.67296E+01 -8.92757E+01 -2.32922E+02  3.68640E+01 -4.17332E+01  4.36379E+01 -1.15287E+02 -3.60186E+02  1.01935E+01 -6.30626E+01  6.85600E+01  2.05057E+01  3.91807E+02  2.18286E+03  3.41183E+01  6.72367E+01 -1.54826E+02 -2.49064E+02  4.04793E+02 -2.16561E+02 -8.94900E+02  3.92708E+00 -2.47934E+02  1.79261E+02  3.09543E+02 -8.51805E+02  2.21981E+02
 OMEGA(7,3)    1.44298E+01 -3.13119E+01  3.76220E+01  5.68587E+01 -4.61315E+01 -3.08325E+01 -3.29625E+01 -1.90204E+01 -1.53699E+03  0.00000E+00 -4.08234E+02  8.49467E-01  1.53433E+01  5.25338E+01  2.77569E+02  6.67553E+02 -9.27156E+01 -9.47991E+00  1.72684E+01  5.63251E+02 -4.42154E+01 -6.04589E+01 -6.78151E+01 -1.77868E+02 -2.26683E+01  3.45677E+01  7.00882E+01  2.31909E+01 -3.05280E+02 -3.94688E+01  4.68740E+01  1.90134E+01 -3.09743E+01  3.41183E+01  3.07187E+03 -1.07257E+01 -2.60385E+01 -1.20589E+02 -3.87846E+01  2.89699E+01 -9.01159E+01 -9.50806E+02 -4.65613E+01 -1.59969E+01 -1.94492E+01 -2.75717E+02  8.09615E+01
 OMEGA(7,4)   -1.79536E+01  3.96219E+01 -2.21702E+01  2.18879E+01 -1.94348E+00 -3.79190E+01  4.92445E+01 -1.97780E+01 -1.77405E+03  0.00000E+00  6.60835E+02  3.19526E+00  1.02836E+02  5.71873E+01  1.18608E+01  6.55237E+01  2.71524E+01  8.60215E+01  3.56346E+02 -1.83141E+01  1.90939E+02  2.02461E+01 -3.79304E+01 -1.17014E+02 -1.74406E+02  2.38486E+00 -1.74892E+01 -1.51148E+01  7.25141E+01 -1.72372E+02 -2.09355E+00 -6.58083E+00  1.34210E+01  6.72367E+01 -1.07257E+01  1.49468E+03  5.72828E+01 -3.71025E+01  2.49683E+02 -8.74055E+01 -7.99336E+01  2.63855E+01 -4.03395E+02 -1.16861E+01  1.05008E+02 -2.98376E+02  1.03047E+02
 OMEGA(7,5)    8.22960E+00  3.56758E+01 -1.65944E+01  3.18290E+00 -2.42838E+01 -3.18103E+01  2.39784E+01 -2.23418E+01  1.27803E+03  0.00000E+00  3.51746E+02 -3.34363E+00  7.28907E+01 -2.31201E+01  3.98702E+01 -6.17096E+01 -1.89305E+01 -6.95062E+01  1.61028E+01 -6.96072E+01  9.51608E+00  1.32992E+02  3.51190E+02 -4.05763E+01  3.67912E+02 -1.67742E+02  4.20082E+01  6.73769E+01 -1.81084E+00  1.03072E+02 -2.78084E+02  4.82010E+00 -9.17681E+01 -1.54826E+02 -2.60385E+01  5.72828E+01  1.98379E+03  3.55688E+02 -1.65109E+02 -2.67539E+01 -1.14282E+01  2.06590E+01  6.90229E+01 -5.52639E+02 -9.83006E+01  2.37182E+02 -9.24374E+01
 OMEGA(7,6)    1.48450E+01  2.89420E+01  3.53168E+01 -3.86343E+01  1.08196E+01  2.70208E+01  2.09388E+01 -1.37773E+01  4.26846E+02  0.00000E+00  3.54192E+02 -1.79749E+00  1.29567E+00 -4.02455E+01 -8.76758E+01  1.01186E+02 -5.68386E+01 -6.08777E+01 -5.19305E+01  6.34322E+01  6.94288E+00 -3.15465E-01  6.84586E+01  1.10144E+01  4.97620E+01 -2.10335E+01  9.64294E+01  3.94472E+02  1.32422E+00  2.90358E+02 -1.88285E+02 -1.28101E+02 -9.30409E+01 -2.49064E+02 -1.20589E+02 -3.71025E+01  3.55688E+02  1.76756E+03 -1.83386E+02  6.84563E+01  7.31591E+01  8.52006E+01  4.42899E+01 -5.55172E+01 -5.29009E+02  4.78990E+02 -1.37980E+02
 OMEGA(7,7)    6.40115E+00 -4.67930E+01 -2.37817E+01 -2.73873E+00 -8.50173E-01  4.78375E+00 -1.50062E+01  1.89432E+01 -3.16072E+03  0.00000E+00 -2.08644E+02 -5.32878E+00 -1.08382E+01  3.47712E+01  3.22884E+01  4.25677E+01  1.41440E+01  3.71960E+01  1.08678E+02 -3.75973E+01  8.42447E+00  6.51396E+00 -1.78460E+01 -6.64678E+01 -4.04383E+01 -4.83366E+00 -2.49989E+01 -4.52760E+01 -3.86677E+01 -5.33782E+01  6.62931E+01 -5.45618E+00  1.26953E+02  4.04793E+02 -3.87846E+01  2.49683E+02 -1.65109E+02 -1.83386E+02  7.17228E+02 -5.46163E+01 -1.72587E+02 -4.70023E+01 -9.37286E+01  3.39359E+01  1.09463E+02 -5.79868E+02  1.28010E+02
 OMEGA(8,1)   -2.08013E+00  1.53544E+01  6.79732E-01 -2.49545E+01  6.60689E+00 -2.30100E+00  4.11754E+00 -1.50485E+01 -1.01140E+03  0.00000E+00  2.60297E+03 -3.18375E+02 -5.70177E+02 -1.66115E+02 -1.89349E+02  2.05416E+02  1.01270E+02 -1.78394E+02 -4.42775E+01  6.93365E+01  2.08340E+01  1.72362E+02  1.01717E+02 -4.68080E+01 -7.77258E+01 -2.78792E+01  3.64608E+02  2.05852E+02 -7.17964E+01  3.22967E+00 -8.42274E+01 -4.90769E+01 -5.36249E+02 -2.16561E+02  2.89699E+01 -8.74055E+01 -2.67539E+01  6.84563E+01 -5.46163E+01  2.10479E+03  5.90080E+02 -1.82802E+02 -6.57729E+01 -2.41167E+02 -2.67661E+02  3.62937E+02 -5.89568E+02
 OMEGA(8,2)   -1.72379E+01  6.33519E+00  7.12895E+00  1.42022E+01  3.44445E+01  3.10247E+01  3.12491E+01  1.97781E+01 -9.56781E+02  0.00000E+00  2.31903E+02 -1.72948E+01 -7.12642E+02 -8.50403E+02 -1.33024E+02 -3.30493E+02  4.95563E+01 -2.08422E+00 -3.21459E+02  6.56227E+01  1.28428E+01  9.79346E+01  2.45794E+02  8.60957E+01  2.02942E+00  2.27594E+01  1.56903E+02  7.05593E+02  1.63329E+02  1.33060E+02  2.05820E+01 -6.83665E+01 -2.36356E+02 -8.94900E+02 -9.01159E+01 -7.99336E+01 -1.14282E+01  7.31591E+01 -1.72587E+02  5.90080E+02  3.19802E+03  3.11663E+02  1.08084E+02 -3.73027E+02 -4.92533E+02  7.96792E+02 -8.70672E+02
 OMEGA(8,3)    1.02576E+01  2.43528E+01  1.76805E+01 -1.51295E+01 -1.66729E+01  2.34221E-01  4.35155E+01 -2.67834E+01 -3.23503E+03  0.00000E+00  2.13558E+01  4.69060E+01 -1.81404E+01 -8.62240E+01 -8.23352E+02 -9.89328E+02 -6.18540E+02 -6.28844E+01 -1.04781E+02 -5.11308E+02 -1.41112E+00  7.57025E+01  1.93673E+00  5.26227E+02 -2.25272E+01  2.03513E+00 -7.00239E+00  8.84490E+01  7.48389E+02  8.93984E+01  6.58309E+00 -2.95665E+01 -3.42901E+00  3.92708E+00 -9.50806E+02  2.63855E+01  2.06590E+01  8.52006E+01 -4.70023E+01 -1.82802E+02  3.11663E+02  4.12298E+03  2.09753E+02 -1.18086E+02 -2.81336E+02  2.06545E+02 -4.95195E+02
 OMEGA(8,4)    4.32899E+00 -6.03374E+01 -8.79471E-01 -4.45583E+00  2.72565E+00  5.95650E+00  9.41841E+00 -1.21498E-01 -5.06583E+02  0.00000E+00 -4.87672E+02  1.51436E+00 -2.98723E+01 -6.42495E+01 -2.06654E+01 -5.64796E+01 -1.51407E+02 -4.65142E+02 -6.18576E+02 -2.59223E+02 -7.74237E+01 -6.09447E+01 -6.29722E+01  5.24960E+01  1.51393E+02  1.20788E+01 -3.15252E+01  2.16390E+01  7.46915E+01  4.20299E+02  5.99972E+01  1.42058E+01 -1.57317E+02 -2.47934E+02 -4.65613E+01 -4.03395E+02  6.90229E+01  4.42899E+01 -9.37286E+01 -6.57729E+01  1.08084E+02  2.09753E+02  2.06612E+03 -4.24272E+01 -2.21463E+02  5.44069E+02 -3.41007E+02
 OMEGA(8,5)   -4.22538E+01 -3.71327E+01 -4.26608E+01  8.28387E+00  1.34831E+01  8.86189E-01  1.73314E+00  3.53532E+01 -3.96805E+03  0.00000E+00 -2.23646E+03 -1.44630E+01  3.42694E+01  1.78375E+02  3.35932E+01  1.56596E+02 -1.61909E+01  3.80169E+01 -4.38241E+01  6.92485E+00 -1.66899E+01 -5.55471E+02 -5.99763E+02 -3.48926E+02 -1.95788E+02  2.71082E+02 -1.43850E+02 -2.31500E+02 -7.42893E+01 -2.51452E+00  4.43503E+02  8.85296E+01  6.63816E+01  1.79261E+02 -1.59969E+01 -1.16861E+01 -5.52639E+02 -5.55172E+01  3.39359E+01 -2.41167E+02 -3.73027E+02 -1.18086E+02 -4.24272E+01  2.62758E+03  5.50732E+02 -3.63432E+02  3.20104E+02
 OMEGA(8,6)   -1.02173E+01  3.61445E+01 -6.57536E+01  1.19050E+01 -2.44208E-02 -2.68936E+01 -3.37223E+00 -8.42964E+00 -4.44300E+03  0.00000E+00 -8.80732E+01 -1.31790E+01  1.66009E+02  2.47003E+02  5.45445E+01  4.85452E+00  4.85460E+01  1.33873E+01  5.31380E+01 -5.47787E+01  5.64104E+01 -3.58335E+01 -1.24198E+02 -1.11418E+02 -5.05106E+01  4.52046E+01 -5.07440E+02 -7.06207E+02 -4.42174E+02 -3.52629E+02  1.84798E+02  3.66571E+02  1.25101E+02  3.09543E+02 -1.94492E+01  1.05008E+02 -9.83006E+01 -5.29009E+02  1.09463E+02 -2.67661E+02 -4.92533E+02 -2.81336E+02 -2.21463E+02  5.50732E+02  2.38000E+03 -4.80242E+02  5.75021E+02
 OMEGA(8,7)    8.37717E+00  1.09509E+02  1.76553E+01  1.79296E+01  1.12464E+01 -3.00809E+00  7.64889E+01 -7.54455E+01  2.03794E+03  0.00000E+00  1.41546E+03 -8.69215E+00 -6.61480E+01 -2.27458E+02 -5.69922E+01 -7.98357E+01 -9.09488E+01 -2.00909E+02 -3.36896E+02  5.13705E+01  3.09217E+01  2.13291E+01  1.07633E+02  9.86774E+01  1.26602E+02  2.50628E+01  1.26346E+02  2.14457E+02  1.31677E+02  2.15321E+02 -3.34853E+01 -3.03474E+01 -5.37252E+02 -8.51805E+02 -2.75717E+02 -2.98376E+02  2.37182E+02  4.78990E+02 -5.79868E+02  3.62937E+02  7.96792E+02  2.06545E+02  5.44069E+02 -3.63432E+02 -4.80242E+02  2.71958E+03 -7.76770E+02
 OMEGA(8,8)    8.56286E+00 -6.29672E+00 -2.81033E+01 -2.12433E+01 -1.55230E+01 -1.73525E+01 -3.69757E+01  4.15627E+00  3.79319E+02  0.00000E+00 -7.39765E+02  2.71024E+01  1.33600E+02  1.86910E+02  2.75255E+01  2.13157E+01  3.42397E+01  8.22041E+01  9.94405E+01  6.65822E+01 -3.91872E+00 -5.33907E+01 -3.91482E+01 -1.18539E+02 -3.50062E+01  1.91357E+01 -1.26467E+02 -1.79946E+02 -1.01444E+02 -1.36161E+02  1.99411E+01  3.53337E+01  1.97049E+02  2.21981E+02  8.09615E+01  1.03047E+02 -9.24374E+01 -1.37980E+02  1.28010E+02 -5.89568E+02 -8.70672E+02 -4.95195E+02 -3.41007E+02  3.20104E+02  5.75021E+02 -7.76770E+02  1.25804E+03
