TABLE NO.     1: Iterative Two Stage (No Prior): Problem=1 Subproblem=0 Superproblem1=0 Iteration1=0 Superproblem2=0 Iteration2=0
 NAME         THETA1       THETA2       THETA3       THETA4       THETA5       SIGMA(1,1)   OMEGA(1,1)   OMEGA(2,1)   OMEGA(2,2)   OMEGA(3,1)   OMEGA(3,2)   OMEGA(3,3)   OMEGA(4,1)   OMEGA(4,2)   OMEGA(4,3)   OMEGA(4,4)
 THETA1        1.57334E-02 -2.66263E-01  4.77353E-04  3.72385E-04 -6.31064E-04  1.44377E-02 -9.75044E-02  8.09713E-02  8.01629E-02  0.00000E+00  0.00000E+00 -1.14414E-04  0.00000E+00  0.00000E+00 -5.69569E-04 -7.78555E-04
 THETA2       -2.66263E-01  1.25520E-02 -1.54214E-03 -1.14917E-03  2.06625E-03 -4.67589E-02  4.47055E-02  9.94411E-02 -1.65235E-01  0.00000E+00  0.00000E+00  3.84820E-04  0.00000E+00  0.00000E+00  1.85848E-03  2.36840E-03
 THETA3        4.77353E-04 -1.54214E-03  2.27488E-02 -2.01823E-01 -1.48515E-03  3.31519E-02  2.56821E-03 -1.46361E-03 -8.39318E-04  0.00000E+00  0.00000E+00 -3.36659E-02  0.00000E+00  0.00000E+00  3.20097E-02 -2.92436E-02
 THETA4        3.72385E-04 -1.14917E-03 -2.01823E-01  2.46471E-02 -1.00066E-03  2.57064E-02  1.97337E-03 -1.13612E-03 -5.64423E-04  0.00000E+00  0.00000E+00  2.30119E-02  0.00000E+00  0.00000E+00 -3.06387E-02 -3.24473E-02
 THETA5       -6.31064E-04  2.06625E-03 -1.48515E-03 -1.00066E-03  2.72429E-02 -4.37510E-02 -3.39712E-03  1.92433E-03  1.16699E-03  0.00000E+00  0.00000E+00  3.53433E-04  0.00000E+00  0.00000E+00  1.54972E-03  2.04951E-03
 SIGMA(1,1)    1.44377E-02 -4.67589E-02  3.31519E-02  2.57064E-02 -4.37510E-02  3.43414E-04  7.74813E-02 -4.40242E-02 -2.57824E-02  0.00000E+00  0.00000E+00 -8.08917E-03  0.00000E+00  0.00000E+00 -3.98817E-02 -5.35829E-02
 OMEGA(1,1)   -9.75044E-02  4.47055E-02  2.56821E-03  1.97337E-03 -3.39712E-03  7.74813E-02  5.41375E-03 -5.20182E-01  7.47489E-03  0.00000E+00  0.00000E+00 -6.33129E-04  0.00000E+00  0.00000E+00 -3.09766E-03 -4.10154E-03
 OMEGA(2,1)    8.09713E-02  9.94411E-02 -1.46361E-03 -1.13612E-03  1.92433E-03 -4.40242E-02 -5.20182E-01  2.73043E-03 -3.32507E-01  0.00000E+00  0.00000E+00  3.60983E-04  0.00000E+00  0.00000E+00  1.77112E-03  2.36640E-03
 OMEGA(2,2)    8.01629E-02 -1.65235E-01 -8.39318E-04 -5.64423E-04  1.16699E-03 -2.57824E-02  7.47489E-03 -3.32507E-01  2.51000E-03  0.00000E+00  0.00000E+00  2.20320E-04  0.00000E+00  0.00000E+00  1.01390E-03  1.12770E-03
 OMEGA(3,1)    0.00000E+00  0.00000E+00  0.00000E+00  0.00000E+00  0.00000E+00  0.00000E+00  0.00000E+00  0.00000E+00  0.00000E+00  0.00000E+00  0.00000E+00  0.00000E+00  0.00000E+00  0.00000E+00  0.00000E+00  0.00000E+00
 OMEGA(3,2)    0.00000E+00  0.00000E+00  0.00000E+00  0.00000E+00  0.00000E+00  0.00000E+00  0.00000E+00  0.00000E+00  0.00000E+00  0.00000E+00  0.00000E+00  0.00000E+00  0.00000E+00  0.00000E+00  0.00000E+00  0.00000E+00
 OMEGA(3,3)   -1.14414E-04  3.84820E-04 -3.36659E-02  2.30119E-02  3.53433E-04 -8.08917E-03 -6.33129E-04  3.60983E-04  2.20320E-04  0.00000E+00  0.00000E+00  7.39979E-03  0.00000E+00  0.00000E+00 -3.44933E-01  5.42540E-02
 OMEGA(4,1)    0.00000E+00  0.00000E+00  0.00000E+00  0.00000E+00  0.00000E+00  0.00000E+00  0.00000E+00  0.00000E+00  0.00000E+00  0.00000E+00  0.00000E+00  0.00000E+00  0.00000E+00  0.00000E+00  0.00000E+00  0.00000E+00
 OMEGA(4,2)    0.00000E+00  0.00000E+00  0.00000E+00  0.00000E+00  0.00000E+00  0.00000E+00  0.00000E+00  0.00000E+00  0.00000E+00  0.00000E+00  0.00000E+00  0.00000E+00  0.00000E+00  0.00000E+00  0.00000E+00  0.00000E+00
 OMEGA(4,3)   -5.69569E-04  1.85848E-03  3.20097E-02 -3.06387E-02  1.54972E-03 -3.98817E-02 -3.09766E-03  1.77112E-03  1.01390E-03  0.00000E+00  0.00000E+00 -3.44933E-01  0.00000E+00  0.00000E+00  5.79626E-03 -3.98476E-01
 OMEGA(4,4)   -7.78555E-04  2.36840E-03 -2.92436E-02 -3.24473E-02  2.04951E-03 -5.35829E-02 -4.10154E-03  2.36640E-03  1.12770E-03  0.00000E+00  0.00000E+00  5.42540E-02  0.00000E+00  0.00000E+00 -3.98476E-01  8.89828E-03
TABLE NO.     2: Stochastic Approximation Expectation-Maximization (No Prior): Problem=1 Subproblem=0 Superproblem1=0 Iteration1=0 Superproblem2=0 Iteration2=0
 NAME         THETA1       THETA2       THETA3       THETA4       THETA5       SIGMA(1,1)   OMEGA(1,1)   OMEGA(2,1)   OMEGA(2,2)   OMEGA(3,1)   OMEGA(3,2)   OMEGA(3,3)   OMEGA(4,1)   OMEGA(4,2)   OMEGA(4,3)   OMEGA(4,4)
 THETA1        1.56913E-02 -2.66986E-01 -1.85535E-03 -5.01624E-03 -6.75549E-03  1.33572E-02 -1.04569E-01  8.67427E-02  7.81426E-02  0.00000E+00  0.00000E+00 -2.29781E-03  0.00000E+00  0.00000E+00  2.54837E-03 -1.21683E-03
 THETA2       -2.66986E-01  1.25977E-02 -5.02371E-03 -3.01512E-03  8.63682E-03 -5.95264E-02  4.67902E-02  9.33487E-02 -1.66796E-01  0.00000E+00  0.00000E+00 -7.59778E-04  0.00000E+00  0.00000E+00  5.91375E-03 -3.25530E-04
 THETA3       -1.85535E-03 -5.02371E-03  2.29753E-02 -1.92382E-01  1.14662E-02  3.00348E-02  7.76934E-03 -5.50876E-03  3.30635E-03  0.00000E+00  0.00000E+00 -4.84610E-02  0.00000E+00  0.00000E+00  5.25836E-02 -3.60355E-02
 THETA4       -5.01624E-03 -3.01512E-03 -1.92382E-01  2.40438E-02 -2.60688E-02  2.65993E-02  1.51062E-03 -3.22258E-03 -8.83011E-04  0.00000E+00  0.00000E+00  2.55252E-02  0.00000E+00  0.00000E+00 -4.83080E-02 -2.30860E-03
 THETA5       -6.75549E-03  8.63682E-03  1.14662E-02 -2.60688E-02  2.72658E-02 -4.68588E-02 -5.91286E-03  3.75631E-03 -3.89011E-03  0.00000E+00  0.00000E+00 -7.97244E-03  0.00000E+00  0.00000E+00 -7.78253E-03  2.47530E-02
 SIGMA(1,1)    1.33572E-02 -5.95264E-02  3.00348E-02  2.65993E-02 -4.68588E-02  3.42725E-04  7.67349E-02 -4.18316E-02 -2.86728E-02  0.00000E+00  0.00000E+00 -4.57069E-03  0.00000E+00  0.00000E+00 -4.58715E-02 -5.18000E-02
 OMEGA(1,1)   -1.04569E-01  4.67902E-02  7.76934E-03  1.51062E-03 -5.91286E-03  7.67349E-02  5.37942E-03 -5.20639E-01  7.34772E-03  0.00000E+00  0.00000E+00 -2.42011E-03  0.00000E+00  0.00000E+00 -4.63241E-03 -2.73824E-03
 OMEGA(2,1)    8.67427E-02  9.33487E-02 -5.50876E-03 -3.22258E-03  3.75631E-03 -4.18316E-02 -5.20639E-01  2.73433E-03 -3.31030E-01  0.00000E+00  0.00000E+00 -2.91594E-03  0.00000E+00  0.00000E+00  1.68152E-03  2.92236E-03
 OMEGA(2,2)    7.81426E-02 -1.66796E-01  3.30635E-03 -8.83011E-04 -3.89011E-03 -2.86728E-02  7.34772E-03 -3.31030E-01  2.54201E-03  0.00000E+00  0.00000E+00  2.25044E-03  0.00000E+00  0.00000E+00  4.16008E-03  2.07552E-03
 OMEGA(3,1)    0.00000E+00  0.00000E+00  0.00000E+00  0.00000E+00  0.00000E+00  0.00000E+00  0.00000E+00  0.00000E+00  0.00000E+00  0.00000E+00  0.00000E+00  0.00000E+00  0.00000E+00  0.00000E+00  0.00000E+00  0.00000E+00
 OMEGA(3,2)    0.00000E+00  0.00000E+00  0.00000E+00  0.00000E+00  0.00000E+00  0.00000E+00  0.00000E+00  0.00000E+00  0.00000E+00  0.00000E+00  0.00000E+00  0.00000E+00  0.00000E+00  0.00000E+00  0.00000E+00  0.00000E+00
 OMEGA(3,3)   -2.29781E-03 -7.59778E-04 -4.84610E-02  2.55252E-02 -7.97244E-03 -4.57069E-03 -2.42011E-03 -2.91594E-03  2.25044E-03  0.00000E+00  0.00000E+00  7.53404E-03  0.00000E+00  0.00000E+00 -3.31615E-01  4.81395E-02
 OMEGA(4,1)    0.00000E+00  0.00000E+00  0.00000E+00  0.00000E+00  0.00000E+00  0.00000E+00  0.00000E+00  0.00000E+00  0.00000E+00  0.00000E+00  0.00000E+00  0.00000E+00  0.00000E+00  0.00000E+00  0.00000E+00  0.00000E+00
 OMEGA(4,2)    0.00000E+00  0.00000E+00  0.00000E+00  0.00000E+00  0.00000E+00  0.00000E+00  0.00000E+00  0.00000E+00  0.00000E+00  0.00000E+00  0.00000E+00  0.00000E+00  0.00000E+00  0.00000E+00  0.00000E+00  0.00000E+00
 OMEGA(4,3)    2.54837E-03  5.91375E-03  5.25836E-02 -4.83080E-02 -7.78253E-03 -4.58715E-02 -4.63241E-03  1.68152E-03  4.16008E-03  0.00000E+00  0.00000E+00 -3.31615E-01  0.00000E+00  0.00000E+00  5.69120E-03 -3.84755E-01
 OMEGA(4,4)   -1.21683E-03 -3.25530E-04 -3.60355E-02 -2.30860E-03  2.47530E-02 -5.18000E-02 -2.73824E-03  2.92236E-03  2.07552E-03  0.00000E+00  0.00000E+00  4.81395E-02  0.00000E+00  0.00000E+00 -3.84755E-01  8.47658E-03
TABLE NO.     3: Objective Function Evaluation by Importance Sampling (No Prior): Problem=1 Subproblem=0 Superproblem1=0 Iteration1=0 Superproblem2=0 Iteration2=0
 NAME         THETA1       THETA2       THETA3       THETA4       THETA5       SIGMA(1,1)   OMEGA(1,1)   OMEGA(2,1)   OMEGA(2,2)   OMEGA(3,1)   OMEGA(3,2)   OMEGA(3,3)   OMEGA(4,1)   OMEGA(4,2)   OMEGA(4,3)   OMEGA(4,4)
 THETA1        1.55110E-02 -2.61430E-01 -2.90083E-04  9.24619E-05 -6.52704E-04  1.72837E-02 -6.72813E-03  3.74254E-03  5.03840E-03  0.00000E+00  0.00000E+00  1.53848E-04  0.00000E+00  0.00000E+00  8.61944E-04  4.49041E-04
 THETA2       -2.61430E-01  1.23488E-02  1.10269E-03  5.75561E-04  7.75372E-04 -7.18544E-03 -1.49603E-04  7.85667E-03 -3.72747E-02  0.00000E+00  0.00000E+00 -2.24812E-04  0.00000E+00  0.00000E+00 -3.93295E-04 -1.13358E-03
 THETA3       -2.90083E-04  1.10269E-03  2.27157E-02 -1.96965E-01  9.02893E-03  1.14643E-02  3.05704E-04  5.69562E-04 -1.96077E-03  0.00000E+00  0.00000E+00 -1.49916E-02  0.00000E+00  0.00000E+00  2.25419E-02  4.22923E-04
 THETA4        9.24619E-05  5.75561E-04 -1.96965E-01  2.43277E-02 -1.69543E-02 -7.43609E-04  8.40348E-05 -7.38865E-04  4.82510E-04  0.00000E+00  0.00000E+00  3.56729E-03  0.00000E+00  0.00000E+00 -7.84179E-03  1.67854E-02
 THETA5       -6.52704E-04  7.75372E-04  9.02893E-03 -1.69543E-02  2.72510E-02 -4.43981E-02 -8.75934E-04  1.00849E-03 -4.46895E-04  0.00000E+00  0.00000E+00 -4.35761E-03  0.00000E+00  0.00000E+00 -6.27048E-03  1.21842E-02
 SIGMA(1,1)    1.72837E-02 -7.18544E-03  1.14643E-02 -7.43609E-04 -4.43981E-02  3.42005E-04 -1.10221E-02  1.41086E-02 -2.75873E-02  0.00000E+00  0.00000E+00 -5.41552E-03  0.00000E+00  0.00000E+00 -2.27770E-04  2.55670E-03
 OMEGA(1,1)   -6.72813E-03 -1.49603E-04  3.05704E-04  8.40348E-05 -8.75934E-04 -1.10221E-02  4.78673E-03 -3.59061E-01  6.79004E-02  0.00000E+00  0.00000E+00 -3.25760E-04  0.00000E+00  0.00000E+00  1.09950E-03 -1.08892E-03
 OMEGA(2,1)    3.74254E-03  7.85667E-03  5.69562E-04 -7.38865E-04  1.00849E-03  1.41086E-02 -3.59061E-01  2.79409E-03 -3.55407E-01  0.00000E+00  0.00000E+00 -1.94498E-03  0.00000E+00  0.00000E+00  7.79940E-04 -9.06265E-06
 OMEGA(2,2)    5.03840E-03 -3.72747E-02 -1.96077E-03  4.82510E-04 -4.46895E-04 -2.75873E-02  6.79004E-02 -3.55407E-01  3.05219E-03  0.00000E+00  0.00000E+00  1.90390E-03  0.00000E+00  0.00000E+00 -1.13162E-03  9.01892E-04
 OMEGA(3,1)    0.00000E+00  0.00000E+00  0.00000E+00  0.00000E+00  0.00000E+00  0.00000E+00  0.00000E+00  0.00000E+00  0.00000E+00  0.00000E+00  0.00000E+00  0.00000E+00  0.00000E+00  0.00000E+00  0.00000E+00  0.00000E+00
 OMEGA(3,2)    0.00000E+00  0.00000E+00  0.00000E+00  0.00000E+00  0.00000E+00  0.00000E+00  0.00000E+00  0.00000E+00  0.00000E+00  0.00000E+00  0.00000E+00  0.00000E+00  0.00000E+00  0.00000E+00  0.00000E+00  0.00000E+00
 OMEGA(3,3)    1.53848E-04 -2.24812E-04 -1.49916E-02  3.56729E-03 -4.35761E-03 -5.41552E-03 -3.25760E-04 -1.94498E-03  1.90390E-03  0.00000E+00  0.00000E+00  7.46800E-03  0.00000E+00  0.00000E+00 -2.60425E-01  3.85886E-02
 OMEGA(4,1)    0.00000E+00  0.00000E+00  0.00000E+00  0.00000E+00  0.00000E+00  0.00000E+00  0.00000E+00  0.00000E+00  0.00000E+00  0.00000E+00  0.00000E+00  0.00000E+00  0.00000E+00  0.00000E+00  0.00000E+00  0.00000E+00
 OMEGA(4,2)    0.00000E+00  0.00000E+00  0.00000E+00  0.00000E+00  0.00000E+00  0.00000E+00  0.00000E+00  0.00000E+00  0.00000E+00  0.00000E+00  0.00000E+00  0.00000E+00  0.00000E+00  0.00000E+00  0.00000E+00  0.00000E+00
 OMEGA(4,3)    8.61944E-04 -3.93295E-04  2.25419E-02 -7.84179E-03 -6.27048E-03 -2.27770E-04  1.09950E-03  7.79940E-04 -1.13162E-03  0.00000E+00  0.00000E+00 -2.60425E-01  0.00000E+00  0.00000E+00  5.60588E-03 -2.70890E-01
 OMEGA(4,4)    4.49041E-04 -1.13358E-03  4.22923E-04  1.67854E-02  1.21842E-02  2.55670E-03 -1.08892E-03 -9.06265E-06  9.01892E-04  0.00000E+00  0.00000E+00  3.85886E-02  0.00000E+00  0.00000E+00 -2.70890E-01  8.15146E-03
TABLE NO.     4: MCMC Bayesian Analysis: Problem=1 Subproblem=0 Superproblem1=0 Iteration1=0 Superproblem2=0 Iteration2=0
 NAME         THETA1       THETA2       THETA3       THETA4       THETA5       SIGMA(1,1)   OMEGA(1,1)   OMEGA(2,1)   OMEGA(2,2)   OMEGA(3,1)   OMEGA(3,2)   OMEGA(3,3)   OMEGA(4,1)   OMEGA(4,2)   OMEGA(4,3)   OMEGA(4,4)
 THETA1        1.56489E-02 -1.92276E-01 -2.97537E-02  2.53011E-02 -9.14045E-03  4.58082E-02  1.81867E-02  3.11335E-02  2.09756E-02  0.00000E+00  0.00000E+00  3.85051E-02  0.00000E+00  0.00000E+00 -2.46590E-02 -4.24864E-02
 THETA2       -1.92276E-01  1.23848E-02  6.35070E-03 -4.93365E-03 -6.05610E-02  3.43909E-02  8.72288E-02 -2.39734E-02 -4.83460E-02  0.00000E+00  0.00000E+00  2.47724E-02  0.00000E+00  0.00000E+00 -2.67102E-02  4.93491E-02
 THETA3       -2.97537E-02  6.35070E-03  2.24481E-02 -7.17712E-02  1.87036E-02 -4.12199E-03 -3.09494E-02  5.00484E-03 -2.16139E-04  0.00000E+00  0.00000E+00  2.16983E-02  0.00000E+00  0.00000E+00  6.49897E-02 -5.95637E-02
 THETA4        2.53011E-02 -4.93365E-03 -7.17712E-02  2.39051E-02 -1.82462E-02  3.22790E-02  9.07690E-02 -9.70432E-02  4.53615E-02  0.00000E+00  0.00000E+00  9.65149E-02  0.00000E+00  0.00000E+00 -1.19280E-01  4.91205E-02
 THETA5       -9.14045E-03 -6.05610E-02  1.87036E-02 -1.82462E-02  2.66963E-02 -7.28122E-03 -1.91347E-02 -1.75852E-02  5.40982E-03  0.00000E+00  0.00000E+00 -2.15689E-02  0.00000E+00  0.00000E+00 -5.33875E-02  3.72817E-02
 SIGMA(1,1)    4.58082E-02  3.43909E-02 -4.12199E-03  3.22790E-02 -7.28122E-03  3.35772E-04 -7.50470E-02  6.96381E-02 -1.97476E-02  0.00000E+00  0.00000E+00 -1.54745E-03  0.00000E+00  0.00000E+00  8.39272E-03  2.54219E-02
 OMEGA(1,1)    1.81867E-02  8.72288E-02 -3.09494E-02  9.07690E-02 -1.91347E-02 -7.50470E-02  4.98553E-03 -4.02996E-01  1.14128E-01  0.00000E+00  0.00000E+00  7.57289E-03  0.00000E+00  0.00000E+00 -3.37048E-02  6.84783E-02
 OMEGA(2,1)    3.11335E-02 -2.39734E-02  5.00484E-03 -9.70432E-02 -1.75852E-02  6.96381E-02 -4.02996E-01  2.86171E-03 -3.93012E-01  0.00000E+00  0.00000E+00  5.32890E-02  0.00000E+00  0.00000E+00 -4.16437E-02 -6.73515E-02
 OMEGA(2,2)    2.09756E-02 -4.83460E-02 -2.16139E-04  4.53615E-02  5.40982E-03 -1.97476E-02  1.14128E-01 -3.93012E-01  3.12140E-03  0.00000E+00  0.00000E+00  7.46674E-02  0.00000E+00  0.00000E+00 -1.44273E-02  2.33367E-02
 OMEGA(3,1)    0.00000E+00  0.00000E+00  0.00000E+00  0.00000E+00  0.00000E+00  0.00000E+00  0.00000E+00  0.00000E+00  0.00000E+00  0.00000E+00  0.00000E+00  0.00000E+00  0.00000E+00  0.00000E+00  0.00000E+00  0.00000E+00
 OMEGA(3,2)    0.00000E+00  0.00000E+00  0.00000E+00  0.00000E+00  0.00000E+00  0.00000E+00  0.00000E+00  0.00000E+00  0.00000E+00  0.00000E+00  0.00000E+00  0.00000E+00  0.00000E+00  0.00000E+00  0.00000E+00  0.00000E+00
 OMEGA(3,3)    3.85051E-02  2.47724E-02  2.16983E-02  9.65149E-02 -2.15689E-02 -1.54745E-03  7.57289E-03  5.32890E-02  7.46674E-02  0.00000E+00  0.00000E+00  6.99908E-03  0.00000E+00  0.00000E+00 -3.39305E-01 -1.26766E-03
 OMEGA(4,1)    0.00000E+00  0.00000E+00  0.00000E+00  0.00000E+00  0.00000E+00  0.00000E+00  0.00000E+00  0.00000E+00  0.00000E+00  0.00000E+00  0.00000E+00  0.00000E+00  0.00000E+00  0.00000E+00  0.00000E+00  0.00000E+00
 OMEGA(4,2)    0.00000E+00  0.00000E+00  0.00000E+00  0.00000E+00  0.00000E+00  0.00000E+00  0.00000E+00  0.00000E+00  0.00000E+00  0.00000E+00  0.00000E+00  0.00000E+00  0.00000E+00  0.00000E+00  0.00000E+00  0.00000E+00
 OMEGA(4,3)   -2.46590E-02 -2.67102E-02  6.49897E-02 -1.19280E-01 -5.33875E-02  8.39272E-03 -3.37048E-02 -4.16437E-02 -1.44273E-02  0.00000E+00  0.00000E+00 -3.39305E-01  0.00000E+00  0.00000E+00  5.60964E-03 -2.45571E-01
 OMEGA(4,4)   -4.24864E-02  4.93491E-02 -5.95637E-02  4.91205E-02  3.72817E-02  2.54219E-02  6.84783E-02 -6.73515E-02  2.33367E-02  0.00000E+00  0.00000E+00 -1.26766E-03  0.00000E+00  0.00000E+00 -2.45571E-01  8.85127E-03
TABLE NO.     5: First Order Conditional Estimation with Interaction (No Prior): Problem=1 Subproblem=0 Superproblem1=0 Iteration1=0 Superproblem2=0 Iteration2=0
 NAME         THETA1       THETA2       THETA3       THETA4       THETA5       SIGMA(1,1)   OMEGA(1,1)   OMEGA(2,1)   OMEGA(2,2)   OMEGA(3,1)   OMEGA(3,2)   OMEGA(3,3)   OMEGA(4,1)   OMEGA(4,2)   OMEGA(4,3)   OMEGA(4,4)
 THETA1        1.55169E-02 -2.62321E-01  3.13275E-04 -5.44495E-06 -2.40141E-06  2.16009E-02  9.17364E-04 -1.81379E-03  6.74145E-03  0.00000E+00  0.00000E+00 -2.09442E-04  0.00000E+00  0.00000E+00  5.88865E-05 -3.93851E-06
 THETA2       -2.62321E-01  1.22996E-02  6.84188E-05  6.20645E-05  1.60290E-05  4.23700E-03 -2.59264E-03  1.15183E-02 -3.42294E-02  0.00000E+00  0.00000E+00 -3.73270E-05  0.00000E+00  0.00000E+00 -2.50751E-05 -1.84736E-04
 THETA3        3.13275E-04  6.84188E-05  2.26443E-02 -2.03892E-01  3.73023E-06  1.46019E-02 -1.79050E-04  2.16307E-04 -4.49592E-04  0.00000E+00  0.00000E+00  8.36244E-04  0.00000E+00  0.00000E+00 -3.07695E-04  1.76087E-03
 THETA4       -5.44495E-06  6.20645E-05 -2.03892E-01  2.45152E-02  3.57743E-05  1.68919E-04 -1.00036E-05 -1.85007E-05  1.10754E-04  0.00000E+00  0.00000E+00 -4.20285E-04  0.00000E+00  0.00000E+00  1.41983E-03 -1.90655E-03
 THETA5       -2.40141E-06  1.60290E-05  3.73023E-06  3.57743E-05  2.72167E-02 -5.17023E-07 -2.06219E-06 -5.54411E-06  3.04170E-05  0.00000E+00  0.00000E+00  2.36109E-06  0.00000E+00  0.00000E+00 -1.98191E-05 -1.04523E-04
 SIGMA(1,1)    2.16009E-02  4.23700E-03  1.46019E-02  1.68919E-04 -5.17023E-07  3.42925E-04 -1.23268E-02  1.52038E-02 -3.16629E-02  0.00000E+00  0.00000E+00 -9.75451E-03  0.00000E+00  0.00000E+00  2.25368E-03 -1.39636E-03
 OMEGA(1,1)    9.17364E-04 -2.59264E-03 -1.79050E-04 -1.00036E-05 -2.06219E-06 -1.23268E-02  4.81419E-03 -3.59558E-01  6.84508E-02  0.00000E+00  0.00000E+00  1.16292E-04  0.00000E+00  0.00000E+00 -3.08763E-05  4.04583E-05
 OMEGA(2,1)   -1.81379E-03  1.15183E-02  2.16307E-04 -1.85007E-05 -5.54411E-06  1.52038E-02 -3.59558E-01  2.79073E-03 -3.56210E-01  0.00000E+00  0.00000E+00 -1.43877E-04  0.00000E+00  0.00000E+00  6.10149E-05  3.94874E-05
 OMEGA(2,2)    6.74145E-03 -3.42294E-02 -4.49592E-04  1.10754E-04  3.04170E-05 -3.16629E-02  6.84508E-02 -3.56210E-01  3.02073E-03  0.00000E+00  0.00000E+00  3.16099E-04  0.00000E+00  0.00000E+00 -1.38398E-04 -2.93453E-04
 OMEGA(3,1)    0.00000E+00  0.00000E+00  0.00000E+00  0.00000E+00  0.00000E+00  0.00000E+00  0.00000E+00  0.00000E+00  0.00000E+00  0.00000E+00  0.00000E+00  0.00000E+00  0.00000E+00  0.00000E+00  0.00000E+00  0.00000E+00
 OMEGA(3,2)    0.00000E+00  0.00000E+00  0.00000E+00  0.00000E+00  0.00000E+00  0.00000E+00  0.00000E+00  0.00000E+00  0.00000E+00  0.00000E+00  0.00000E+00  0.00000E+00  0.00000E+00  0.00000E+00  0.00000E+00  0.00000E+00
 OMEGA(3,3)   -2.09442E-04 -3.73270E-05  8.36244E-04 -4.20285E-04  2.36109E-06 -9.75451E-03  1.16292E-04 -1.43877E-04  3.16099E-04  0.00000E+00  0.00000E+00  7.25061E-03  0.00000E+00  0.00000E+00 -2.82830E-01  4.19193E-02
 OMEGA(4,1)    0.00000E+00  0.00000E+00  0.00000E+00  0.00000E+00  0.00000E+00  0.00000E+00  0.00000E+00  0.00000E+00  0.00000E+00  0.00000E+00  0.00000E+00  0.00000E+00  0.00000E+00  0.00000E+00  0.00000E+00  0.00000E+00
 OMEGA(4,2)    0.00000E+00  0.00000E+00  0.00000E+00  0.00000E+00  0.00000E+00  0.00000E+00  0.00000E+00  0.00000E+00  0.00000E+00  0.00000E+00  0.00000E+00  0.00000E+00  0.00000E+00  0.00000E+00  0.00000E+00  0.00000E+00
 OMEGA(4,3)    5.88865E-05 -2.50751E-05 -3.07695E-04  1.41983E-03 -1.98191E-05  2.25368E-03 -3.08763E-05  6.10149E-05 -1.38398E-04  0.00000E+00  0.00000E+00 -2.82830E-01  0.00000E+00  0.00000E+00  5.66729E-03 -2.82693E-01
 OMEGA(4,4)   -3.93851E-06 -1.84736E-04  1.76087E-03 -1.90655E-03 -1.04523E-04 -1.39636E-03  4.04583E-05  3.94874E-05 -2.93453E-04  0.00000E+00  0.00000E+00  4.19193E-02  0.00000E+00  0.00000E+00 -2.82693E-01  8.50726E-03
