TABLE NO.     1: NUTS Bayesian Analysis: Problem=1 Subproblem=0 Superproblem1=0 Iteration1=0 Superproblem2=0 Iteration2=0
 NAME         THETA1       THETA2       THETA3       THETA4       THETA5       THETA6       THETA7       THETA8       SIGMA(1,1)   SIGMA(2,1)   SIGMA(2,2)   OMEGA(1,1)   OMEGA(2,1)   OMEGA(2,2)   OMEGA(3,1)   OMEGA(3,2)   OMEGA(3,3)   OMEGA(4,1)   OMEGA(4,2)   OMEGA(4,3)   OMEGA(4,4)   OMEGA(5,1)   OMEGA(5,2)   OMEGA(5,3)   OMEGA(5,4)   OMEGA(5,5)   OMEGA(6,1)   OMEGA(6,2)   OMEGA(6,3)   OMEGA(6,4)   OMEGA(6,5)   OMEGA(6,6)   OMEGA(7,1)   OMEGA(7,2)   OMEGA(7,3)   OMEGA(7,4)   OMEGA(7,5)   OMEGA(7,6)   OMEGA(7,7)   OMEGA(8,1)   OMEGA(8,2)   OMEGA(8,3)   OMEGA(8,4)   OMEGA(8,5)   OMEGA(8,6)   OMEGA(8,7)   OMEGA(8,8)
 THETA1        7.53890E-02 -1.19161E-01  1.10447E-01  7.06280E-02  1.12330E-01 -8.22651E-02  1.87816E-02  2.78754E-01 -5.09913E-02  0.00000E+00  3.63470E-02  1.37621E-02 -3.22948E-03 -1.86616E-02 -7.17540E-03 -6.87231E-03  1.56563E-02  2.50040E-03  2.05407E-02  2.07875E-02 -4.22862E-02  2.01201E-02 -2.12465E-02  7.92236E-03 -4.45318E-02 -3.41261E-02  2.37642E-02 -2.96131E-02 -2.51554E-02  4.60711E-02 -2.89686E-02  1.50781E-02  1.84139E-02  9.62991E-03 -1.80130E-03  1.31499E-02  2.22927E-02  3.55235E-02 -2.92977E-02  2.91417E-03 -2.90085E-02  5.53230E-03  6.06438E-03 -2.81563E-02  1.95464E-03 -3.11759E-02 -1.84046E-02
 THETA2       -1.19161E-01  7.15293E-02  5.97172E-03  1.25256E-01  3.20773E-02 -1.22251E-02 -1.89910E-01  2.59296E-01  3.68795E-02  0.00000E+00 -7.57732E-03  3.76766E-03  1.01350E-01 -2.43547E-01  1.41074E-02  8.54809E-02  4.16310E-02  3.46514E-03 -1.75031E-01 -5.26949E-02 -3.55567E-02 -1.29013E-02  1.32388E-02  1.79127E-02  4.63509E-02  3.24423E-02 -1.96469E-02  4.65796E-02 -1.76673E-02  2.28981E-02  4.23835E-02 -5.78826E-02  3.86020E-02  2.38820E-01 -3.06792E-03  7.50401E-03 -5.55666E-02 -2.96640E-02 -1.01869E-02 -3.38457E-03 -7.34214E-02 -5.67429E-03  5.02236E-04 -2.03747E-02  2.56144E-02 -1.51181E-02  9.27424E-03
 THETA3        1.10447E-01  5.97172E-03  5.37112E-02  5.41793E-02 -5.68564E-04  6.44893E-02  1.23595E-01  2.26322E-01 -1.55038E-02  0.00000E+00  1.41752E-02  7.69814E-02  7.51137E-03  8.24573E-03  7.27933E-03  5.56644E-02 -1.37794E-01  2.11381E-02  9.52063E-02  1.46931E-01  1.25986E-01  5.51394E-03  2.09039E-02 -2.15160E-02  4.92356E-02 -2.44087E-02  1.94668E-02 -1.03826E-02  1.88687E-02  9.08685E-04  4.53530E-03  2.89481E-02  1.16033E-03  9.94540E-03 -7.56519E-02 -1.54948E-02 -2.80097E-02 -4.86841E-02 -6.68437E-02 -7.79249E-03  5.83996E-02 -2.20286E-02  1.41000E-02  1.72711E-02 -2.10220E-02 -2.48807E-02  8.73924E-03
 THETA4        7.06280E-02  1.25256E-01  5.41793E-02  6.96090E-02 -1.08760E-01  5.27363E-02 -2.05774E-01  1.89410E-01 -2.62784E-02  0.00000E+00 -6.17790E-02 -9.89714E-03  2.55973E-02 -2.63651E-02 -7.55975E-03  1.62157E-02 -7.01702E-02  2.31968E-02 -1.92182E-02  3.60002E-02  1.12470E-01  2.37129E-02  2.13864E-02  3.68199E-02  1.83690E-02 -1.73516E-02 -1.87334E-02 -1.94056E-02 -9.26079E-04 -2.47926E-02  1.87289E-02 -2.07060E-02  3.65731E-03  1.10193E-02  4.05158E-03  2.95970E-03 -2.70850E-02  2.28656E-02 -3.54880E-03  3.17672E-02 -7.09859E-02 -2.05540E-02  2.53811E-03 -8.83420E-03  3.92518E-02  1.22968E-02 -2.31633E-02
 THETA5        1.12330E-01  3.20773E-02 -5.68564E-04 -1.08760E-01  6.37454E-02 -1.97999E-01  1.17261E-01 -1.17963E-02  1.65368E-02  0.00000E+00  1.52089E-02  3.71596E-03 -2.87900E-02 -1.17590E-03  1.10456E-02 -3.20748E-02 -8.06736E-03  1.58841E-02  2.81728E-02 -1.88542E-03 -3.92988E-02 -4.91872E-02 -1.92379E-02 -3.65115E-02 -5.73903E-03 -4.14276E-02  3.82491E-02 -3.02489E-02 -1.83646E-02  1.85872E-02 -4.66676E-02  8.46041E-03  3.51216E-02 -1.29950E-02  2.02225E-02 -2.63517E-03  4.51781E-02 -2.95269E-02 -8.82622E-03  7.67128E-03  1.47233E-02  9.69625E-03  3.00159E-03 -7.39937E-04  3.49285E-02 -2.27300E-02  1.18080E-02
 THETA6       -8.22651E-02 -1.22251E-02  6.44893E-02  5.27363E-02 -1.97999E-01  7.08105E-02  2.29599E-02 -1.88719E-01 -2.79212E-02  0.00000E+00 -4.16682E-03 -6.29198E-03  6.00140E-03  4.05298E-02 -5.09307E-03  1.67316E-02  2.09753E-02  9.32219E-03  2.42994E-03 -1.13108E-02  1.15154E-02 -2.03610E-02  1.79849E-02 -2.19803E-03 -1.51560E-03 -2.27867E-02 -1.29586E-02  2.09974E-02 -1.40711E-02  6.24039E-02 -2.83337E-02  2.19913E-02 -3.82867E-02  2.85701E-02 -5.14673E-02 -1.83229E-02 -7.54870E-02 -6.76482E-02 -5.06904E-02 -9.37090E-03  1.52768E-02  2.44504E-02  2.94391E-03  1.30582E-02 -1.04813E-02  4.11728E-02  1.25595E-02
 THETA7        1.87816E-02 -1.89910E-01  1.23595E-01 -2.05774E-01  1.17261E-01  2.29599E-02  6.90008E-02  2.23926E-01  1.78689E-02  0.00000E+00  5.78403E-03  6.76645E-02 -1.03263E-02  3.69261E-02 -1.59312E-02 -1.55485E-02 -3.54066E-02  3.48548E-02  5.41337E-02  1.43739E-02  3.65114E-02  1.37064E-02 -7.59250E-03  1.67509E-02  7.88532E-03  2.08615E-02 -8.52072E-03 -2.28404E-03  2.36882E-02  2.73314E-02 -3.99572E-02  2.66178E-02 -4.57322E-02 -3.18322E-03  1.87599E-03 -3.32821E-03 -3.78564E-02 -1.16730E-02 -2.58918E-02  2.78264E-02  3.82081E-02 -3.63574E-03  3.30493E-02  9.90522E-03  5.98652E-03 -1.44361E-03  1.84297E-02
 THETA8        2.78754E-01  2.59296E-01  2.26322E-01  1.89410E-01 -1.17963E-02 -1.88719E-01  2.23926E-01  6.47694E-02 -1.72633E-02  0.00000E+00  1.24568E-02  2.54160E-02  2.89706E-02 -5.59751E-03 -5.69617E-02  3.02295E-02 -2.02395E-02 -3.11836E-02  3.37397E-02  7.05755E-03  2.38167E-02  5.19739E-02  3.41445E-02  2.47895E-02  6.97708E-02 -1.33793E-03 -9.26967E-03 -3.11442E-02 -4.65880E-04  1.97190E-02 -1.04881E-02 -4.30624E-03  6.49752E-03  1.53657E-02  1.34080E-02  1.08990E-02 -2.90959E-02  4.96906E-03 -3.54495E-02  1.76771E-02  3.75993E-03 -2.85724E-03  5.44360E-03  1.96067E-02  3.31559E-02  1.56672E-02  1.49809E-02
 SIGMA(1,1)   -5.09913E-02  3.68795E-02 -1.55038E-02 -2.62784E-02  1.65368E-02 -2.79212E-02  1.78689E-02 -1.72633E-02  6.40433E-04  0.00000E+00 -2.37944E-03 -6.92281E-03 -5.41938E-02 -1.72725E-02 -2.05402E-02 -1.85261E-02 -4.69512E-02 -6.37015E-02  2.43135E-03 -1.02246E-02 -2.03167E-02 -1.70256E-02  2.14314E-02  4.00560E-02 -5.11409E-02  2.11420E-03 -5.42144E-02  8.00761E-03 -1.61657E-02  2.20867E-02  3.91400E-02  1.43547E-03  2.97897E-02  2.81000E-02 -1.23611E-02  6.34906E-04  3.11973E-02  1.09926E-02 -2.76211E-02  7.74552E-03  3.08559E-04 -3.14026E-02 -1.89332E-02  1.75047E-02  1.52996E-02  1.78197E-02  9.16154E-03
 SIGMA(2,1)    0.00000E+00  0.00000E+00  0.00000E+00  0.00000E+00  0.00000E+00  0.00000E+00  0.00000E+00  0.00000E+00  0.00000E+00  0.00000E+00  0.00000E+00  0.00000E+00  0.00000E+00  0.00000E+00  0.00000E+00  0.00000E+00  0.00000E+00  0.00000E+00  0.00000E+00  0.00000E+00  0.00000E+00  0.00000E+00  0.00000E+00  0.00000E+00  0.00000E+00  0.00000E+00  0.00000E+00  0.00000E+00  0.00000E+00  0.00000E+00  0.00000E+00  0.00000E+00  0.00000E+00  0.00000E+00  0.00000E+00  0.00000E+00  0.00000E+00  0.00000E+00  0.00000E+00  0.00000E+00  0.00000E+00  0.00000E+00  0.00000E+00  0.00000E+00  0.00000E+00  0.00000E+00  0.00000E+00
 SIGMA(2,2)    3.63470E-02 -7.57732E-03  1.41752E-02 -6.17790E-02  1.52089E-02 -4.16682E-03  5.78403E-03  1.24568E-02 -2.37944E-03  0.00000E+00  1.20774E-03 -3.88536E-02  1.77424E-03 -1.65323E-02 -1.25034E-02  2.04258E-02  8.90546E-03 -5.36856E-03 -3.01939E-02  1.96417E-02 -1.43055E-04  2.23694E-02  3.29872E-02 -3.69886E-02 -2.30952E-02 -2.05482E-02 -4.42083E-03  1.69044E-02  1.09080E-01  2.56992E-02 -4.69603E-02 -4.50718E-03 -2.37106E-02  1.62332E-02 -4.84757E-03  2.99248E-02 -2.50611E-02 -1.38941E-02 -1.50427E-02 -3.17831E-02 -8.46482E-04 -4.79268E-02 -1.28738E-02  3.56577E-02  8.64262E-02 -3.00319E-02 -8.58869E-03
 OMEGA(1,1)    1.37621E-02  3.76766E-03  7.69814E-02 -9.89714E-03  3.71596E-03 -6.29198E-03  6.76645E-02  2.54160E-02 -6.92281E-03  0.00000E+00 -3.88536E-02  5.91308E-02 -1.98585E-01  2.10663E-02  9.16034E-02  2.56215E-03 -1.27512E-02  1.31556E-01 -3.53379E-02 -5.91079E-03  7.62574E-02  9.46228E-02 -1.19788E-03  6.08294E-04  2.56169E-02  5.88721E-02 -4.98610E-03  1.43634E-02 -1.53366E-02  2.40401E-03 -1.36862E-02  1.49884E-02  7.74307E-02  4.11016E-02  1.50344E-02  5.64376E-03  1.99968E-02 -4.11007E-02  3.81713E-03  3.76074E-01 -4.41196E-02  2.87254E-02  1.46120E-03  2.78175E-02 -7.15826E-02  7.56877E-03  7.20245E-02
 OMEGA(2,1)   -3.22948E-03  1.01350E-01  7.51137E-03  2.55973E-02 -2.87900E-02  6.00140E-03 -1.03263E-02  2.89706E-02 -5.41938E-02  0.00000E+00  1.77424E-03 -1.98585E-01  2.95679E-02 -2.73285E-01 -9.51464E-03  8.79326E-02  3.62493E-02  2.17506E-02 -7.07730E-02  2.38488E-03  2.28815E-02  4.50407E-02  6.03020E-02  2.20353E-03 -1.76102E-02 -5.09206E-02  1.97363E-02 -5.35402E-03 -1.18662E-02  6.07389E-03  1.35545E-03  2.52842E-02 -1.57029E-01  1.32863E-01 -8.43884E-03 -3.59798E-02  2.33195E-03 -2.22989E-02  1.64367E-02  1.26080E-01  1.33921E-01  3.30673E-02 -1.26856E-02  4.96559E-02 -5.57581E-03  1.47973E-02  9.37017E-02
 OMEGA(2,2)   -1.86616E-02 -2.43547E-01  8.24573E-03 -2.63651E-02 -1.17590E-03  4.05298E-02  3.69261E-02 -5.59751E-03 -1.72725E-02  0.00000E+00 -1.65323E-02  2.10663E-02 -2.73285E-01  4.99491E-02 -3.14550E-02 -1.32953E-01  2.73944E-02  3.40385E-02  1.98699E-01  5.73633E-03  2.80035E-02 -3.42566E-02  7.77608E-02  3.54582E-02  2.30119E-02 -1.73737E-02  6.43458E-03 -6.50080E-04  1.87892E-02 -4.09418E-03 -5.94704E-03  4.53803E-03  4.44837E-02 -3.75573E-01  3.59732E-02 -6.59975E-02 -1.54546E-02 -1.12477E-02  3.94425E-02 -1.25202E-02  4.04667E-01  1.81846E-02  3.36583E-02  3.46179E-02 -1.15757E-02 -3.24493E-02  7.38418E-02
 OMEGA(3,1)   -7.17540E-03  1.41074E-02  7.27933E-03 -7.55975E-03  1.10456E-02 -5.09307E-03 -1.59312E-02 -5.69617E-02 -2.05402E-02  0.00000E+00 -1.25034E-02  9.16034E-02 -9.51464E-03 -3.14550E-02  2.15309E-02 -4.21754E-02  1.70240E-01  3.62333E-02 -3.51789E-02  6.92418E-02  3.08509E-02  1.41602E-02  1.77220E-02  7.42685E-02 -2.99179E-02 -6.66294E-03  5.86218E-02  3.18338E-02  2.01080E-02  1.40715E-02  1.41112E-02 -3.86001E-02  6.10179E-02  1.36417E-02  2.80726E-02 -2.06777E-02  8.63100E-03 -1.55727E-02 -1.42518E-02  1.60305E-01 -4.02562E-02  2.78620E-01  2.01754E-02  4.01002E-02 -1.12496E-02 -9.67848E-03  6.71956E-02
 OMEGA(3,2)   -6.87231E-03  8.54809E-02  5.56644E-02  1.62157E-02 -3.20748E-02  1.67316E-02 -1.55485E-02  3.02295E-02 -1.85261E-02  0.00000E+00  2.04258E-02  2.56215E-03  8.79326E-02 -1.32953E-01 -4.21754E-02  1.88558E-02 -2.03062E-02  1.79477E-02 -4.95602E-02  1.02423E-01  2.68672E-02  1.52337E-02  1.55040E-02  8.32331E-02  1.38770E-02 -2.44565E-02  1.60764E-02 -2.02078E-02  2.50728E-02 -3.23493E-02 -3.10949E-03 -5.07253E-02  1.76770E-03  1.13086E-01 -1.55650E-01  1.71360E-02 -3.51770E-02 -1.64819E-02  3.34953E-02  1.00146E-02  1.02789E-01  2.37707E-01  4.73244E-02 -5.51044E-03  2.44698E-02  2.29863E-02  7.40657E-02
 OMEGA(3,3)    1.56563E-02  4.16310E-02 -1.37794E-01 -7.01702E-02 -8.06736E-03  2.09753E-02 -3.54066E-02 -2.02395E-02 -4.69512E-02  0.00000E+00  8.90546E-03 -1.27512E-02  3.62493E-02  2.73944E-02  1.70240E-01 -2.03062E-02  3.13012E-02  1.18702E-02 -2.83484E-02 -6.12217E-02 -7.52900E-02  1.50422E-02 -1.62668E-02 -1.66913E-02 -2.49514E-02  1.27597E-02 -1.69382E-02  2.55941E-02  8.92315E-02  4.58313E-02 -6.57645E-03  1.99738E-04  1.70854E-02  3.16590E-03  7.44516E-02  4.42316E-02 -6.92557E-04  1.46256E-03  3.21662E-02  5.31195E-02  1.79574E-02  2.88317E-01  2.48408E-02  9.44123E-03  3.28399E-02  2.44881E-02  4.94654E-02
 OMEGA(4,1)    2.50040E-03  3.46514E-03  2.11381E-02  2.31968E-02  1.58841E-02  9.32219E-03  3.48548E-02 -3.11836E-02 -6.37015E-02  0.00000E+00 -5.36856E-03  1.31556E-01  2.17506E-02  3.40385E-02  3.62333E-02  1.79477E-02  1.18702E-02  3.23736E-02 -9.75583E-02  9.49713E-02  1.73527E-01 -5.98854E-02 -2.35220E-02  5.33278E-03  6.00168E-02 -2.19836E-02  7.80560E-02  1.92343E-02  3.10927E-02 -1.77699E-02 -5.02408E-02 -1.64932E-02 -1.59365E-01 -2.13043E-02 -3.15585E-02 -8.52516E-04 -2.66122E-02 -3.70817E-02 -3.31165E-03  9.26518E-02  1.97921E-02  2.16650E-02  2.67555E-01 -2.55397E-02  5.74876E-02 -8.49515E-02  8.58197E-03
 OMEGA(4,2)    2.05407E-02 -1.75031E-01  9.52063E-02 -1.92182E-02  2.81728E-02  2.42994E-03  5.41337E-02  3.37397E-02  2.43135E-03  0.00000E+00 -3.01939E-02 -3.53379E-02 -7.07730E-02  1.98699E-01 -3.51789E-02 -4.95602E-02 -2.83484E-02 -9.75583E-02  2.79662E-02 -1.21330E-02  1.12447E-01  1.91182E-02 -6.37768E-02  1.85533E-02  4.64760E-02  2.44040E-02  1.27880E-02  8.54565E-03 -2.87209E-03  3.07096E-03  1.69718E-02 -3.56939E-04  2.66603E-02 -2.88684E-01  2.44668E-02 -1.95783E-01  2.31122E-02  4.52839E-02  4.92540E-02 -3.16868E-02  1.62006E-01 -4.04059E-03  2.14440E-01 -2.36695E-02  1.19037E-02 -4.38697E-02  9.16515E-02
 OMEGA(4,3)    2.07875E-02 -5.26949E-02  1.46931E-01  3.60002E-02 -1.88542E-03 -1.13108E-02  1.43739E-02  7.05755E-03 -1.02246E-02  0.00000E+00  1.96417E-02 -5.91079E-03  2.38488E-03  5.73633E-03  6.92418E-02  1.02423E-01 -6.12217E-02  9.49713E-02 -1.21330E-02  2.22077E-02  6.36009E-02  5.58285E-03  7.57863E-03 -8.33747E-02  7.28875E-03 -1.33972E-02  8.19894E-02  2.63890E-03  6.62509E-02 -2.49494E-02 -9.13893E-03  2.67915E-02 -5.15200E-02  1.76557E-02 -1.79880E-01  3.74000E-02 -4.27584E-02 -7.09954E-02 -8.50202E-02 -6.08178E-02  1.53050E-02  1.15234E-01  1.36974E-01 -2.53074E-02  2.08851E-03 -2.99380E-02 -2.23993E-02
 OMEGA(4,4)   -4.22862E-02 -3.55567E-02  1.25986E-01  1.12470E-01 -3.92988E-02  1.15154E-02  3.65114E-02  2.38167E-02 -2.03167E-02  0.00000E+00 -1.43055E-04  7.62574E-02  2.28815E-02  2.80035E-02  3.08509E-02  2.68672E-02 -7.52900E-02  1.73527E-01  1.12447E-01  6.36009E-02  5.84345E-02 -3.48535E-02 -1.99018E-02 -3.95432E-02 -7.08654E-02  2.80584E-02  1.70802E-02 -1.19760E-02  1.15912E-02  7.44862E-02 -3.25583E-02  3.19467E-02 -6.40753E-02 -2.06427E-02 -3.03698E-03 -2.85359E-01  2.76804E-02 -6.76021E-03  5.12807E-02  4.68700E-02  6.19171E-02  3.75605E-02  2.00020E-01 -3.69267E-02  3.80232E-02 -3.90336E-02  7.27335E-02
 OMEGA(5,1)    2.01201E-02 -1.29013E-02  5.51394E-03  2.37129E-02 -4.91872E-02 -2.03610E-02  1.37064E-02  5.19739E-02 -1.70256E-02  0.00000E+00  2.23694E-02  9.46228E-02  4.50407E-02 -3.42566E-02  1.41602E-02  1.52337E-02  1.50422E-02 -5.98854E-02  1.91182E-02  5.58285E-03 -3.48535E-02  2.85084E-02 -1.40555E-01  5.44283E-02  6.62152E-02  1.19822E-01 -8.81803E-02  5.27566E-02  3.36307E-02 -1.96934E-02 -7.77474E-02  2.90500E-02  7.45951E-02 -6.75387E-04 -2.62995E-02  3.16173E-02  1.53375E-02  1.09607E-02 -3.73853E-02 -3.01632E-02  1.27635E-02 -3.35927E-02  9.22755E-03  2.18871E-01 -1.95378E-02  7.51255E-03 -1.67671E-02
 OMEGA(5,2)   -2.12465E-02  1.32388E-02  2.09039E-02  2.13864E-02 -1.92379E-02  1.79849E-02 -7.59250E-03  3.41445E-02  2.14314E-02  0.00000E+00  3.29872E-02 -1.19788E-03  6.03020E-02  7.77608E-02  1.77220E-02  1.55040E-02 -1.62668E-02 -2.35220E-02 -6.37768E-02  7.57863E-03 -1.99018E-02 -1.40555E-01  2.33386E-02 -1.39264E-03  8.19475E-02  7.03944E-02 -3.43786E-03 -1.82994E-01  2.54387E-02  2.26444E-02  2.33461E-02 -2.59401E-02 -1.04607E-02  7.03885E-02 -4.35377E-02  3.45503E-02 -5.78703E-02  1.44231E-02 -4.66213E-02  5.79259E-02  4.26124E-02 -1.44571E-02 -1.91108E-02  2.10767E-01 -3.64612E-02  2.43252E-02  3.70041E-02
 OMEGA(5,3)    7.92236E-03  1.79127E-02 -2.15160E-02  3.68199E-02 -3.65115E-02 -2.19803E-03  1.67509E-02  2.47895E-02  4.00560E-02  0.00000E+00 -3.69886E-02  6.08294E-04  2.20353E-03  3.54582E-02  7.42685E-02  8.32331E-02 -1.66913E-02  5.33278E-03  1.85533E-02 -8.33747E-02 -3.95432E-02  5.44283E-02 -1.39264E-03  1.92216E-02 -3.29012E-02 -2.79327E-02 -1.20414E-02 -3.09601E-02 -1.39848E-01  3.01315E-02  1.29482E-02 -6.71527E-03  6.88325E-02  1.22751E-02  9.90648E-02  1.60396E-02  4.79003E-02 -3.96505E-03 -1.59326E-02  2.38788E-02  1.60976E-04 -5.91082E-02  7.23963E-03  1.30785E-01 -2.40512E-02 -4.03168E-03 -2.65132E-02
 OMEGA(5,4)   -4.45318E-02  4.63509E-02  4.92356E-02  1.83690E-02 -5.73903E-03 -1.51560E-03  7.88532E-03  6.97708E-02 -5.11409E-02  0.00000E+00 -2.30952E-02  2.56169E-02 -1.76102E-02  2.30119E-02 -2.99179E-02  1.38770E-02 -2.49514E-02  6.00168E-02  4.64760E-02  7.28875E-03 -7.08654E-02  6.62152E-02  8.19475E-02 -3.29012E-02  2.75320E-02 -7.10730E-02  6.76199E-03  1.95141E-02 -8.98712E-03 -1.14212E-01  6.25108E-02  1.72266E-02  2.89298E-02 -1.96517E-02  2.70909E-02  5.81723E-02 -1.78615E-01  2.87836E-02 -1.71817E-02  1.46518E-02 -2.40438E-02 -5.54723E-03 -5.41144E-02  8.55743E-02  1.17797E-02  7.65552E-06 -3.76300E-02
 OMEGA(5,5)   -3.41261E-02  3.24423E-02 -2.44087E-02 -1.73516E-02 -4.14276E-02 -2.27867E-02  2.08615E-02 -1.33793E-03  2.11420E-03  0.00000E+00 -2.05482E-02  5.88721E-02 -5.09206E-02 -1.73737E-02 -6.66294E-03 -2.44565E-02  1.27597E-02 -2.19836E-02  2.44040E-02 -1.33972E-02  2.80584E-02  1.19822E-01  7.03944E-02 -2.79327E-02 -7.10730E-02  4.05420E-02 -3.64104E-03 -2.03179E-02 -1.54866E-02  2.28267E-02 -2.13743E-01 -2.24113E-02  3.31217E-02  1.74025E-02 -7.29636E-02 -3.68119E-03  1.17300E-01 -8.53199E-03  1.37149E-02 -9.54936E-03 -5.27152E-02 -3.59052E-02  2.74318E-02 -6.03084E-02 -1.11813E-02  1.21288E-03 -8.39179E-03
 OMEGA(6,1)    2.37642E-02 -1.96469E-02  1.94668E-02 -1.87334E-02  3.82491E-02 -1.29586E-02 -8.52072E-03 -9.26967E-03 -5.42144E-02  0.00000E+00 -4.42083E-03 -4.98610E-03  1.97363E-02  6.43458E-03  5.86218E-02  1.60764E-02 -1.69382E-02  7.80560E-02  1.27880E-02  8.19894E-02  1.70802E-02 -8.81803E-02 -3.43786E-03 -1.20414E-02  6.76199E-03 -3.64104E-03  3.04299E-02 -1.16092E-01  6.76487E-02  2.32475E-02  4.64452E-02 -9.54207E-03  2.08953E-02 -2.92660E-02 -2.47415E-02 -3.50691E-02  7.50631E-03  3.72441E-03  2.91878E-03 -1.56162E-01  1.86885E-02  4.97622E-02  1.37983E-02 -4.18027E-02  1.79193E-01 -2.34613E-02 -1.42425E-02
 OMEGA(6,2)   -2.96131E-02  4.65796E-02 -1.03826E-02 -1.94056E-02 -3.02489E-02  2.09974E-02 -2.28404E-03 -3.11442E-02  8.00761E-03  0.00000E+00  1.69044E-02  1.43634E-02 -5.35402E-03 -6.50080E-04  3.18338E-02 -2.02078E-02  2.55941E-02  1.92343E-02  8.54565E-03  2.63890E-03 -1.19760E-02  5.27566E-02 -1.82994E-01 -3.09601E-02  1.95141E-02 -2.03179E-02 -1.16092E-01  2.70102E-02 -1.05693E-02  4.84129E-02  7.36717E-02  3.23242E-03 -2.61812E-02 -1.89606E-02  3.28746E-02  2.15540E-02  5.25190E-02 -1.62494E-01 -3.53496E-02  2.24189E-02 -1.89576E-01  4.74941E-02 -1.86130E-02 -1.58207E-02  2.59056E-01  1.82789E-02 -7.95537E-02
 OMEGA(6,3)   -2.51554E-02 -1.76673E-02  1.88687E-02 -9.26079E-04 -1.83646E-02 -1.40711E-02  2.36882E-02 -4.65880E-04 -1.61657E-02  0.00000E+00  1.09080E-01 -1.53366E-02 -1.18662E-02  1.87892E-02  2.01080E-02  2.50728E-02  8.92315E-02  3.10927E-02 -2.87209E-03  6.62509E-02  1.15912E-02  3.36307E-02  2.54387E-02 -1.39848E-01 -8.98712E-03 -1.54866E-02  6.76487E-02 -1.05693E-02  2.13920E-02 -3.38612E-03  3.12708E-03  5.99327E-02 -2.55847E-02  1.47763E-02  3.56147E-02  2.47117E-02  1.09287E-02  7.77368E-02 -1.90703E-02 -6.09091E-03  3.73596E-02 -1.07168E-01  3.95241E-02  2.35981E-02  1.50959E-01 -3.28531E-02 -2.50495E-02
 OMEGA(6,4)    4.60711E-02  2.28981E-02  9.08685E-04 -2.47926E-02  1.85872E-02  6.24039E-02  2.73314E-02  1.97190E-02  2.20867E-02  0.00000E+00  2.56992E-02  2.40401E-03  6.07389E-03 -4.09418E-03  1.40715E-02 -3.23493E-02  4.58313E-02 -1.77699E-02  3.07096E-03 -2.49494E-02  7.44862E-02 -1.96934E-02  2.26444E-02  3.01315E-02 -1.14212E-01  2.28267E-02  2.32475E-02  4.84129E-02 -3.38612E-03  2.92548E-02 -2.95344E-02  2.01589E-02  2.35277E-02  3.87129E-04  1.35204E-04  4.78249E-02  3.84040E-02 -1.75670E-01 -1.93704E-02  4.39204E-02 -2.95941E-02 -3.08978E-02 -8.24164E-02  9.05732E-03  1.16072E-01 -1.92327E-02 -4.57414E-02
 OMEGA(6,5)   -2.89686E-02  4.23835E-02  4.53530E-03  1.87289E-02 -4.66676E-02 -2.83337E-02 -3.99572E-02 -1.04881E-02  3.91400E-02  0.00000E+00 -4.69603E-02 -1.36862E-02  1.35545E-03 -5.94704E-03  1.41112E-02 -3.10949E-03 -6.57645E-03 -5.02408E-02  1.69718E-02 -9.13893E-03 -3.25583E-02 -7.77474E-02  2.33461E-02  1.29482E-02  6.25108E-02 -2.13743E-01  4.64452E-02  7.36717E-02  3.12708E-03 -2.95344E-02  2.70874E-02 -2.67239E-01  1.78279E-02  1.30591E-02  2.56774E-02  7.37293E-03  6.43331E-02  4.56629E-02 -2.76466E-02  5.11892E-02  1.26445E-02  3.15064E-02 -3.23754E-02 -1.16483E-01  4.90154E-02  1.09786E-02  5.52971E-02
 OMEGA(6,6)    1.50781E-02 -5.78826E-02  2.89481E-02 -2.07060E-02  8.46041E-03  2.19913E-02  2.66178E-02 -4.30624E-03  1.43547E-03  0.00000E+00 -4.50718E-03  1.49884E-02  2.52842E-02  4.53803E-03 -3.86001E-02 -5.07253E-02  1.99738E-04 -1.64932E-02 -3.56939E-04  2.67915E-02  3.19467E-02  2.90500E-02 -2.59401E-02 -6.71527E-03  1.72266E-02 -2.24113E-02 -9.54207E-03  3.23242E-03  5.99327E-02  2.01589E-02 -2.67239E-01  5.55408E-02 -1.19104E-02  4.65055E-03 -3.45294E-02  1.42898E-02  1.01433E-02  6.65671E-02  1.45464E-02  1.19908E-02  3.17695E-02 -3.65590E-02  2.68944E-02  4.93094E-02 -2.78431E-01 -2.92789E-02  1.82687E-02
 OMEGA(7,1)    1.84139E-02  3.86020E-02  1.16033E-03  3.65731E-03  3.51216E-02 -3.82867E-02 -4.57322E-02  6.49752E-03  2.97897E-02  0.00000E+00 -2.37106E-02  7.74307E-02 -1.57029E-01  4.44837E-02  6.10179E-02  1.76770E-03  1.70854E-02 -1.59365E-01  2.66603E-02 -5.15200E-02 -6.40753E-02  7.45951E-02 -1.04607E-02  6.88325E-02  2.89298E-02  3.31217E-02  2.08953E-02 -2.61812E-02 -2.55847E-02  2.35277E-02  1.78279E-02 -1.19104E-02  2.88444E-02 -1.10297E-01  8.53599E-02  5.21215E-02  9.89825E-02 -2.41758E-02  2.48150E-02  2.40364E-01 -3.16294E-02  3.86792E-02 -6.65848E-03  5.16159E-02 -5.01597E-02  1.86914E-01  7.99480E-02
 OMEGA(7,2)    9.62991E-03  2.38820E-01  9.94540E-03  1.10193E-02 -1.29950E-02  2.85701E-02 -3.18322E-03  1.53657E-02  2.81000E-02  0.00000E+00  1.62332E-02  4.11016E-02  1.32863E-01 -3.75573E-01  1.36417E-02  1.13086E-01  3.16590E-03 -2.13043E-02 -2.88684E-01  1.76557E-02 -2.06427E-02 -6.75387E-04  7.03885E-02  1.22751E-02 -1.96517E-02  1.74025E-02 -2.92660E-02 -1.89606E-02  1.47763E-02  3.87129E-04  1.30591E-02  4.65055E-03 -1.10297E-01  2.91529E-02  1.07272E-02  1.25810E-01  8.66196E-03  2.93043E-03 -2.25690E-01 -4.40135E-03  1.29427E-01  3.87705E-03  1.22107E-02  1.38148E-02 -3.22136E-02  1.42177E-01  6.27599E-02
 OMEGA(7,3)   -1.80130E-03 -3.06792E-03 -7.56519E-02  4.05158E-03  2.02225E-02 -5.14673E-02  1.87599E-03  1.34080E-02 -1.23611E-02  0.00000E+00 -4.84757E-03  1.50344E-02 -8.43884E-03  3.59732E-02  2.80726E-02 -1.55650E-01  7.44516E-02 -3.15585E-02  2.44668E-02 -1.79880E-01 -3.03698E-03 -2.62995E-02 -4.35377E-02  9.90648E-02  2.70909E-02 -7.29636E-02 -2.47415E-02  3.28746E-02  3.56147E-02  1.35204E-04  2.56774E-02 -3.45294E-02  8.53599E-02  1.07272E-02  2.01372E-02 -1.52363E-02  4.08879E-02  8.30473E-03  6.49548E-02  3.39819E-02 -1.31442E-02  1.53291E-01 -3.73914E-02  3.01499E-02  2.93110E-02  1.45605E-01  3.83951E-02
 OMEGA(7,4)    1.31499E-02  7.50401E-03 -1.54948E-02  2.95970E-03 -2.63517E-03 -1.83229E-02 -3.32821E-03  1.08990E-02  6.34906E-04  0.00000E+00  2.99248E-02  5.64376E-03 -3.59798E-02 -6.59975E-02 -2.06777E-02  1.71360E-02  4.42316E-02 -8.52516E-04 -1.95783E-01  3.74000E-02 -2.85359E-01  3.16173E-02  3.45503E-02  1.60396E-02  5.81723E-02 -3.68119E-03 -3.50691E-02  2.15540E-02  2.47117E-02  4.78249E-02  7.37293E-03  1.42898E-02  5.21215E-02  1.25810E-01 -1.52363E-02  3.02111E-02 -7.78726E-02  1.53504E-02 -3.19550E-01 -1.04848E-02 -7.22050E-02 -2.28455E-02  1.60222E-01  1.82779E-02  1.10843E-02  2.03022E-02 -2.46362E-02
 OMEGA(7,5)    2.22927E-02 -5.55666E-02 -2.80097E-02 -2.70850E-02  4.51781E-02 -7.54870E-02 -3.78564E-02 -2.90959E-02  3.11973E-02  0.00000E+00 -2.50611E-02  1.99968E-02  2.33195E-03 -1.54546E-02  8.63100E-03 -3.51770E-02 -6.92557E-04 -2.66122E-02  2.31122E-02 -4.27584E-02  2.76804E-02  1.53375E-02 -5.78703E-02  4.79003E-02 -1.78615E-01  1.17300E-01  7.50631E-03  5.25190E-02  1.09287E-02  3.84040E-02  6.43331E-02  1.01433E-02  9.89825E-02  8.66196E-03  4.08879E-02 -7.78726E-02  2.52911E-02 -1.20995E-01  8.93236E-02  2.07317E-02 -2.74499E-02  1.21790E-02 -6.16849E-02  2.08488E-01 -2.21218E-02  1.10494E-02 -1.89360E-02
 OMEGA(7,6)    3.55235E-02 -2.96640E-02 -4.86841E-02  2.28656E-02 -2.95269E-02 -6.76482E-02 -1.16730E-02  4.96906E-03  1.09926E-02  0.00000E+00 -1.38941E-02 -4.11007E-02 -2.22989E-02 -1.12477E-02 -1.55727E-02 -1.64819E-02  1.46256E-03 -3.70817E-02  4.52839E-02 -7.09954E-02 -6.76021E-03  1.09607E-02  1.44231E-02 -3.96505E-03  2.87836E-02 -8.53199E-03  3.72441E-03 -1.62494E-01  7.77368E-02 -1.75670E-01  4.56629E-02  6.65671E-02 -2.41758E-02  2.93043E-03  8.30473E-03  1.53504E-02 -1.20995E-01  2.87024E-02  6.71905E-02 -1.15043E-02 -2.22911E-02 -3.51142E-02  5.31779E-02 -3.15167E-02  1.19210E-01 -1.14643E-01 -4.45659E-02
 OMEGA(7,7)   -2.92977E-02 -1.01869E-02 -6.68437E-02 -3.54880E-03 -8.82622E-03 -5.06904E-02 -2.58918E-02 -3.54495E-02 -2.76211E-02  0.00000E+00 -1.50427E-02  3.81713E-03  1.64367E-02  3.94425E-02 -1.42518E-02  3.34953E-02  3.21662E-02 -3.31165E-03  4.92540E-02 -8.50202E-02  5.12807E-02 -3.73853E-02 -4.66213E-02 -1.59326E-02 -1.71817E-02  1.37149E-02  2.91878E-03 -3.53496E-02 -1.90703E-02 -1.93704E-02 -2.76466E-02  1.45464E-02  2.48150E-02 -2.25690E-01  6.49548E-02 -3.19550E-01  8.93236E-02  6.71905E-02  4.66138E-02  2.71803E-02  1.83361E-02  1.77642E-02 -9.38455E-02  8.57713E-03  2.71201E-03  3.21119E-01  4.87539E-02
 OMEGA(8,1)    2.91417E-03 -3.38457E-03 -7.79249E-03  3.17672E-02  7.67128E-03 -9.37090E-03  2.78264E-02  1.76771E-02  7.74552E-03  0.00000E+00 -3.17831E-02  3.76074E-01  1.26080E-01 -1.25202E-02  1.60305E-01  1.00146E-02  5.31195E-02  9.26518E-02 -3.16868E-02 -6.08178E-02  4.68700E-02 -3.01632E-02  5.79259E-02  2.38788E-02  1.46518E-02 -9.54936E-03 -1.56162E-01  2.24189E-02 -6.09091E-03  4.39204E-02  5.11892E-02  1.19908E-02  2.40364E-01 -4.40135E-03  3.39819E-02 -1.04848E-02  2.07317E-02 -1.15043E-02  2.71803E-02  2.89281E-02 -2.09490E-02  1.49254E-01  9.41500E-02  5.20101E-02 -1.05723E-01  4.80516E-02  3.24211E-01
 OMEGA(8,2)   -2.90085E-02 -7.34214E-02  5.83996E-02 -7.09859E-02  1.47233E-02  1.52768E-02  3.82081E-02  3.75993E-03  3.08559E-04  0.00000E+00 -8.46482E-04 -4.41196E-02  1.33921E-01  4.04667E-01 -4.02562E-02  1.02789E-01  1.79574E-02  1.97921E-02  1.62006E-01  1.53050E-02  6.19171E-02  1.27635E-02  4.26124E-02  1.60976E-04 -2.40438E-02 -5.27152E-02  1.86885E-02 -1.89576E-01  3.73596E-02 -2.95941E-02  1.26445E-02  3.17695E-02 -3.16294E-02  1.29427E-01 -1.31442E-02 -7.22050E-02 -2.74499E-02 -2.22911E-02  1.83361E-02 -2.09490E-02  2.64372E-02  7.16958E-02  1.56001E-01  8.57075E-02 -8.62982E-02  1.33691E-02  3.93991E-01
 OMEGA(8,3)    5.53230E-03 -5.67429E-03 -2.20286E-02 -2.05540E-02  9.69625E-03  2.44504E-02 -3.63574E-03 -2.85724E-03 -3.14026E-02  0.00000E+00 -4.79268E-02  2.87254E-02  3.30673E-02  1.81846E-02  2.78620E-01  2.37707E-01  2.88317E-01  2.16650E-02 -4.04059E-03  1.15234E-01  3.75605E-02 -3.35927E-02 -1.44571E-02 -5.91082E-02 -5.54723E-03 -3.59052E-02  4.97622E-02  4.74941E-02 -1.07168E-01 -3.08978E-02  3.15064E-02 -3.65590E-02  3.86792E-02  3.87705E-03  1.53291E-01 -2.28455E-02  1.21790E-02 -3.51142E-02  1.77642E-02  1.49254E-01  7.16958E-02  1.88785E-02  2.76604E-02  8.00934E-03  1.40921E-03  1.06478E-01  2.48266E-01
 OMEGA(8,4)    6.06438E-03  5.02236E-04  1.41000E-02  2.53811E-03  3.00159E-03  2.94391E-03  3.30493E-02  5.44360E-03 -1.89332E-02  0.00000E+00 -1.28738E-02  1.46120E-03 -1.26856E-02  3.36583E-02  2.01754E-02  4.73244E-02  2.48408E-02  2.67555E-01  2.14440E-01  1.36974E-01  2.00020E-01  9.22755E-03 -1.91108E-02  7.23963E-03 -5.41144E-02  2.74318E-02  1.37983E-02 -1.86130E-02  3.95241E-02 -8.24164E-02 -3.23754E-02  2.68944E-02 -6.65848E-03  1.22107E-02 -3.73914E-02  1.60222E-01 -6.16849E-02  5.31779E-02 -9.38455E-02  9.41500E-02  1.56001E-01  2.76604E-02  2.78753E-02 -1.14835E-02 -1.26893E-02 -1.54085E-01  1.84986E-01
 OMEGA(8,5)   -2.81563E-02 -2.03747E-02  1.72711E-02 -8.83420E-03 -7.39937E-04  1.30582E-02  9.90522E-03  1.96067E-02  1.75047E-02  0.00000E+00  3.56577E-02  2.78175E-02  4.96559E-02  3.46179E-02  4.01002E-02 -5.51044E-03  9.44123E-03 -2.55397E-02 -2.36695E-02 -2.53074E-02 -3.69267E-02  2.18871E-01  2.10767E-01  1.30785E-01  8.55743E-02 -6.03084E-02 -4.18027E-02 -1.58207E-02  2.35981E-02  9.05732E-03 -1.16483E-01  4.93094E-02  5.16159E-02  1.38148E-02  3.01499E-02  1.82779E-02  2.08488E-01 -3.15167E-02  8.57713E-03  5.20101E-02  8.57075E-02  8.00934E-03 -1.14835E-02  2.27961E-02 -1.18866E-01  7.57943E-02 -1.78512E-02
 OMEGA(8,6)    1.95464E-03  2.56144E-02 -2.10220E-02  3.92518E-02  3.49285E-02 -1.04813E-02  5.98652E-03  3.31559E-02  1.52996E-02  0.00000E+00  8.64262E-02 -7.15826E-02 -5.57581E-03 -1.15757E-02 -1.12496E-02  2.44698E-02  3.28399E-02  5.74876E-02  1.19037E-02  2.08851E-03  3.80232E-02 -1.95378E-02 -3.64612E-02 -2.40512E-02  1.17797E-02 -1.11813E-02  1.79193E-01  2.59056E-01  1.50959E-01  1.16072E-01  4.90154E-02 -2.78431E-01 -5.01597E-02 -3.22136E-02  2.93110E-02  1.10843E-02 -2.21218E-02  1.19210E-01  2.71201E-03 -1.05723E-01 -8.62982E-02  1.40921E-03 -1.26893E-02 -1.18866E-01  2.66900E-02 -4.60704E-02 -2.44758E-01
 OMEGA(8,7)   -3.11759E-02 -1.51181E-02 -2.48807E-02  1.22968E-02 -2.27300E-02  4.11728E-02 -1.44361E-03  1.56672E-02  1.78197E-02  0.00000E+00 -3.00319E-02  7.56877E-03  1.47973E-02 -3.24493E-02 -9.67848E-03  2.29863E-02  2.44881E-02 -8.49515E-02 -4.38697E-02 -2.99380E-02 -3.90336E-02  7.51255E-03  2.43252E-02 -4.03168E-03  7.65552E-06  1.21288E-03 -2.34613E-02  1.82789E-02 -3.28531E-02 -1.92327E-02  1.09786E-02 -2.92789E-02  1.86914E-01  1.42177E-01  1.45605E-01  2.03022E-02  1.10494E-02 -1.14643E-01  3.21119E-01  4.80516E-02  1.33691E-02  1.06478E-01 -1.54085E-01  7.57943E-02 -4.60704E-02  2.50721E-02  3.29088E-01
 OMEGA(8,8)   -1.84046E-02  9.27424E-03  8.73924E-03 -2.31633E-02  1.18080E-02  1.25595E-02  1.84297E-02  1.49809E-02  9.16154E-03  0.00000E+00 -8.58869E-03  7.20245E-02  9.37017E-02  7.38418E-02  6.71956E-02  7.40657E-02  4.94654E-02  8.58197E-03  9.16515E-02 -2.23993E-02  7.27335E-02 -1.67671E-02  3.70041E-02 -2.65132E-02 -3.76300E-02 -8.39179E-03 -1.42425E-02 -7.95537E-02 -2.50495E-02 -4.57414E-02  5.52971E-02  1.82687E-02  7.99480E-02  6.27599E-02  3.83951E-02 -2.46362E-02 -1.89360E-02 -4.45659E-02  4.87539E-02  3.24211E-01  3.93991E-01  2.48266E-01  1.84986E-01 -1.78512E-02 -2.44758E-01  3.29088E-01  3.96334E-02
