TABLE NO.     1: Iterative Two Stage (No Prior): Problem=1 Subproblem=0 Superproblem1=0 Iteration1=0 Superproblem2=0 Iteration2=0
 NAME         THETA1       THETA2       THETA3       THETA4       THETA5       THETA6       THETA7       THETA8       SIGMA(1,1)   SIGMA(2,1)   SIGMA(2,2)   OMEGA(1,1)   OMEGA(2,1)   OMEGA(2,2)   OMEGA(3,1)   OMEGA(3,2)   OMEGA(3,3)   OMEGA(4,1)   OMEGA(4,2)   OMEGA(4,3)   OMEGA(4,4)   OMEGA(5,1)   OMEGA(5,2)   OMEGA(5,3)   OMEGA(5,4)   OMEGA(5,5)   OMEGA(6,1)   OMEGA(6,2)   OMEGA(6,3)   OMEGA(6,4)   OMEGA(6,5)   OMEGA(6,6)   OMEGA(7,1)   OMEGA(7,2)   OMEGA(7,3)   OMEGA(7,4)   OMEGA(7,5)   OMEGA(7,6)   OMEGA(7,7)   OMEGA(8,1)   OMEGA(8,2)   OMEGA(8,3)   OMEGA(8,4)   OMEGA(8,5)   OMEGA(8,6)   OMEGA(8,7)   OMEGA(8,8)
 THETA1        3.07558E+02  1.63160E+02 -5.89365E+01 -3.01904E+01 -8.09859E+01 -2.03240E+01  5.31978E+01 -1.98679E+02 -1.71515E+03  0.00000E+00 -2.63481E+03  8.20418E+01  7.78479E+01  9.39890E+01 -2.31799E+02  1.75934E+01 -1.14999E+02  3.87267E+01  4.82341E+02  1.19939E+02  6.76237E+01  8.03646E+01  1.11545E+02 -1.75279E+02 -1.01967E+02 -2.03580E+02  2.44976E+02  1.81427E+01 -3.30540E+01  6.14015E+01 -3.29845E+02 -1.35110E+02  1.63294E+02  2.39833E+02  1.78644E+02  1.30844E+02  1.38693E+01  1.47087E+02  4.89887E+01 -7.24815E+01 -3.69535E+02  1.58240E+02 -1.69693E+02 -7.54473E+01 -2.00535E+02 -2.40414E+02  1.50027E+02
 THETA2        1.63160E+02  4.52316E+02  2.05806E+01 -1.19854E+01 -1.29677E+02 -7.69020E+01  1.52680E+02 -2.87379E+02  6.61280E+03  0.00000E+00 -3.22145E+03  3.21972E+01  4.63193E+01  1.78574E+02 -3.55441E+01 -1.28804E+02 -5.92598E+01  4.76231E+02  6.52951E+02 -1.09725E+02 -1.17209E+01  1.67768E+02  8.62379E+01 -1.30424E+02 -7.76784E+01 -1.29491E+02  6.77424E+01 -3.28157E+01  1.67337E+02  1.15580E+02 -4.32478E+02 -2.10317E+02  1.90671E+02  1.52645E+02 -2.79062E+02  2.09408E+02  1.59781E+02  3.57255E+02  6.89974E+01 -2.69670E+02 -4.66130E+02  2.71775E+02 -4.96204E+02 -2.63787E+02 -7.98732E+01 -1.04622E+02  4.07677E+02
 THETA3       -5.89365E+01  2.05806E+01  5.45673E+02  6.08979E+01 -7.29689E+00 -8.17955E+01 -1.82028E+01 -1.00038E+02 -1.95558E+03  0.00000E+00  2.68475E+03 -1.02358E+02  4.60407E+01  2.04356E+01 -2.83125E+02 -2.01587E+02  5.17544E+01  1.08842E+02 -1.22666E+02  2.66020E+01 -1.86183E+02 -1.80580E+02 -2.02344E+02  8.78478E+01  9.80608E+01  1.35252E+02 -2.85537E+01  1.21612E+02  1.21025E+02  1.46950E+02  9.37428E+01  8.61773E+00  1.90122E+02 -2.11747E+02 -4.01355E+01 -1.92235E+02  1.11101E+02  1.72079E+02 -1.25209E+02  1.42417E+02  1.51917E+02 -1.35797E+02  2.05153E+02  3.30568E+02 -1.15861E+02  5.54153E+01 -5.30035E+01
 THETA4       -3.01904E+01 -1.19854E+01  6.08979E+01  2.83462E+02  2.17770E+01 -5.54877E+01  1.12992E+02 -9.85824E+01 -1.13519E+03  0.00000E+00  4.30674E+03  1.48740E+01  4.29680E+02  2.65640E+02  5.53760E+01 -1.14488E+02  1.51647E+02  9.11824E+01 -6.39057E+01 -2.71761E+02  1.40481E+02 -9.10240E+01 -5.19956E+01  1.02336E+02 -1.78959E+02  5.74562E+01  8.54060E+01  1.31026E+02  7.47369E+01 -9.71200E+01  1.45048E+02  2.47211E+01  1.00059E+02  1.54561E+02 -1.69003E+02  2.37113E+02 -2.16757E+02 -1.46108E+02  1.02799E+02 -1.09278E+02 -3.93022E+02  1.38460E+02 -1.94395E+02  2.38366E+02  4.75996E+00 -4.04085E+02  1.47047E+02
 THETA5       -8.09859E+01 -1.29677E+02 -7.29689E+00  2.17770E+01  3.64160E+02  1.21488E+02 -8.58282E+01  1.23935E+02 -2.77856E+03  0.00000E+00  2.07182E+03  2.37997E+01  1.04973E+02 -4.08638E+01 -1.46300E+02 -1.68399E+02 -5.66485E+00 -9.65804E+01 -8.42887E+01  7.91278E+01 -1.09045E+02 -4.36204E+02 -2.30649E+02  2.50110E+02  1.18063E+02  2.28886E+02 -3.48519E+02 -3.77363E+02  1.07038E+02  1.50570E+02  2.33367E+02  4.76248E+01  1.86671E+01  1.09390E+02  1.28457E+02 -2.41980E+02 -3.60017E+02 -8.12286E+01 -5.97717E+01 -6.42191E+01 -1.26907E+02  3.18670E+02  2.72462E+02  3.05853E+02  2.61194E+02  1.82883E+01 -6.78686E+01
 THETA6       -2.03240E+01 -7.69020E+01 -8.17955E+01 -5.54877E+01  1.21488E+02  2.90720E+02 -8.22392E+01  1.49827E+02  1.78955E+03  0.00000E+00  8.39791E+02  1.17789E+02  5.64005E+01 -3.33436E+01  1.14257E+01  1.86787E+02  1.20538E+01  7.63560E+01  1.19768E+02  1.15694E+02 -5.71678E+01 -3.75800E+02 -4.52332E+02  5.85416E+01  1.34334E+02  1.45717E+02 -3.22978E+02 -4.56630E+02  1.87458E+01  2.57605E+01  1.93117E+02  9.64330E+01  1.67560E+02  3.43837E+02  1.88548E+02 -1.58468E+02 -1.16619E+02 -2.15662E+02  2.67472E+01 -2.44451E+02 -7.83812E+01 -1.40211E+02  6.77116E+00  3.52502E+02  2.74744E+02 -1.91759E+02  1.40596E+01
 THETA7        5.31978E+01  1.52680E+02 -1.82028E+01  1.12992E+02 -8.58282E+01 -8.22392E+01  3.63344E+02 -2.18240E+02  9.17392E+03  0.00000E+00 -1.42793E+03  1.10276E+02  3.51751E+02  2.74355E+02  1.85127E+02 -2.23757E+02 -3.59392E+00  1.15390E+02  1.82260E+02 -1.96289E+02  1.18522E+02 -1.38589E+01  1.59313E+01  1.07526E+02 -2.20187E+02 -1.66473E+02  1.27118E+02  2.40542E+02  1.64704E+02 -1.36264E+02 -7.91836E+01 -9.55517E+01  1.08598E+02  2.23263E+02 -2.60592E+02  2.16916E+02 -1.13120E+02  5.68471E+01  1.37388E+02 -3.17798E+02 -4.00758E+02  6.15855E+01 -4.18553E+02  6.74547E+01 -1.25682E+02 -1.35920E+02  2.27245E+02
 THETA8       -1.98679E+02 -2.87379E+02 -1.00038E+02 -9.85824E+01  1.23935E+02  1.49827E+02 -2.18240E+02  5.55978E+02 -2.71386E+03  0.00000E+00  3.95084E+03 -4.03603E+01 -3.25082E+02 -3.27363E+02  2.07824E+02  2.71314E+02 -1.30028E+02 -1.49592E+02 -4.80988E+02  1.64647E+02 -1.11673E+02 -1.20238E+02 -2.25593E+02  2.86995E+02  2.56480E+02  1.72096E+02 -2.49115E+02 -6.02790E+01 -1.17045E+02  8.91362E+00  3.32991E+02  1.22583E+02 -2.11970E+02 -1.60528E+02  8.46201E+01 -4.48480E+02 -2.11028E+01 -1.90631E+02 -5.07088E+01  2.29077E+02  8.91153E+02 -1.66389E+02  3.67754E+02  3.34050E+00  3.06148E+01  2.72387E+02 -4.08396E+02
 SIGMA(1,1)   -1.71515E+03  6.61280E+03 -1.95558E+03 -1.13519E+03 -2.77856E+03  1.78955E+03  9.17392E+03 -2.71386E+03  2.40284E+06  0.00000E+00  1.81564E+05  5.64058E+03  1.79638E+04  2.32278E+04  1.76478E+04  1.27423E+04 -1.01246E+04  6.86333E+03 -1.94930E+04 -3.47032E+02  1.03835E+04 -8.75981E+03 -1.57451E+04 -9.49486E+03 -9.59231E+03  3.11619E+02 -5.36038E+03  1.88239E+04 -8.76498E+03 -2.04997E+04  2.48772E+04  1.12831E+04  9.85786E+03  5.14014E+03 -1.02330E+02  6.53487E+03 -1.57026E+04 -2.93589E+03  6.21926E+03 -1.92179E+04 -8.63912E+03 -1.46644E+04 -1.30476E+04  1.70985E+04  5.18035E+03 -4.48686E+03  8.78009E+03
 SIGMA(2,1)    0.00000E+00  0.00000E+00  0.00000E+00  0.00000E+00  0.00000E+00  0.00000E+00  0.00000E+00  0.00000E+00  0.00000E+00  0.00000E+00  0.00000E+00  0.00000E+00  0.00000E+00  0.00000E+00  0.00000E+00  0.00000E+00  0.00000E+00  0.00000E+00  0.00000E+00  0.00000E+00  0.00000E+00  0.00000E+00  0.00000E+00  0.00000E+00  0.00000E+00  0.00000E+00  0.00000E+00  0.00000E+00  0.00000E+00  0.00000E+00  0.00000E+00  0.00000E+00  0.00000E+00  0.00000E+00  0.00000E+00  0.00000E+00  0.00000E+00  0.00000E+00  0.00000E+00  0.00000E+00  0.00000E+00  0.00000E+00  0.00000E+00  0.00000E+00  0.00000E+00  0.00000E+00  0.00000E+00
 SIGMA(2,2)   -2.63481E+03 -3.22145E+03  2.68475E+03  4.30674E+03  2.07182E+03  8.39791E+02 -1.42793E+03  3.95084E+03  1.81564E+05  0.00000E+00  8.36607E+05  6.28396E+03  6.38115E+03 -1.42478E+02 -6.46521E+03 -2.81181E+03  2.32890E+03 -8.75810E+03 -1.93608E+04  2.22691E+03  3.01078E+03 -6.06870E+03 -5.96496E+03  1.60498E+04  6.29242E+03  3.74684E+03  5.40339E+03  1.01399E+04  4.34351E+03 -2.78472E+03  7.36308E+02 -2.29201E+03  5.90281E+02 -5.93932E+03 -8.13096E+03 -6.77437E+03 -9.46915E+03  2.90685E+02 -1.00347E+03 -2.24592E+03  1.40787E+04 -5.46021E+03  7.31012E+03  6.91773E+03 -2.08493E+03 -1.14338E+03 -4.31210E+02
 OMEGA(1,1)    8.20418E+01  3.21972E+01 -1.02358E+02  1.48740E+01  2.37997E+01  1.17789E+02  1.10276E+02 -4.03603E+01  5.64058E+03  0.00000E+00  6.28396E+03  9.91670E+02  8.71733E+02  3.55245E+02 -9.16664E+02 -5.56182E+02  2.94156E+01 -3.22370E+02  2.16451E+02  2.23631E+01  2.15616E+02 -6.97445E+02 -6.31583E+02  6.23661E+02 -1.49558E+02  1.33034E+02  2.02657E+02 -3.13482E+01 -2.70462E+01 -2.43214E+02  9.59422E+01  2.16185E+01  5.17285E+02  6.10820E+02 -7.09922E+02  1.55588E+02 -5.60141E+02  3.36817E+01  1.51162E+02 -1.10723E+03 -9.28756E+02  9.10880E+02 -1.00397E+02  8.04800E+02 -9.42820E+01 -6.33928E+02  3.57191E+02
 OMEGA(2,1)    7.78479E+01  4.63193E+01  4.60407E+01  4.29680E+02  1.04973E+02  5.64005E+01  3.51751E+02 -3.25082E+02  1.79638E+04  0.00000E+00  6.38115E+03  8.71733E+02  3.50993E+03  2.13097E+03 -8.02485E+02 -1.08962E+03 -8.23788E+00  3.60016E+02  3.49679E+02 -4.85332E+02  5.02605E+02 -1.76696E+03 -1.82417E+03  9.02254E+02 -8.92315E+02  8.04397E+02 -4.10737E+02 -4.23517E+02  1.50339E+02 -1.74186E+02  7.43217E+02  2.28586E+02  1.92867E+03  1.97762E+03 -6.80558E+02  1.03072E+03 -1.70591E+03 -4.84570E+02  5.41415E+02 -2.87940E+03 -4.28132E+03  1.48492E+03 -7.69459E+02  2.49011E+03  6.46214E+02 -2.18109E+03  1.77583E+03
 OMEGA(2,2)    9.39890E+01  1.78574E+02  2.04356E+01  2.65640E+02 -4.08638E+01 -3.33436E+01  2.74355E+02 -3.27363E+02  2.32278E+04  0.00000E+00 -1.42478E+02  3.55245E+02  2.13097E+03  2.00673E+03 -2.12634E+02 -3.06298E+02 -3.18133E+02  1.57624E+02 -1.45251E+02 -3.47723E+02  4.76260E+02 -8.01662E+02 -1.13755E+03 -9.25656E+01 -3.95637E+02  6.21245E+02 -2.18348E+02 -5.64869E+02  1.48156E+01 -3.58039E+02  5.55842E+02  3.18692E+02  9.81815E+02  1.14702E+03 -2.85752E+02  7.97712E+02 -9.25365E+02 -5.49841E+02  4.01170E+02 -1.74711E+03 -3.19272E+03  7.68993E+02 -6.20867E+02  1.31923E+03  8.60213E+02 -1.18729E+03  1.32286E+03
 OMEGA(3,1)   -2.31799E+02 -3.55441E+01 -2.83125E+02  5.53760E+01 -1.46300E+02  1.14257E+01  1.85127E+02  2.07824E+02  1.76478E+04  0.00000E+00 -6.46521E+03 -9.16664E+02 -8.02485E+02 -2.12634E+02  3.58552E+03  1.75646E+03  2.23128E+02  3.68227E+02 -4.19464E+02 -1.85277E+02 -3.31787E+02  1.04954E+03  5.85234E+02 -9.27841E+02  1.05141E+02 -3.87422E+02 -6.65856E+02 -2.99503E+02  2.94379E+02  1.41321E+02  5.92575E+02  1.71318E+02 -1.46858E+03 -5.98476E+02  9.81828E+02 -2.76950E+02  6.63035E+02 -5.41827E+02 -1.46476E+02  9.83073E+02  1.02709E+03 -3.56276E+03 -1.09699E+02 -9.90328E+02  6.44973E+02  1.08451E+03  7.74486E+01
 OMEGA(3,2)    1.75934E+01 -1.28804E+02 -2.01587E+02 -1.14488E+02 -1.68399E+02  1.86787E+02 -2.23757E+02  2.71314E+02  1.27423E+04  0.00000E+00 -2.81181E+03 -5.56182E+02 -1.08962E+03 -3.06298E+02  1.75646E+03  3.76075E+03 -1.32989E+02 -4.15383E+02 -3.46066E+02  2.29758E+02 -1.49950E+02  8.56251E+02 -2.78753E+02 -2.00406E+03  7.95096E+02 -3.34145E+02 -6.63619E+01 -7.02811E+02 -7.46520E+02  1.18430E+02  7.74468E+02  1.23508E+02 -8.26233E+02 -9.45515E+02  2.47659E+03 -3.25583E+02  1.30853E+03 -5.28661E+02 -3.82872E+02  1.52896E+03  1.41722E+03 -2.96898E+03  7.37285E+02 -1.05578E+02  3.69404E+02  7.09785E+02 -1.03648E+03
 OMEGA(3,3)   -1.14999E+02 -5.92598E+01  5.17544E+01  1.51647E+02 -5.66485E+00  1.20538E+01 -3.59392E+00 -1.30028E+02 -1.01246E+04  0.00000E+00  2.32890E+03  2.94156E+01 -8.23788E+00 -3.18133E+02  2.23128E+02 -1.32989E+02  2.90277E+03  6.73689E+01  2.25377E+02  6.63764E+02  1.49053E+02  9.21380E+01 -1.29324E+02  9.04300E+02  3.15793E+02 -1.32682E+01  4.51603E+02  1.50696E+02 -9.40139E+01  3.48382E+01 -2.03016E+02 -3.39677E+02  1.66658E+02  4.00362E+02 -1.22772E+02  2.42988E+02 -4.09047E+02 -7.56023E+01  1.03155E+02 -4.60343E+02  1.53690E+02 -2.44416E+03 -6.09901E+02 -4.14430E+02 -5.81162E+02 -4.91493E+02  8.26971E+02
 OMEGA(4,1)    3.87267E+01  4.76231E+02  1.08842E+02  9.11824E+01 -9.65804E+01  7.63560E+01  1.15390E+02 -1.49592E+02  6.86333E+03  0.00000E+00 -8.75810E+03 -3.22370E+02  3.60016E+02  1.57624E+02  3.68227E+02 -4.15383E+02  6.73689E+01  2.63667E+03  1.91252E+03 -8.36603E+02 -3.03519E+02 -1.95015E+02 -8.33744E+02  4.80313E+01 -4.16523E+02  1.07542E+02 -8.32249E+02 -2.95757E+02  1.20124E+02  5.45091E+02  4.88685E+00 -1.85232E+02  1.04687E+03  1.44129E+03 -3.49195E+02  5.45466E+02 -1.50780E+02  1.37072E+02  4.60507E+02 -8.88480E+02 -1.04070E+03 -1.22143E+02 -1.76691E+03  5.82243E+02  3.38859E+02 -1.17250E+03  9.58465E+02
 OMEGA(4,2)    4.82341E+02  6.52951E+02 -1.22666E+02 -6.39057E+01 -8.42887E+01  1.19768E+02  1.82260E+02 -4.80988E+02 -1.94930E+04  0.00000E+00 -1.93608E+04  2.16451E+02  3.49679E+02 -1.45251E+02 -4.19464E+02 -3.46066E+02  2.25377E+02  1.91252E+03  4.51153E+03 -1.79262E+02 -3.68665E+02 -8.27426E+02 -6.04118E+02  7.43790E+02 -2.92636E+02 -2.74243E+02 -2.89357E+02 -1.09821E+03  7.23225E+01  5.96938E+02 -1.02810E+03 -5.66067E+02  1.46162E+03  2.81482E+03 -2.39850E+02  1.07537E+03 -1.83202E+02  2.47210E+02  6.78105E+02 -1.09997E+03 -2.18625E+03  6.53294E+02 -2.32931E+03  9.87324E+02 -1.10159E+02 -2.41732E+03  1.10757E+03
 OMEGA(4,3)    1.19939E+02 -1.09725E+02  2.66020E+01 -2.71761E+02  7.91278E+01  1.15694E+02 -1.96289E+02  1.64647E+02 -3.47032E+02  0.00000E+00  2.22691E+03  2.23631E+01 -4.85332E+02 -3.47723E+02 -1.85277E+02  2.29758E+02  6.63764E+02 -8.36603E+02 -1.79262E+02  3.03260E+03  1.37730E+02  1.63132E+02  9.38319E+02  9.92059E+02  5.23848E+02 -1.90394E+02  2.50715E+02  1.95187E+02 -2.48701E+02 -2.82423E+02 -1.67428E+02  2.50607E+01 -3.76578E+02 -3.42147E+02  1.39016E+03 -8.24628E+02  2.54384E+02  2.20643E+02 -6.45209E+02  1.85146E+02  8.59337E+02 -1.74427E+03  2.58563E+02 -1.26272E+03 -5.04830E+02  1.19642E+03 -2.06908E+02
 OMEGA(4,4)    6.76237E+01 -1.17209E+01 -1.86183E+02  1.40481E+02 -1.09045E+02 -5.71678E+01  1.18522E+02 -1.11673E+02  1.03835E+04  0.00000E+00  3.01078E+03  2.15616E+02  5.02605E+02  4.76260E+02 -3.31787E+02 -1.49950E+02  1.49053E+02 -3.03519E+02 -3.68665E+02  1.37730E+02  7.48574E+02  1.84839E+01  2.25417E+02  3.03629E+02 -1.52150E+02 -1.34485E+02  3.70255E+02  5.25133E+02 -6.24586E+00 -5.73224E+02 -4.88714E+01  3.80745E+01  9.30157E+01  9.02318E+01 -3.25212E+02  6.88614E+02 -1.51343E+02 -1.75638E+02  1.79537E+02 -2.63492E+02 -3.47792E+02  3.48965E+02 -4.69071E+02 -6.87906E+01 -1.89390E+02 -3.72167E+02  9.28738E+01
 OMEGA(5,1)    8.03646E+01  1.67768E+02 -1.80580E+02 -9.10240E+01 -4.36204E+02 -3.75800E+02 -1.38589E+01 -1.20238E+02 -8.75981E+03  0.00000E+00 -6.06870E+03 -6.97445E+02 -1.76696E+03 -8.01662E+02  1.04954E+03  8.56251E+02  9.21380E+01 -1.95015E+02 -8.27426E+02  1.63132E+02  1.84839E+01  2.77136E+03  2.89481E+03 -1.23291E+03  1.91014E+01 -1.17498E+03  8.80085E+02  9.97058E+02  2.22548E+02 -1.62279E+02 -1.26172E+03 -3.73298E+02 -1.59060E+03 -1.85195E+03  7.21082E+02  8.72060E+01  1.65383E+03  3.46008E+02 -3.22577E+02  1.98674E+03  2.34984E+03 -1.32473E+03  3.71384E+02 -3.49673E+03 -7.64190E+02  1.75628E+03 -8.96313E+02
 OMEGA(5,2)    1.11545E+02  8.62379E+01 -2.02344E+02 -5.19956E+01 -2.30649E+02 -4.52332E+02  1.59313E+01 -2.25593E+02 -1.57451E+04  0.00000E+00 -5.96496E+03 -6.31583E+02 -1.82417E+03 -1.13755E+03  5.85234E+02 -2.78753E+02 -1.29324E+02 -8.33744E+02 -6.04118E+02  9.38319E+02  2.25417E+02  2.89481E+03  6.18428E+03 -4.92184E+02 -6.17862E+02 -1.76988E+03  1.05220E+03  1.95337E+03  5.16265E+02 -1.17049E+03 -2.72235E+03 -3.92928E+02 -1.91062E+03 -2.42419E+03  1.14137E+03  1.81760E+02  1.96679E+03  5.38823E+02 -6.74116E+02  2.28880E+03  2.66890E+03 -1.48442E+02  7.05044E+02 -5.58538E+03 -1.27679E+03  2.45224E+03 -1.33004E+03
 OMEGA(5,3)   -1.75279E+02 -1.30424E+02  8.78478E+01  1.02336E+02  2.50110E+02  5.85416E+01  1.07526E+02  2.86995E+02 -9.49486E+03  0.00000E+00  1.60498E+04  6.23661E+02  9.02254E+02 -9.25656E+01 -9.27841E+02 -2.00406E+03  9.04300E+02  4.80313E+01  7.43790E+02  9.92059E+02  3.03629E+02 -1.23291E+03 -4.92184E+02  4.24782E+03  5.43804E+01  1.38135E+02  3.69145E+02  7.67743E+02  1.14885E+03  4.65702E+01 -1.34897E+03 -8.67627E+02  7.65923E+02  1.22975E+03 -1.84187E+03  1.72350E+02 -1.07212E+03  3.31410E+02  3.94398E+02 -1.30507E+03 -2.32912E+02  8.51962E+02 -1.08084E+03  2.24944E+02 -1.15135E+03 -8.98694E+02  5.63172E+02
 OMEGA(5,4)   -1.01967E+02 -7.76784E+01  9.80608E+01 -1.78959E+02  1.18063E+02  1.34334E+02 -2.20187E+02  2.56480E+02 -9.59231E+03  0.00000E+00  6.29242E+03 -1.49558E+02 -8.92315E+02 -3.95637E+02  1.05141E+02  7.95096E+02  3.15793E+02 -4.16523E+02 -2.92636E+02  5.23848E+02 -1.52150E+02  1.91014E+01 -6.17862E+02  5.43804E+01  1.54508E+03  2.04447E+02 -7.05071E+01 -1.03100E+03  7.41726E+01  6.19400E+02  1.07466E+02 -4.05185E+01 -1.59348E+02 -2.50553E+02  1.76619E+02 -8.52153E+02  2.97229E+02 -1.02764E+02 -1.83514E+02  6.25145E+02  1.09594E+03 -1.05511E+03  6.15493E+02 -1.95527E+02  3.06619E+02  6.80112E+02 -5.39094E+02
 OMEGA(5,5)   -2.03580E+02 -1.29491E+02  1.35252E+02  5.74562E+01  2.28886E+02  1.45717E+02 -1.66473E+02  1.72096E+02  3.11619E+02  0.00000E+00  3.74684E+03  1.33034E+02  8.04397E+02  6.21245E+02 -3.87422E+02 -3.34145E+02 -1.32682E+01  1.07542E+02 -2.74243E+02 -1.90394E+02 -1.34485E+02 -1.17498E+03 -1.76988E+03  1.38135E+02  2.04447E+02  1.21833E+03 -6.00293E+02 -1.11807E+03 -3.48008E+02  2.62433E+02  1.35496E+03  6.27002E+02  6.88387E+02  4.93441E+02 -4.49374E+02 -2.89023E+02 -7.37546E+02 -3.25327E+02  4.00733E+01 -9.82724E+02 -1.53896E+03  4.66398E+02  2.76554E+02  1.70171E+03  1.02881E+03 -4.90862E+02  6.00277E+02
 OMEGA(6,1)    2.44976E+02  6.77424E+01 -2.85537E+01  8.54060E+01 -3.48519E+02 -3.22978E+02  1.27118E+02 -2.49115E+02 -5.36038E+03  0.00000E+00  5.40339E+03  2.02657E+02 -4.10737E+02 -2.18348E+02 -6.65856E+02 -6.63619E+01  4.51603E+02 -8.32249E+02 -2.89357E+02  2.50715E+02  3.70255E+02  8.80085E+02  1.05220E+03  3.69145E+02 -7.05071E+01 -6.00293E+02  1.89765E+03  1.31138E+03 -1.74084E+02 -5.84939E+02 -1.17680E+03 -5.09926E+02 -3.87481E+02 -6.33262E+02 -4.37785E+02  2.51530E+02  3.71222E+02  5.44948E+02  2.88291E+01  6.21615E+02  8.79158E+02  3.71215E+02  1.99975E+02 -9.70498E+02 -1.41070E+03  2.78640E+02 -5.07023E+02
 OMEGA(6,2)    1.81427E+01 -3.28157E+01  1.21612E+02  1.31026E+02 -3.77363E+02 -4.56630E+02  2.40542E+02 -6.02790E+01  1.88239E+04  0.00000E+00  1.01399E+04 -3.13482E+01 -4.23517E+02 -5.64869E+02 -2.99503E+02 -7.02811E+02  1.50696E+02 -2.95757E+02 -1.09821E+03  1.95187E+02  5.25133E+02  9.97058E+02  1.95337E+03  7.67743E+02 -1.03100E+03 -1.11807E+03  1.31138E+03  3.66274E+03  1.25148E+02 -1.22862E+03 -1.37212E+03 -7.28115E+02 -6.13999E+02 -1.50476E+03 -5.58268E+02  4.89952E+02  4.61735E+02  8.31821E+02 -8.73933E+01  7.61670E+02  2.41275E+03  4.56028E+02 -2.88599E+02 -1.52397E+03 -2.33850E+03  8.20334E+02 -9.41834E+02
 OMEGA(6,3)   -3.30540E+01  1.67337E+02  1.21025E+02  7.47369E+01  1.07038E+02  1.87458E+01  1.64704E+02 -1.17045E+02 -8.76498E+03  0.00000E+00  4.34351E+03 -2.70462E+01  1.50339E+02  1.48156E+01  2.94379E+02 -7.46520E+02 -9.40139E+01  1.20124E+02  7.23225E+01 -2.48701E+02 -6.24586E+00  2.22548E+02  5.16265E+02  1.14885E+03  7.41726E+01 -3.48008E+02 -1.74084E+02  1.25148E+02  1.91190E+03  4.34266E+02 -1.50880E+03 -7.17471E+02 -3.51200E+02 -2.78896E+02 -9.18111E+02  2.60483E+02  1.22625E+02  7.83506E+01  1.49369E+02 -1.22054E+01 -1.16020E+02  4.43931E+02 -3.89997E+02 -9.21831E+02 -4.89555E+02  1.20289E+02  3.20300E+02
 OMEGA(6,4)    6.14015E+01  1.15580E+02  1.46950E+02 -9.71200E+01  1.50570E+02  2.57605E+01 -1.36264E+02  8.91362E+00 -2.04997E+04  0.00000E+00 -2.78472E+03 -2.43214E+02 -1.74186E+02 -3.58039E+02  1.41321E+02  1.18430E+02  3.48382E+01  5.45091E+02  5.96938E+02 -2.82423E+02 -5.73224E+02 -1.62279E+02 -1.17049E+03  4.65702E+01  6.19400E+02  2.62433E+02 -5.84939E+02 -1.22862E+03  4.34266E+02  1.72218E+03  1.69037E+02 -3.11579E+02  1.92987E+02  3.82005E+02  1.57840E+02 -7.00942E+02 -2.35165E+02  2.39952E+02  2.04762E+00  6.75076E+01 -3.42307E+02 -4.29666E+02  3.46590E+02  4.90268E+02  4.23907E+02  4.45788E+01  3.17931E+02
 OMEGA(6,5)   -3.29845E+02 -4.32478E+02  9.37428E+01  1.45048E+02  2.33367E+02  1.93117E+02 -7.91836E+01  3.32991E+02  2.48772E+04  0.00000E+00  7.36308E+02  9.59422E+01  7.43217E+02  5.55842E+02  5.92575E+02  7.74468E+02 -2.03016E+02  4.88685E+00 -1.02810E+03 -1.67428E+02 -4.88714E+01 -1.26172E+03 -2.72235E+03 -1.34897E+03  1.07466E+02  1.35496E+03 -1.17680E+03 -1.37212E+03 -1.50880E+03  1.69037E+02  4.40131E+03  1.65022E+03  3.61196E+02  3.71280E+02  3.49629E+02 -4.19522E+02 -9.80212E+02 -7.12719E+02 -8.73967E+01 -5.33052E+02 -9.19565E+02 -9.87247E+02  6.14717E+02  3.06740E+03  1.83304E+03 -3.44254E+02  1.26907E+02
 OMEGA(6,6)   -1.35110E+02 -2.10317E+02  8.61773E+00  2.47211E+01  4.76248E+01  9.64330E+01 -9.55517E+01  1.22583E+02  1.12831E+04  0.00000E+00 -2.29201E+03  2.16185E+01  2.28586E+02  3.18692E+02  1.71318E+02  1.23508E+02 -3.39677E+02 -1.85232E+02 -5.66067E+02  2.50607E+01  3.80745E+01 -3.73298E+02 -3.92928E+02 -8.67627E+02 -4.05185E+01  6.27002E+02 -5.09926E+02 -7.28115E+02 -7.17471E+02 -3.11579E+02  1.65022E+03  1.16876E+03  1.49727E+02  2.38903E+01  1.21868E+02 -1.55706E+02 -1.35215E+02 -5.21918E+02 -9.51381E+01 -1.64697E+02 -4.51301E+02 -1.06922E+02  4.30708E+02  7.48273E+02  1.04692E+03  2.73975E+01 -6.10799E+01
 OMEGA(7,1)    1.63294E+02  1.90671E+02  1.90122E+02  1.00059E+02  1.86671E+01  1.67560E+02  1.08598E+02 -2.11970E+02  9.85786E+03  0.00000E+00  5.90281E+02  5.17285E+02  1.92867E+03  9.81815E+02 -1.46858E+03 -8.26233E+02  1.66658E+02  1.04687E+03  1.46162E+03 -3.76578E+02  9.30157E+01 -1.59060E+03 -1.91062E+03  7.65923E+02 -1.59348E+02  6.88387E+02 -3.87481E+02 -6.13999E+02 -3.51200E+02  1.92987E+02  3.61196E+02  1.49727E+02  2.82023E+03  2.09594E+03 -6.50283E+02  6.01231E+02 -1.11832E+03 -4.60081E+01  5.38717E+02 -2.37918E+03 -2.57088E+03  1.32246E+03 -1.03116E+03  1.98764E+03  2.52789E+02 -2.22601E+03  1.10116E+03
 OMEGA(7,2)    2.39833E+02  1.52645E+02 -2.11747E+02  1.54561E+02  1.09390E+02  3.43837E+02  2.23263E+02 -1.60528E+02  5.14014E+03  0.00000E+00 -5.93932E+03  6.10820E+02  1.97762E+03  1.14702E+03 -5.98476E+02 -9.45515E+02  4.00362E+02  1.44129E+03  2.81482E+03 -3.42147E+02  9.02318E+01 -1.85195E+03 -2.42419E+03  1.22975E+03 -2.50553E+02  4.93441E+02 -6.33262E+02 -1.50476E+03 -2.78896E+02  3.82005E+02  3.71280E+02  2.38903E+01  2.09594E+03  4.43124E+03 -5.03211E+02  8.69473E+02 -1.97248E+03 -5.28619E+02  1.04704E+03 -2.32577E+03 -3.54546E+03  7.12500E+02 -2.06443E+03  2.76445E+03  7.65683E+02 -3.20152E+03  1.61474E+03
 OMEGA(7,3)    1.78644E+02 -2.79062E+02 -4.01355E+01 -1.69003E+02  1.28457E+02  1.88548E+02 -2.60592E+02  8.46201E+01 -1.02330E+02  0.00000E+00 -8.13096E+03 -7.09922E+02 -6.80558E+02 -2.85752E+02  9.81828E+02  2.47659E+03 -1.22772E+02 -3.49195E+02 -2.39850E+02  1.39016E+03 -3.25212E+02  7.21082E+02  1.14137E+03 -1.84187E+03  1.76619E+02 -4.49374E+02 -4.37785E+02 -5.58268E+02 -9.18111E+02  1.57840E+02  3.49629E+02  1.21868E+02 -6.50283E+02 -5.03211E+02  4.24133E+03 -8.81133E+02  7.34108E+02 -2.74602E+02 -8.25471E+02  1.20200E+03  4.41068E+02 -3.04952E+03  1.06993E+03 -8.12715E+02  4.20262E+02  1.22682E+03 -7.39335E+02
 OMEGA(7,4)    1.30844E+02  2.09408E+02 -1.92235E+02  2.37113E+02 -2.41980E+02 -1.58468E+02  2.16916E+02 -4.48480E+02  6.53487E+03  0.00000E+00 -6.77437E+03  1.55588E+02  1.03072E+03  7.97712E+02 -2.76950E+02 -3.25583E+02  2.42988E+02  5.45466E+02  1.07537E+03 -8.24628E+02  6.88614E+02  8.72060E+01  1.81760E+02  1.72350E+02 -8.52153E+02 -2.89023E+02  2.51530E+02  4.89952E+02  2.60483E+02 -7.00942E+02 -4.19522E+02 -1.55706E+02  6.01231E+02  8.69473E+02 -8.81133E+02  2.57606E+03  2.62124E+01 -1.81336E+02  9.41126E+02 -6.12851E+02 -1.60888E+03  1.30629E+03 -1.73538E+03  2.53260E+02 -1.28048E+02 -2.03698E+03  6.48868E+02
 OMEGA(7,5)    1.38693E+01  1.59781E+02  1.11101E+02 -2.16757E+02 -3.60017E+02 -1.16619E+02 -1.13120E+02 -2.11028E+01 -1.57026E+04  0.00000E+00 -9.46915E+03 -5.60141E+02 -1.70591E+03 -9.25365E+02  6.63035E+02  1.30853E+03 -4.09047E+02 -1.50780E+02 -1.83202E+02  2.54384E+02 -1.51343E+02  1.65383E+03  1.96679E+03 -1.07212E+03  2.97229E+02 -7.37546E+02  3.71222E+02  4.61735E+02  1.22625E+02 -2.35165E+02 -9.80212E+02 -1.35215E+02 -1.11832E+03 -1.97248E+03  7.34108E+02  2.62124E+01  2.68060E+03  5.18080E+02 -4.82553E+02  1.66504E+03  2.33077E+03 -1.02012E+03  3.95639E+02 -2.42298E+03 -4.52283E+02  1.69772E+03 -1.21246E+03
 OMEGA(7,6)    1.47087E+02  3.57255E+02  1.72079E+02 -1.46108E+02 -8.12286E+01 -2.15662E+02  5.68471E+01 -1.90631E+02 -2.93589E+03  0.00000E+00  2.90685E+02  3.36817E+01 -4.84570E+02 -5.49841E+02 -5.41827E+02 -5.28661E+02 -7.56023E+01  1.37072E+02  2.47210E+02  2.20643E+02 -1.75638E+02  3.46008E+02  5.38823E+02  3.31410E+02 -1.02764E+02 -3.25327E+02  5.44948E+02  8.31821E+02  7.83506E+01  2.39952E+02 -7.12719E+02 -5.21918E+02 -4.60081E+01 -5.28619E+02 -2.74602E+02 -1.81336E+02  5.18080E+02  1.63229E+03 -3.15367E+02  9.61928E+01  7.70541E+02  3.37228E+02  6.70502E+01 -6.89212E+02 -9.54623E+02  9.89216E+02 -1.41209E+02
 OMEGA(7,7)    4.89887E+01  6.89974E+01 -1.25209E+02  1.02799E+02 -5.97717E+01  2.67472E+01  1.37388E+02 -5.07088E+01  6.21926E+03  0.00000E+00 -1.00347E+03  1.51162E+02  5.41415E+02  4.01170E+02 -1.46476E+02 -3.82872E+02  1.03155E+02  4.60507E+02  6.78105E+02 -6.45209E+02  1.79537E+02 -3.22577E+02 -6.74116E+02  3.94398E+02 -1.83514E+02  4.00733E+01  2.88291E+01 -8.73933E+01  1.49369E+02  2.04762E+00 -8.73967E+01 -9.51381E+01  5.38717E+02  1.04704E+03 -8.25471E+02  9.41126E+02 -4.82553E+02 -3.15367E+02  8.77911E+02 -5.03678E+02 -9.11912E+02  9.91223E+02 -9.16226E+02  6.38599E+02  1.18536E+02 -1.53335E+03  4.68087E+02
 OMEGA(8,1)   -7.24815E+01 -2.69670E+02  1.42417E+02 -1.09278E+02 -6.42191E+01 -2.44451E+02 -3.17798E+02  2.29077E+02 -1.92179E+04  0.00000E+00 -2.24592E+03 -1.10723E+03 -2.87940E+03 -1.74711E+03  9.83073E+02  1.52896E+03 -4.60343E+02 -8.88480E+02 -1.09997E+03  1.85146E+02 -2.63492E+02  1.98674E+03  2.28880E+03 -1.30507E+03  6.25145E+02 -9.82724E+02  6.21615E+02  7.61670E+02 -1.22054E+01  6.75076E+01 -5.33052E+02 -1.64697E+02 -2.37918E+03 -2.32577E+03  1.20200E+03 -6.12851E+02  1.66504E+03  9.61928E+01 -5.03678E+02  4.05072E+03  4.18335E+03 -8.28995E+02  1.28549E+03 -2.25381E+03 -7.03804E+02  1.91546E+03 -2.53743E+03
 OMEGA(8,2)   -3.69535E+02 -4.66130E+02  1.51917E+02 -3.93022E+02 -1.26907E+02 -7.83812E+01 -4.00758E+02  8.91153E+02 -8.63912E+03  0.00000E+00  1.40787E+04 -9.28756E+02 -4.28132E+03 -3.19272E+03  1.02709E+03  1.41722E+03  1.53690E+02 -1.04070E+03 -2.18625E+03  8.59337E+02 -3.47792E+02  2.34984E+03  2.66890E+03 -2.32912E+02  1.09594E+03 -1.53896E+03  8.79158E+02  2.41275E+03 -1.16020E+02 -3.42307E+02 -9.19565E+02 -4.51301E+02 -2.57088E+03 -3.54546E+03  4.41068E+02 -1.60888E+03  2.33077E+03  7.70541E+02 -9.11912E+02  4.18335E+03  8.49298E+03 -1.92251E+03  1.56049E+03 -3.52682E+03 -1.94491E+03  3.60291E+03 -3.59255E+03
 OMEGA(8,3)    1.58240E+02  2.71775E+02 -1.35797E+02  1.38460E+02  3.18670E+02 -1.40211E+02  6.15855E+01 -1.66389E+02 -1.46644E+04  0.00000E+00 -5.46021E+03  9.10880E+02  1.48492E+03  7.68993E+02 -3.56276E+03 -2.96898E+03 -2.44416E+03 -1.22143E+02  6.53294E+02 -1.74427E+03  3.48965E+02 -1.32473E+03 -1.48442E+02  8.51962E+02 -1.05511E+03  4.66398E+02  3.71215E+02  4.56028E+02  4.43931E+02 -4.29666E+02 -9.87247E+02 -1.06922E+02  1.32246E+03  7.12500E+02 -3.04952E+03  1.30629E+03 -1.02012E+03  3.37228E+02  9.91223E+02 -8.28995E+02 -1.92251E+03  9.41536E+03  4.13656E+00  1.03057E+03 -2.07236E+02 -1.88023E+03 -4.69295E+02
 OMEGA(8,4)   -1.69693E+02 -4.96204E+02  2.05153E+02 -1.94395E+02  2.72462E+02  6.77116E+00 -4.18553E+02  3.67754E+02 -1.30476E+04  0.00000E+00  7.31012E+03 -1.00397E+02 -7.69459E+02 -6.20867E+02 -1.09699E+02  7.37285E+02 -6.09901E+02 -1.76691E+03 -2.32931E+03  2.58563E+02 -4.69071E+02  3.71384E+02  7.05044E+02 -1.08084E+03  6.15493E+02  2.76554E+02  1.99975E+02 -2.88599E+02 -3.89997E+02  3.46590E+02  6.14717E+02  4.30708E+02 -1.03116E+03 -2.06443E+03  1.06993E+03 -1.73538E+03  3.95639E+02  6.70502E+01 -9.16226E+02  1.28549E+03  1.56049E+03  4.13656E+00  3.38960E+03 -5.93971E+02  3.45692E+02  2.25773E+03 -1.40453E+03
 OMEGA(8,5)   -7.54473E+01 -2.63787E+02  3.30568E+02  2.38366E+02  3.05853E+02  3.52502E+02  6.74547E+01  3.34050E+00  1.70985E+04  0.00000E+00  6.91773E+03  8.04800E+02  2.49011E+03  1.31923E+03 -9.90328E+02 -1.05578E+02 -4.14430E+02  5.82243E+02  9.87324E+02 -1.26272E+03 -6.87906E+01 -3.49673E+03 -5.58538E+03  2.24944E+02 -1.95527E+02  1.70171E+03 -9.70498E+02 -1.52397E+03 -9.21831E+02  4.90268E+02  3.06740E+03  7.48273E+02  1.98764E+03  2.76445E+03 -8.12715E+02  2.53260E+02 -2.42298E+03 -6.89212E+02  6.38599E+02 -2.25381E+03 -3.52682E+03  1.03057E+03 -5.93971E+02  6.81791E+03  1.33679E+03 -3.13549E+03  1.19889E+03
 OMEGA(8,6)   -2.00535E+02 -7.98732E+01 -1.15861E+02  4.75996E+00  2.61194E+02  2.74744E+02 -1.25682E+02  3.06148E+01  5.18035E+03  0.00000E+00 -2.08493E+03 -9.42820E+01  6.46214E+02  8.60213E+02  6.44973E+02  3.69404E+02 -5.81162E+02  3.38859E+02 -1.10159E+02 -5.04830E+02 -1.89390E+02 -7.64190E+02 -1.27679E+03 -1.15135E+03  3.06619E+02  1.02881E+03 -1.41070E+03 -2.33850E+03 -4.89555E+02  4.23907E+02  1.83304E+03  1.04692E+03  2.52789E+02  7.65683E+02  4.20262E+02 -1.28048E+02 -4.52283E+02 -9.54623E+02  1.18536E+02 -7.03804E+02 -1.94491E+03 -2.07236E+02  3.45692E+02  1.33679E+03  2.64085E+03 -5.58442E+02  8.57722E+02
 OMEGA(8,7)   -2.40414E+02 -1.04622E+02  5.54153E+01 -4.04085E+02  1.82883E+01 -1.91759E+02 -1.35920E+02  2.72387E+02 -4.48686E+03  0.00000E+00 -1.14338E+03 -6.33928E+02 -2.18109E+03 -1.18729E+03  1.08451E+03  7.09785E+02 -4.91493E+02 -1.17250E+03 -2.41732E+03  1.19642E+03 -3.72167E+02  1.75628E+03  2.45224E+03 -8.98694E+02  6.80112E+02 -4.90862E+02  2.78640E+02  8.20334E+02  1.20289E+02  4.45788E+01 -3.44254E+02  2.73975E+01 -2.22601E+03 -3.20152E+03  1.22682E+03 -2.03698E+03  1.69772E+03  9.89216E+02 -1.53335E+03  1.91546E+03  3.60291E+03 -1.88023E+03  2.25773E+03 -3.13549E+03 -5.58442E+02  4.99104E+03 -1.86106E+03
 OMEGA(8,8)    1.50027E+02  4.07677E+02 -5.30035E+01  1.47047E+02 -6.78686E+01  1.40596E+01  2.27245E+02 -4.08396E+02  8.78009E+03  0.00000E+00 -4.31210E+02  3.57191E+02  1.77583E+03  1.32286E+03  7.74486E+01 -1.03648E+03  8.26971E+02  9.58465E+02  1.10757E+03 -2.06908E+02  9.28738E+01 -8.96313E+02 -1.33004E+03  5.63172E+02 -5.39094E+02  6.00277E+02 -5.07023E+02 -9.41834E+02  3.20300E+02  3.17931E+02  1.26907E+02 -6.10799E+01  1.10116E+03  1.61474E+03 -7.39335E+02  6.48868E+02 -1.21246E+03 -1.41209E+02  4.68087E+02 -2.53743E+03 -3.59255E+03 -4.69295E+02 -1.40453E+03  1.19889E+03  8.57722E+02 -1.86106E+03  2.90782E+03
TABLE NO.     3: NUTS Bayesian Analysis: Problem=1 Subproblem=0 Superproblem1=0 Iteration1=0 Superproblem2=0 Iteration2=0
 NAME         THETA1       THETA2       THETA3       THETA4       THETA5       THETA6       THETA7       THETA8       SIGMA(1,1)   SIGMA(2,1)   SIGMA(2,2)   OMEGA(1,1)   OMEGA(2,1)   OMEGA(2,2)   OMEGA(3,1)   OMEGA(3,2)   OMEGA(3,3)   OMEGA(4,1)   OMEGA(4,2)   OMEGA(4,3)   OMEGA(4,4)   OMEGA(5,1)   OMEGA(5,2)   OMEGA(5,3)   OMEGA(5,4)   OMEGA(5,5)   OMEGA(6,1)   OMEGA(6,2)   OMEGA(6,3)   OMEGA(6,4)   OMEGA(6,5)   OMEGA(6,6)   OMEGA(7,1)   OMEGA(7,2)   OMEGA(7,3)   OMEGA(7,4)   OMEGA(7,5)   OMEGA(7,6)   OMEGA(7,7)   OMEGA(8,1)   OMEGA(8,2)   OMEGA(8,3)   OMEGA(8,4)   OMEGA(8,5)   OMEGA(8,6)   OMEGA(8,7)   OMEGA(8,8)
 THETA1        2.41140E+02  6.63411E+01  9.70977E+00 -2.09028E+01 -3.70696E+01 -1.46516E+01  2.68377E+01 -1.12464E+02 -4.61709E+02  0.00000E+00 -8.84126E+02 -6.65803E+00  1.25516E+01  1.00361E+01  4.37168E-01  1.36981E+01 -1.92485E+01  7.12853E+00  1.99072E+01  8.06801E+00  1.28607E+01  1.24324E+00  3.55259E+00 -4.11828E+00 -4.72057E+00  2.68118E+01 -3.21409E+00  8.10315E+00  2.66032E+01 -4.52675E+00  3.43125E+01  1.53646E+01 -1.62018E+01 -3.80402E+01 -4.95627E+00  2.50135E+01 -3.22880E+00 -6.08539E+00 -2.07461E+01 -1.41719E+01 -2.04502E+01  5.71961E+01  1.66963E+00 -1.89967E+00  1.52352E+01  5.23420E+01  8.58819E+00
 THETA2        6.63411E+01  2.88050E+02  2.21612E+01 -3.39399E+00 -4.76893E+01 -2.97421E+01  9.52159E+01 -1.32102E+02  8.14252E+02  0.00000E+00 -7.92279E+02 -8.79488E+00 -2.90539E+01  6.62978E+01 -1.27097E+01 -5.44705E+01  2.53931E+01  2.13589E+00  4.28912E+01  2.73335E+00 -5.30394E+00  7.25749E+00 -1.28421E+01  1.59438E+01  1.36242E+01 -1.08359E+01  1.10437E+01 -2.43706E+01  6.00189E+01 -5.36559E+00  4.22947E+00  4.73194E+00 -5.89814E+01 -1.05806E+02 -1.10831E+00  2.70230E+00 -1.22571E+01  2.83067E+01 -1.96618E+01  3.69005E+01 -2.04564E+01 -2.40211E+00 -2.30343E+01 -2.95273E+01 -3.27333E+00  8.39721E+01 -1.24042E+01
 THETA3        9.70977E+00  2.21612E+01  4.02653E+02  1.06992E+01 -5.95054E+00 -3.43215E+01 -1.20387E+01 -7.62389E+01 -6.78710E+02  0.00000E+00  3.51898E+01  2.41278E+01 -6.87389E+00 -1.91860E+01 -7.80906E+01 -2.97847E+01  6.08654E+01  5.03215E+00  1.77622E+01 -1.28828E+02 -2.58303E+01  2.53395E+01  3.00834E+01  5.20568E+01  2.46655E+01 -1.29825E+01  1.07126E+01 -9.94419E+00  2.77852E+01  9.81394E+00 -5.77140E+01 -7.49223E+00  1.38748E+01 -2.79461E+01  5.32818E+01  2.81971E+01  2.42350E+01  7.12717E-01  2.25283E-01 -1.26590E+01  2.92447E+01  1.24907E+00  3.29800E+01 -7.29029E+01 -5.36744E+01 -1.51702E+01 -3.91824E+00
 THETA4       -2.09028E+01 -3.39399E+00  1.06992E+01  2.21143E+02  8.18772E+00 -3.03750E+01  5.97522E+01 -5.83640E+01  5.67755E+01  0.00000E+00  1.07296E+02 -1.10786E+01 -6.29384E+01 -1.46699E+01 -2.10599E+01 -2.14546E+01  1.84807E+01  5.23707E+00 -8.26117E-01 -4.74616E+01 -2.15709E+01 -3.16543E+01  4.29719E+00  2.82932E+01 -9.55609E+00  1.20695E+01  7.42168E+00  5.27394E-01 -1.15907E+00 -3.66837E+01 -1.76023E+01  1.11759E+00 -4.08697E+01 -3.54969E+00  1.80957E+01  5.54499E+00 -6.13372E+00 -3.72241E+01  6.71767E+00  2.56445E+01  3.88892E+01 -5.00713E+00 -1.56377E-01  1.68270E+01 -3.21135E+00 -1.72149E+01  1.18935E+00
 THETA5       -3.70696E+01 -4.76893E+01 -5.95054E+00  8.18772E+00  2.84105E+02  5.11499E+01 -3.89155E+01  5.65538E+01 -1.04575E+03  0.00000E+00  4.08793E+02 -5.65102E+00  1.11804E+01 -2.51321E+01  1.68311E+01  1.89410E+01 -2.92491E+00 -7.35394E-01 -3.79000E+01 -2.97872E+00  1.05916E+01 -3.55614E+01 -1.69039E+01 -4.95587E+01  5.14286E+00  2.48135E+01 -1.24221E+01  3.49499E+00 -6.99486E+00 -3.57997E-01 -1.51585E+01  3.16227E+00  2.97957E+01  1.80045E+01  1.41943E+01  3.56537E+00  1.01542E+01 -5.56014E+00 -1.88698E+01  6.51928E+00 -2.67971E+00  6.06035E+00 -8.97597E+00  2.14639E+01  1.32714E+01 -2.10629E+01  1.80890E+01
 THETA6       -1.46516E+01 -2.97421E+01 -3.43215E+01 -3.03750E+01  5.11499E+01  2.46845E+02 -5.78970E+01  8.30175E+01 -1.08468E+03  0.00000E+00  5.93520E+02 -8.63272E-01  1.99659E+01 -1.48959E+01  2.04356E+01  6.47152E+00 -1.03033E+01  2.19910E+01 -2.75271E+01 -1.59006E+01  9.25649E+00  6.30150E+00 -2.04059E+01 -2.12358E+01 -4.06982E-01  1.54762E+01 -4.89527E-01 -1.75091E+01  4.59793E+01 -7.55337E+00 -1.17741E+01 -1.69159E+01  2.43302E+01 -1.18891E+01 -2.91163E+01 -2.67158E+01 -6.34507E+00  2.53282E+01 -1.54340E+01  1.20484E+00  4.27492E+00 -2.10555E+01 -4.72906E+01 -6.75850E+00 -1.57424E+01  4.20486E+00 -1.44224E+01
 THETA7        2.68377E+01  9.52159E+01 -1.20387E+01  5.97522E+01 -3.89155E+01 -5.78970E+01  3.08254E+02 -1.29096E+02  5.25199E+02  0.00000E+00 -9.80177E+02 -2.82621E+01 -1.84343E+01  2.45854E+01 -1.61801E+01  1.38795E+01  2.18929E+01  1.89852E+00 -9.06512E+00  3.31402E+01 -3.09523E+01 -2.89670E+01 -9.33885E-01 -1.14731E+01 -7.10422E+00 -8.05442E+00  4.36435E-01  1.62653E+01  1.42592E+01  2.16744E-01  4.10609E+01  3.87965E+00 -5.84694E+01 -4.60140E+01  5.10083E-01 -1.23095E+01 -2.29438E+01  9.09537E+00 -9.04072E-01  4.79039E+01  2.26428E-01  5.16475E+00  5.02379E+00  4.04747E+01 -2.88173E+01  2.65141E+01 -2.59844E+01
 THETA8       -1.12464E+02 -1.32102E+02 -7.62389E+01 -5.83640E+01  5.65538E+01  8.30175E+01 -1.29096E+02  4.03191E+02 -1.42254E+02  0.00000E+00  8.19593E+02  1.58348E+01  7.25474E+01 -1.17781E+01  3.42733E+01  4.93443E+01 -3.21556E+01 -4.23176E+00 -4.61640E+01  2.01589E+01  1.18672E+01  2.00531E+01  1.85715E+00 -1.03374E+01  5.31475E+00 -1.87346E+01  2.01807E+01  4.72930E+01 -4.64173E+01  1.80060E+01 -2.93216E+01 -1.40248E+01  4.67529E+01  2.68252E+01  1.90658E+00 -1.99071E+01 -1.25750E-01  3.10371E+01  1.24098E+01 -4.27753E+01 -2.99409E+01 -1.79221E+01 -8.78548E+00 -2.88684E+01 -5.49580E+00 -4.54405E+01 -5.11842E+00
 SIGMA(1,1)   -4.61709E+02  8.14252E+02 -6.78710E+02  5.67755E+01 -1.04575E+03 -1.08468E+03  5.25199E+02 -1.42254E+02  2.49672E+06  0.00000E+00 -2.96282E+04 -5.89785E+02 -1.62013E+00  1.67455E+03  1.28459E+03  5.70611E+03  6.99908E+02 -5.70014E+02 -1.31497E+03  1.09183E+03  3.20551E+02  5.84492E+02  2.59253E+03  9.51886E+02 -3.42842E+02  1.54368E+02  1.71391E+02  2.16389E+03  9.35179E+02  1.27131E+03  1.46142E+01 -1.18052E+03 -2.23983E+03 -2.46429E+03 -8.44510E+02  3.76172E+03  4.05919E+03 -1.61907E+03  6.98559E+02 -7.30075E+02 -7.73469E+02 -1.41879E+03  2.44806E+03 -1.19214E+03 -3.22073E+03  1.29919E+03 -3.01809E+03
 SIGMA(2,1)    0.00000E+00  0.00000E+00  0.00000E+00  0.00000E+00  0.00000E+00  0.00000E+00  0.00000E+00  0.00000E+00  0.00000E+00  0.00000E+00  0.00000E+00  0.00000E+00  0.00000E+00  0.00000E+00  0.00000E+00  0.00000E+00  0.00000E+00  0.00000E+00  0.00000E+00  0.00000E+00  0.00000E+00  0.00000E+00  0.00000E+00  0.00000E+00  0.00000E+00  0.00000E+00  0.00000E+00  0.00000E+00  0.00000E+00  0.00000E+00  0.00000E+00  0.00000E+00  0.00000E+00  0.00000E+00  0.00000E+00  0.00000E+00  0.00000E+00  0.00000E+00  0.00000E+00  0.00000E+00  0.00000E+00  0.00000E+00  0.00000E+00  0.00000E+00  0.00000E+00  0.00000E+00  0.00000E+00
 SIGMA(2,2)   -8.84126E+02 -7.92279E+02  3.51898E+01  1.07296E+02  4.08793E+02  5.93520E+02 -9.80177E+02  8.19593E+02 -2.96282E+04  0.00000E+00  7.66268E+05 -3.03311E+02 -4.74072E+02  8.21252E+01 -2.41568E+03 -1.00198E+03  6.07735E+02  5.66968E+02  9.02607E+02 -9.59233E+02  8.45507E+02  5.98722E+02  8.72690E+02  2.89021E+03 -1.49861E+03  7.12975E+02  1.26441E+03  7.15296E+02  4.09308E+02 -1.17956E+03  7.63364E+02  4.62992E+02  1.12000E+03  2.04561E+03 -2.44991E+03  1.81871E+03 -2.16329E+03  5.90557E+02  2.50314E+02  1.08282E+02 -6.68214E+02  2.21320E+03 -9.44551E+01 -8.47136E+02 -1.02210E+03  4.37345E+02 -5.79319E+02
 OMEGA(1,1)   -6.65803E+00 -8.79488E+00  2.41278E+01 -1.10786E+01 -5.65102E+00 -8.63272E-01 -2.82621E+01  1.58348E+01 -5.89785E+02  0.00000E+00 -3.03311E+02  4.11427E+02  2.29590E+02  1.68784E+01  3.31778E+01 -1.09629E+01  3.53994E+01 -1.66519E+01  4.73193E+01  3.67668E+01 -2.62558E+01 -1.22635E+02 -2.92339E+01 -3.76491E+01 -2.08842E+01 -1.50449E+01 -4.17716E+01 -1.96937E+01 -3.37723E+01 -3.45526E+01 -1.87039E+01 -1.82080E+01  6.91330E+01  3.52660E+01  4.16646E+01  1.98771E+01  2.95819E+01 -1.45622E+01 -1.23462E+01 -2.83399E+02  2.23136E+00 -1.03488E+01 -1.73168E+01 -3.80119E+01  3.45049E+00 -1.32506E+01  8.84854E+00
 OMEGA(2,1)    1.25516E+01 -2.90539E+01 -6.87389E+00 -6.29384E+01  1.11804E+01  1.99659E+01 -1.84343E+01  7.25474E+01 -1.62013E+00  0.00000E+00 -4.74072E+02  2.29590E+02  1.62891E+03  3.05576E+02  1.82569E+02 -4.67032E+01 -1.87086E+01 -9.51309E+00  1.36312E+02  9.57379E+01  2.49141E+01 -1.28327E+02 -7.81733E+01  5.82319E+01 -7.65978E+01 -1.34977E+01 -1.70186E+02 -1.43815E+02 -6.15339E+00 -2.66317E+01  3.86489E+01  4.64582E+00  3.22227E+02  1.09190E+02 -4.55036E+00  1.15067E+02 -3.15753E+01 -1.13246E+01  8.97192E+00 -4.67950E+02 -5.72913E+02  3.44963E+01 -2.06107E+02  3.00500E+01  4.13308E+01 -1.36543E+02  5.41999E+01
 OMEGA(2,2)    1.00361E+01  6.62978E+01 -1.91860E+01 -1.46699E+01 -2.51321E+01 -1.48959E+01  2.45854E+01 -1.17781E+01  1.67455E+03  0.00000E+00  8.21252E+01  1.68784E+01  3.05576E+02  6.82762E+02  9.39061E+01  1.51163E+02  1.06951E+01  1.47566E+01  9.93255E-01  1.43207E+01  5.88706E+00  3.21921E+01 -1.83620E+02  1.58577E+01 -4.81220E+01 -2.51637E+01 -3.91450E+01 -1.64089E+02 -3.20199E+01  4.48131E+00  1.37222E+01  2.14367E+01  4.20721E+01  4.65311E+02  3.79291E+01 -3.19177E+00 -9.10422E+01 -3.19619E+01  5.45971E+01 -1.13743E+02 -6.14439E+02 -9.52384E+01 -2.84232E+01  8.34093E+01  9.35240E+01 -9.81027E+01  7.87230E+01
