TABLE NO.     1: Iterative Two Stage (No Prior): Problem=1 Subproblem=0 Superproblem1=0 Iteration1=0 Superproblem2=0 Iteration2=0
 NAME         THETA1       THETA2       THETA3       THETA4       THETA5       THETA6       THETA7       THETA8       SIGMA(1,1)   SIGMA(2,1)   SIGMA(2,2)   OMEGA(1,1)   OMEGA(2,1)   OMEGA(2,2)   OMEGA(3,1)   OMEGA(3,2)   OMEGA(3,3)   OMEGA(4,1)   OMEGA(4,2)   OMEGA(4,3)   OMEGA(4,4)   OMEGA(5,1)   OMEGA(5,2)   OMEGA(5,3)   OMEGA(5,4)   OMEGA(5,5)   OMEGA(6,1)   OMEGA(6,2)   OMEGA(6,3)   OMEGA(6,4)   OMEGA(6,5)   OMEGA(6,6)   OMEGA(7,1)   OMEGA(7,2)   OMEGA(7,3)   OMEGA(7,4)   OMEGA(7,5)   OMEGA(7,6)   OMEGA(7,7)   OMEGA(8,1)   OMEGA(8,2)   OMEGA(8,3)   OMEGA(8,4)   OMEGA(8,5)   OMEGA(8,6)   OMEGA(8,7)   OMEGA(8,8)
 THETA1        3.14651E+02  1.70079E+02 -5.24135E+01 -3.16614E+01 -8.65504E+01 -2.44957E+01  6.15094E+01 -2.09922E+02 -1.56806E+03  0.00000E+00 -2.72339E+03  8.89502E+01  1.15539E+02  1.14392E+02 -2.20827E+02  1.35711E+01 -1.17924E+02  5.59464E+01  4.87891E+02  1.17081E+02  6.18373E+01  6.84254E+01  8.62847E+01 -1.76979E+02 -1.08345E+02 -2.00517E+02  2.27951E+02  6.26333E+00 -2.66929E+01  6.98474E+01 -3.21076E+02 -1.35613E+02  1.79342E+02  2.60114E+02  1.76219E+02  1.45112E+02  1.05467E+01  1.49221E+02  5.61875E+01 -1.05605E+02 -4.06760E+02  1.55649E+02 -1.80743E+02 -5.61769E+01 -1.93333E+02 -2.61382E+02  1.70500E+02
 THETA2        1.70079E+02  4.34876E+02  2.04817E+01 -1.77521E+01 -1.25287E+02 -6.73323E+01  1.62290E+02 -2.86724E+02  6.75503E+03  0.00000E+00 -3.30458E+03  4.17579E+01  8.86228E+01  2.02463E+02 -3.45225E+01 -1.23852E+02 -6.16497E+01  4.85215E+02  6.53374E+02 -9.21597E+01 -1.62793E+01  1.44675E+02  3.94544E+01 -1.26517E+02 -8.93088E+01 -1.23090E+02  5.40329E+01 -4.50405E+01  1.61705E+02  1.12980E+02 -4.08229E+02 -2.03741E+02  2.07567E+02  2.17384E+02 -2.64588E+02  2.26418E+02  1.34683E+02  3.37500E+02  7.99696E+01 -2.99519E+02 -5.09326E+02  2.59606E+02 -5.08449E+02 -2.20405E+02 -7.30291E+01 -1.47753E+02  4.21555E+02
 THETA3       -5.24135E+01  2.04817E+01  5.36193E+02  5.83704E+01 -8.10027E+00 -7.75239E+01 -1.33621E+01 -1.05308E+02 -1.75165E+03  0.00000E+00  2.56164E+03 -1.00192E+02  4.29498E+01  1.90655E+01 -2.74414E+02 -1.67068E+02  5.79676E+01  1.07878E+02 -1.01376E+02  3.80199E+01 -1.82035E+02 -1.82006E+02 -1.96291E+02  6.11571E+01  9.18395E+01  1.30780E+02 -2.44616E+01  1.13062E+02  9.43433E+01  1.34638E+02  9.37729E+01  1.33239E+01  1.88148E+02 -1.97198E+02 -2.42727E+01 -1.85176E+02  1.01966E+02  1.64499E+02 -1.26803E+02  1.38486E+02  1.34701E+02 -1.67037E+02  1.90060E+02  3.39988E+02 -1.03170E+02  4.74277E+01 -4.08123E+01
 THETA4       -3.16614E+01 -1.77521E+01  5.83704E+01  2.83519E+02  2.33704E+01 -5.39025E+01  1.11468E+02 -9.53715E+01 -1.21362E+03  0.00000E+00  4.37348E+03  2.19687E+01  4.35330E+02  2.66349E+02  5.58226E+01 -9.43807E+01  1.54863E+02  8.67788E+01 -5.39687E+01 -2.57563E+02  1.43045E+02 -9.70188E+01 -6.21258E+01  9.64559E+01 -1.90039E+02  6.14723E+01  9.12181E+01  1.24503E+02  6.30222E+01 -1.15576E+02  1.53277E+02  3.09612E+01  1.15439E+02  1.76234E+02 -1.57952E+02  2.40584E+02 -2.29755E+02 -1.54205E+02  1.11587E+02 -1.21670E+02 -4.10936E+02  1.20396E+02 -2.05491E+02  2.55808E+02  1.38019E+01 -4.30762E+02  1.59967E+02
 THETA5       -8.65504E+01 -1.25287E+02 -8.10027E+00  2.33704E+01  3.63676E+02  1.18016E+02 -9.17881E+01  1.27650E+02 -2.95820E+03  0.00000E+00  2.12594E+03  2.20370E+01  7.99776E+01 -5.85439E+01 -1.51279E+02 -1.62725E+02 -7.58552E+00 -1.03613E+02 -9.28449E+01  7.59276E+01 -1.09183E+02 -4.23812E+02 -2.00651E+02  2.49165E+02  1.27383E+02  2.24094E+02 -3.36548E+02 -3.51214E+02  1.06091E+02  1.56252E+02  2.11455E+02  3.72896E+01  1.45752E+01  8.13158E+01  1.17890E+02 -2.51146E+02 -3.50776E+02 -7.37223E+01 -6.14894E+01 -4.70766E+01 -8.58676E+01  3.25199E+02  2.85184E+02  2.74018E+02  2.38875E+02  3.66822E+01 -8.64366E+01
 THETA6       -2.44957E+01 -6.73323E+01 -7.75239E+01 -5.39025E+01  1.18016E+02  2.83587E+02 -8.61741E+01  1.49419E+02  1.72995E+03  0.00000E+00  8.52329E+02  1.15295E+02  4.57350E+01 -3.50810E+01  1.26441E+01  1.75957E+02  1.03669E+01  8.17804E+01  1.13716E+02  1.04678E+02 -6.08143E+01 -3.66895E+02 -4.23504E+02  6.18834E+01  1.43852E+02  1.38956E+02 -3.16997E+02 -4.26623E+02  3.22676E+01  3.76464E+01  1.63650E+02  7.88148E+01  1.70236E+02  3.23450E+02  1.79226E+02 -1.61787E+02 -1.10455E+02 -2.03129E+02  3.13688E+01 -2.40262E+02 -6.94680E+01 -1.28392E+02  1.14062E+01  3.27494E+02  2.52692E+02 -1.84200E+02  1.30790E+01
 THETA7        6.15094E+01  1.62290E+02 -1.33621E+01  1.11468E+02 -9.17881E+01 -8.61741E+01  3.71985E+02 -2.31642E+02  9.45282E+03  0.00000E+00 -1.53144E+03  1.17338E+02  3.74274E+02  3.03484E+02  1.84144E+02 -2.08997E+02 -1.53332E+00  1.31195E+02  2.02855E+02 -1.87309E+02  1.17346E+02 -1.81256E+01 -1.08850E+01  9.78146E+01 -2.32948E+02 -1.64929E+02  1.28327E+02  2.21429E+02  1.57509E+02 -1.42177E+02 -7.34829E+01 -9.17469E+01  1.33289E+02  2.73323E+02 -2.55754E+02  2.33218E+02 -1.28974E+02  5.23179E+01  1.51163E+02 -3.42969E+02 -4.54004E+02  5.29383E+01 -4.42290E+02  8.91111E+01 -1.15001E+02 -1.78760E+02  2.55179E+02
 THETA8       -2.09922E+02 -2.86724E+02 -1.05308E+02 -9.53715E+01  1.27650E+02  1.49419E+02 -2.31642E+02  5.69128E+02 -2.88255E+03  0.00000E+00  4.07226E+03 -4.97851E+01 -3.62187E+02 -3.46030E+02  1.98620E+02  2.51090E+02 -1.29405E+02 -1.65246E+02 -4.98447E+02  1.49959E+02 -1.08453E+02 -1.02980E+02 -1.79793E+02  2.97980E+02  2.75366E+02  1.64525E+02 -2.39043E+02 -4.76255E+01 -1.05523E+02  1.42291E+01  3.10682E+02  1.17440E+02 -2.33968E+02 -2.13592E+02  7.38953E+01 -4.70374E+02 -2.12113E+00 -1.79566E+02 -6.10642E+01  2.71459E+02  9.42781E+02 -1.38888E+02  3.89058E+02 -4.59273E+01  1.69674E+01  3.24612E+02 -4.45271E+02
 SIGMA(1,1)   -1.56806E+03  6.75503E+03 -1.75165E+03 -1.21362E+03 -2.95820E+03  1.72995E+03  9.45282E+03 -2.88255E+03  2.41732E+06  0.00000E+00  1.84150E+05  5.64890E+03  1.77841E+04  2.34873E+04  1.77652E+04  1.26123E+04 -9.86624E+03  6.96765E+03 -1.93184E+04 -5.12554E+02  1.04662E+04 -8.65108E+03 -1.55335E+04 -9.18476E+03 -9.75877E+03 -6.84835E+00 -4.93455E+03  1.89371E+04 -8.21963E+03 -2.08037E+04  2.41671E+04  1.09680E+04  1.05027E+04  7.02952E+03  4.44388E+02  6.28984E+03 -1.64404E+04 -2.72616E+03  6.65118E+03 -1.92056E+04 -9.50124E+03 -1.49781E+04 -1.33938E+04  1.72573E+04  5.02674E+03 -5.51262E+03  9.28387E+03
 SIGMA(2,1)    0.00000E+00  0.00000E+00  0.00000E+00  0.00000E+00  0.00000E+00  0.00000E+00  0.00000E+00  0.00000E+00  0.00000E+00  0.00000E+00  0.00000E+00  0.00000E+00  0.00000E+00  0.00000E+00  0.00000E+00  0.00000E+00  0.00000E+00  0.00000E+00  0.00000E+00  0.00000E+00  0.00000E+00  0.00000E+00  0.00000E+00  0.00000E+00  0.00000E+00  0.00000E+00  0.00000E+00  0.00000E+00  0.00000E+00  0.00000E+00  0.00000E+00  0.00000E+00  0.00000E+00  0.00000E+00  0.00000E+00  0.00000E+00  0.00000E+00  0.00000E+00  0.00000E+00  0.00000E+00  0.00000E+00  0.00000E+00  0.00000E+00  0.00000E+00  0.00000E+00  0.00000E+00  0.00000E+00
 SIGMA(2,2)   -2.72339E+03 -3.30458E+03  2.56164E+03  4.37348E+03  2.12594E+03  8.52329E+02 -1.53144E+03  4.07226E+03  1.84150E+05  0.00000E+00  8.39899E+05  6.34694E+03  6.54724E+03  2.73618E+02 -6.11220E+03 -2.25663E+03  2.39145E+03 -8.91476E+03 -1.89642E+04  2.14298E+03  3.27295E+03 -6.17050E+03 -6.15301E+03  1.57078E+04  6.11923E+03  3.74679E+03  5.46146E+03  9.77536E+03  4.22424E+03 -3.11092E+03  7.82872E+02 -2.24611E+03  7.34176E+02 -5.43706E+03 -7.91529E+03 -6.84951E+03 -9.78678E+03  3.06997E+02 -9.29974E+02 -2.39390E+03  1.31653E+04 -5.91448E+03  6.99649E+03  7.33757E+03 -1.73185E+03 -1.41416E+03  3.68513E+01
 OMEGA(1,1)    8.89502E+01  4.17579E+01 -1.00192E+02  2.19687E+01  2.20370E+01  1.15295E+02  1.17338E+02 -4.97851E+01  5.64890E+03  0.00000E+00  6.34694E+03  1.01804E+03  9.59124E+02  4.10501E+02 -9.01192E+02 -5.63108E+02  8.55150E+00 -2.92203E+02  2.53462E+02  3.03408E+00  2.17060E+02 -7.55014E+02 -6.86500E+02  6.39682E+02 -1.60986E+02  1.46334E+02  1.64882E+02 -4.88092E+01  4.64329E+00 -2.27228E+02  1.00022E+02  7.92186E+00  5.91144E+02  6.90267E+02 -7.27877E+02  1.86914E+02 -6.08657E+02  2.48362E+01  1.81761E+02 -1.20007E+03 -1.03826E+03  9.32813E+02 -1.36930E+02  8.72345E+02 -8.67004E+01 -7.20167E+02  4.09915E+02
 OMEGA(2,1)    1.15539E+02  8.86228E+01  4.29498E+01  4.35330E+02  7.99776E+01  4.57350E+01  3.74274E+02 -3.62187E+02  1.77841E+04  0.00000E+00  6.54724E+03  9.59124E+02  3.64167E+03  2.19625E+03 -8.28800E+02 -1.03106E+03 -1.26402E+01  4.01865E+02  4.74633E+02 -4.78294E+02  5.15600E+02 -1.84002E+03 -1.92982E+03  8.97150E+02 -9.23060E+02  8.03951E+02 -3.81303E+02 -4.14201E+02  1.49921E+02 -1.84118E+02  7.01575E+02  1.84304E+02  2.13173E+03  2.21197E+03 -7.09723E+02  1.09930E+03 -1.81008E+03 -4.85472E+02  6.35639E+02 -3.07343E+03 -4.46606E+03  1.48999E+03 -8.74861E+02  2.61624E+03  6.04367E+02 -2.43939E+03  1.89222E+03
 OMEGA(2,2)    1.14392E+02  2.02463E+02  1.90655E+01  2.66349E+02 -5.85439E+01 -3.50810E+01  3.03484E+02 -3.46030E+02  2.34873E+04  0.00000E+00  2.73618E+02  4.10501E+02  2.19625E+03  1.94029E+03 -2.20351E+02 -3.16274E+02 -2.91911E+02  2.13213E+02 -4.70757E+01 -3.41566E+02  4.78838E+02 -8.47798E+02 -1.16264E+03 -3.71753E+01 -4.45623E+02  5.84273E+02 -1.92785E+02 -4.48062E+02  2.62110E+01 -3.67612E+02  4.91684E+02  2.58840E+02  1.10191E+03  1.32204E+03 -3.12479E+02  8.14311E+02 -9.97382E+02 -5.17034E+02  4.54337E+02 -1.84934E+03 -3.17522E+03  7.66230E+02 -7.01617E+02  1.37978E+03  7.56257E+02 -1.33921E+03  1.35838E+03
 OMEGA(3,1)   -2.20827E+02 -3.45225E+01 -2.74414E+02  5.58226E+01 -1.51279E+02  1.26441E+01  1.84144E+02  1.98620E+02  1.77652E+04  0.00000E+00 -6.11220E+03 -9.01192E+02 -8.28800E+02 -2.20351E+02  3.52327E+03  1.77423E+03  3.12421E+02  3.16187E+02 -4.23992E+02 -1.45914E+02 -3.18392E+02  1.08139E+03  6.06328E+02 -9.24510E+02  1.17604E+02 -4.08313E+02 -5.83368E+02 -2.67272E+02  2.36215E+02  1.26452E+02  5.63322E+02  1.66823E+02 -1.48074E+03 -6.32188E+02  1.03370E+03 -3.02238E+02  6.98228E+02 -5.15458E+02 -1.83463E+02  1.00680E+03  1.05268E+03 -3.63146E+03 -8.65699E+01 -1.02168E+03  5.96019E+02  1.13817E+03  6.10403E+01
 OMEGA(3,2)    1.35711E+01 -1.23852E+02 -1.67068E+02 -9.43807E+01 -1.62725E+02  1.75957E+02 -2.08997E+02  2.51090E+02  1.26123E+04  0.00000E+00 -2.25663E+03 -5.63108E+02 -1.03106E+03 -3.16274E+02  1.77423E+03  3.56246E+03 -8.06710E+01 -4.13416E+02 -3.66316E+02  1.99635E+02 -1.51000E+02  8.51422E+02 -1.60705E+02 -1.88788E+03  7.88585E+02 -3.64288E+02 -6.03413E+01 -6.09478E+02 -6.48415E+02  1.47802E+02  6.76707E+02  8.73902E+01 -8.52559E+02 -9.65942E+02  2.47887E+03 -3.62209E+02  1.30161E+03 -4.84839E+02 -4.29195E+02  1.51499E+03  1.39091E+03 -2.96789E+03  7.46661E+02 -1.83957E+02  3.04692E+02  8.04791E+02 -1.02274E+03
 OMEGA(3,3)   -1.17924E+02 -6.16497E+01  5.79676E+01  1.54863E+02 -7.58552E+00  1.03669E+01 -1.53332E+00 -1.29405E+02 -9.86624E+03  0.00000E+00  2.39145E+03  8.55150E+00 -1.26402E+01 -2.91911E+02  3.12421E+02 -8.06710E+01  2.85549E+03  1.00664E+02  2.45178E+02  6.45018E+02  1.33321E+02  1.11980E+02 -1.22609E+02  8.32280E+02  2.98152E+02 -2.12410E+01  4.32382E+02  1.30396E+02 -8.73373E+01  3.74912E+01 -1.95810E+02 -3.37037E+02  1.55038E+02  3.72554E+02 -6.12989E+01  2.39660E+02 -3.87470E+02 -6.60364E+01  1.01645E+02 -4.66436E+02  1.05190E+02 -2.56422E+03 -6.32133E+02 -3.97753E+02 -5.44411E+02 -4.88671E+02  8.79753E+02
 OMEGA(4,1)    5.59464E+01  4.85215E+02  1.07878E+02  8.67788E+01 -1.03613E+02  8.17804E+01  1.31195E+02 -1.65246E+02  6.96765E+03  0.00000E+00 -8.91476E+03 -2.92203E+02  4.01865E+02  2.13213E+02  3.16187E+02 -4.13416E+02  1.00664E+02  2.68235E+03  1.97514E+03 -7.73386E+02 -3.18900E+02 -2.09693E+02 -8.58713E+02  5.74174E+01 -4.40110E+02  9.97837E+01 -7.99648E+02 -3.07816E+02  9.25787E+01  5.18461E+02 -1.48827E+01 -1.85376E+02  1.12075E+03  1.52610E+03 -3.56638E+02  5.98939E+02 -1.83063E+02  1.31885E+02  5.14393E+02 -9.62842E+02 -1.15553E+03 -1.21228E+02 -1.84256E+03  6.12201E+02  3.31632E+02 -1.29692E+03  1.03177E+03
 OMEGA(4,2)    4.87891E+02  6.53374E+02 -1.01376E+02 -5.39687E+01 -9.28449E+01  1.13716E+02  2.02855E+02 -4.98447E+02 -1.93184E+04  0.00000E+00 -1.89642E+04  2.53462E+02  4.74633E+02 -4.70757E+01 -4.23992E+02 -3.66316E+02  2.45178E+02  1.97514E+03  4.42006E+03 -1.68027E+02 -4.11281E+02 -8.63009E+02 -7.17718E+02  7.36923E+02 -2.95633E+02 -2.43398E+02 -3.07622E+02 -1.10458E+03  8.81305E+01  6.42269E+02 -9.76936E+02 -5.62184E+02  1.55057E+03  2.81113E+03 -2.76569E+02  1.14616E+03 -2.20826E+02  2.37147E+02  7.51957E+02 -1.23463E+03 -2.32230E+03  6.51410E+02 -2.34148E+03  1.06097E+03 -9.98803E+01 -2.54447E+03  1.20533E+03
 OMEGA(4,3)    1.17081E+02 -9.21597E+01  3.80199E+01 -2.57563E+02  7.59276E+01  1.04678E+02 -1.87309E+02  1.49959E+02 -5.12554E+02  0.00000E+00  2.14298E+03  3.03408E+00 -4.78294E+02 -3.41566E+02 -1.45914E+02  1.99635E+02  6.45018E+02 -7.73386E+02 -1.68027E+02  2.93409E+03  1.26431E+02  1.73397E+02  9.16931E+02  9.81633E+02  5.05250E+02 -1.82410E+02  2.27537E+02  2.07343E+02 -2.18725E+02 -2.38282E+02 -1.68120E+02  9.61246E+00 -3.85447E+02 -3.74661E+02  1.33902E+03 -7.99323E+02  2.79545E+02  2.52204E+02 -6.44886E+02  1.84359E+02  8.48997E+02 -1.72624E+03  2.20287E+02 -1.26309E+03 -5.11897E+02  1.21542E+03 -1.93232E+02
 OMEGA(4,4)    6.18373E+01 -1.62793E+01 -1.82035E+02  1.43045E+02 -1.09183E+02 -6.08143E+01  1.17346E+02 -1.08453E+02  1.04662E+04  0.00000E+00  3.27295E+03  2.17060E+02  5.15600E+02  4.78838E+02 -3.18392E+02 -1.51000E+02  1.33321E+02 -3.18900E+02 -4.11281E+02  1.26431E+02  7.55199E+02  2.12814E+01  2.09084E+02  2.99929E+02 -1.58723E+02 -1.22926E+02  3.68445E+02  5.23451E+02  1.00878E+01 -5.88103E+02 -2.51574E+01  4.92190E+01  9.43060E+01  9.09876E+01 -3.30089E+02  6.78706E+02 -1.55449E+02 -1.76189E+02  1.80511E+02 -2.68797E+02 -3.49935E+02  3.51404E+02 -4.55442E+02 -5.98603E+01 -1.76694E+02 -3.70491E+02  9.68588E+01
 OMEGA(5,1)    6.84254E+01  1.44675E+02 -1.82006E+02 -9.70188E+01 -4.23812E+02 -3.66895E+02 -1.81256E+01 -1.02980E+02 -8.65108E+03  0.00000E+00 -6.17050E+03 -7.55014E+02 -1.84002E+03 -8.47798E+02  1.08139E+03  8.51422E+02  1.11980E+02 -2.09693E+02 -8.63009E+02  1.73397E+02  2.12814E+01  2.86463E+03  2.94355E+03 -1.22209E+03 -6.32286E+00 -1.18441E+03  8.71198E+02  9.65569E+02  2.17062E+02 -1.86909E+02 -1.22876E+03 -3.36222E+02 -1.71971E+03 -1.95700E+03  7.53968E+02  7.11294E+01  1.76460E+03  3.48979E+02 -3.83518E+02  2.11783E+03  2.47096E+03 -1.35577E+03  3.92674E+02 -3.61878E+03 -7.33023E+02  1.90629E+03 -9.71320E+02
 OMEGA(5,2)    8.62847E+01  3.94544E+01 -1.96291E+02 -6.21258E+01 -2.00651E+02 -4.23504E+02 -1.08850E+01 -1.79793E+02 -1.55335E+04  0.00000E+00 -6.15301E+03 -6.86500E+02 -1.92982E+03 -1.16264E+03  6.06328E+02 -1.60705E+02 -1.22609E+02 -8.58713E+02 -7.17718E+02  9.16931E+02  2.09084E+02  2.94355E+03  5.90243E+03 -5.49650E+02 -6.06859E+02 -1.65908E+03  1.00495E+03  1.78061E+03  4.42913E+02 -1.12836E+03 -2.44249E+03 -2.86546E+02 -2.03123E+03 -2.56476E+03  1.14319E+03  1.43743E+02  2.10767E+03  5.28042E+02 -7.49701E+02  2.42938E+03  2.80641E+03 -2.30018E+02  7.81992E+02 -5.51979E+03 -1.16483E+03  2.61896E+03 -1.43853E+03
 OMEGA(5,3)   -1.76979E+02 -1.26517E+02  6.11571E+01  9.64559E+01  2.49165E+02  6.18834E+01  9.78146E+01  2.97980E+02 -9.18476E+03  0.00000E+00  1.57078E+04  6.39682E+02  8.97150E+02 -3.71753E+01 -9.24510E+02 -1.88788E+03  8.32280E+02  5.74174E+01  7.36923E+02  9.81633E+02  2.99929E+02 -1.22209E+03 -5.49650E+02  4.12508E+03  4.75290E+01  1.56576E+02  3.63321E+02  6.73429E+02  1.08638E+03  3.05540E+01 -1.26414E+03 -8.16742E+02  7.97512E+02  1.22559E+03 -1.84193E+03  2.00448E+02 -1.06046E+03  3.29717E+02  4.27552E+02 -1.32428E+03 -3.06639E+02  8.75351E+02 -1.09002E+03  2.62217E+02 -1.08810E+03 -9.39491E+02  5.77575E+02
 OMEGA(5,4)   -1.08345E+02 -8.93088E+01  9.18395E+01 -1.90039E+02  1.27383E+02  1.43852E+02 -2.32948E+02  2.75366E+02 -9.75877E+03  0.00000E+00  6.11923E+03 -1.60986E+02 -9.23060E+02 -4.45623E+02  1.17604E+02  7.88585E+02  2.98152E+02 -4.40110E+02 -2.95633E+02  5.05250E+02 -1.58723E+02 -6.32286E+00 -6.06859E+02  4.75290E+01  1.58729E+03  2.00651E+02 -8.99409E+01 -9.97143E+02  6.43957E+01  6.48182E+02  9.17186E+01 -5.45695E+01 -1.91145E+02 -2.80367E+02  2.01092E+02 -8.97531E+02  2.98026E+02 -1.03019E+02 -2.04211E+02  6.61342E+02  1.16085E+03 -1.05717E+03  6.55512E+02 -1.85212E+02  2.91185E+02  7.38016E+02 -5.83125E+02
 OMEGA(5,5)   -2.00517E+02 -1.23090E+02  1.30780E+02  6.14723E+01  2.24094E+02  1.38956E+02 -1.64929E+02  1.64525E+02 -6.84835E+00  0.00000E+00  3.74679E+03  1.46334E+02  8.03951E+02  5.84273E+02 -4.08313E+02 -3.64288E+02 -2.12410E+01  9.97837E+01 -2.43398E+02 -1.82410E+02 -1.22926E+02 -1.18441E+03 -1.65908E+03  1.56576E+02  2.00651E+02  1.18641E+03 -5.71579E+02 -1.00916E+03 -3.23917E+02  2.49050E+02  1.24888E+03  5.75154E+02  7.19173E+02  5.24441E+02 -4.61215E+02 -2.83489E+02 -7.82641E+02 -3.27824E+02  5.70159E+01 -1.00657E+03 -1.51173E+03  5.04574E+02  2.66929E+02  1.66266E+03  9.58707E+02 -5.37790E+02  6.09567E+02
 OMEGA(6,1)    2.27951E+02  5.40329E+01 -2.44616E+01  9.12181E+01 -3.36548E+02 -3.16997E+02  1.28327E+02 -2.39043E+02 -4.93455E+03  0.00000E+00  5.46146E+03  1.64882E+02 -3.81303E+02 -1.92785E+02 -5.83368E+02 -6.03413E+01  4.32382E+02 -7.99648E+02 -3.07622E+02  2.27537E+02  3.68445E+02  8.71198E+02  1.00495E+03  3.63321E+02 -8.99409E+01 -5.71579E+02  1.83130E+03  1.23796E+03 -1.34441E+02 -5.93846E+02 -1.11407E+03 -4.82131E+02 -4.29469E+02 -6.36247E+02 -4.14968E+02  2.58934E+02  3.77130E+02  5.28912E+02  1.49900E+01  6.30338E+02  8.33355E+02  3.35269E+02  1.81657E+02 -9.42941E+02 -1.33837E+03  3.03764E+02 -4.85956E+02
 OMEGA(6,2)    6.26333E+00 -4.50405E+01  1.13062E+02  1.24503E+02 -3.51214E+02 -4.26623E+02  2.21429E+02 -4.76255E+01  1.89371E+04  0.00000E+00  9.77536E+03 -4.88092E+01 -4.14201E+02 -4.48062E+02 -2.67272E+02 -6.09478E+02  1.30396E+02 -3.07816E+02 -1.10458E+03  2.07343E+02  5.23451E+02  9.65569E+02  1.78061E+03  6.73429E+02 -9.97143E+02 -1.00916E+03  1.23796E+03  3.29589E+03  8.04311E+01 -1.24697E+03 -1.14450E+03 -5.77796E+02 -6.34324E+02 -1.45627E+03 -5.10947E+02  4.63923E+02  4.67837E+02  7.83983E+02 -1.19829E+02  7.60111E+02  2.20715E+03  3.97130E+02 -2.72953E+02 -1.41350E+03 -2.08634E+03  8.53087E+02 -8.91807E+02
 OMEGA(6,3)   -2.66929E+01  1.61705E+02  9.43433E+01  6.30222E+01  1.06091E+02  3.22676E+01  1.57509E+02 -1.05523E+02 -8.21963E+03  0.00000E+00  4.22424E+03  4.64329E+00  1.49921E+02  2.62110E+01  2.36215E+02 -6.48415E+02 -8.73373E+01  9.25787E+01  8.81305E+01 -2.18725E+02  1.00878E+01  2.17062E+02  4.42913E+02  1.08638E+03  6.43957E+01 -3.23917E+02 -1.34441E+02  8.04311E+01  1.78812E+03  3.85115E+02 -1.42997E+03 -6.63261E+02 -3.24521E+02 -2.41913E+02 -9.20040E+02  2.80405E+02  1.24232E+02  6.90683E+01  1.55829E+02 -3.12261E+01 -1.43380E+02  4.70203E+02 -3.91947E+02 -8.70030E+02 -4.70009E+02  7.76105E+01  3.09223E+02
 OMEGA(6,4)    6.98474E+01  1.12980E+02  1.34638E+02 -1.15576E+02  1.56252E+02  3.76464E+01 -1.42177E+02  1.42291E+01 -2.08037E+04  0.00000E+00 -3.11092E+03 -2.27228E+02 -1.84118E+02 -3.67612E+02  1.26452E+02  1.47802E+02  3.74912E+01  5.18461E+02  6.42269E+02 -2.38282E+02 -5.88103E+02 -1.86909E+02 -1.12836E+03  3.05540E+01  6.48182E+02  2.49050E+02 -5.93846E+02 -1.24697E+03  3.85115E+02  1.73106E+03  1.41705E+02 -3.12111E+02  1.98215E+02  3.88513E+02  1.93875E+02 -7.29946E+02 -2.41376E+02  2.29230E+02 -6.20312E+00  5.04335E+01 -3.46618E+02 -4.50042E+02  3.76766E+02  4.81274E+02  4.24748E+02  4.59135E+01  3.14609E+02
 OMEGA(6,5)   -3.21076E+02 -4.08229E+02  9.37729E+01  1.53277E+02  2.11455E+02  1.63650E+02 -7.34829E+01  3.10682E+02  2.41671E+04  0.00000E+00  7.82872E+02  1.00022E+02  7.01575E+02  4.91684E+02  5.63322E+02  6.76707E+02 -1.95810E+02 -1.48827E+01 -9.76936E+02 -1.68120E+02 -2.51574E+01 -1.22876E+03 -2.44249E+03 -1.26414E+03  9.17186E+01  1.24888E+03 -1.11407E+03 -1.14450E+03 -1.42997E+03  1.41705E+02  4.15034E+03  1.53625E+03  3.64200E+02  3.51949E+02  3.38857E+02 -4.11114E+02 -1.01107E+03 -7.01791E+02 -7.47702E+01 -5.07290E+02 -8.19922E+02 -9.17174E+02  5.87918E+02  2.91807E+03  1.69129E+03 -3.52137E+02  1.06702E+02
 OMEGA(6,6)   -1.35613E+02 -2.03741E+02  1.33239E+01  3.09612E+01  3.72896E+01  7.88148E+01 -9.17469E+01  1.17440E+02  1.09680E+04  0.00000E+00 -2.24611E+03  7.92186E+00  1.84304E+02  2.58840E+02  1.66823E+02  8.73902E+01 -3.37037E+02 -1.85376E+02 -5.62184E+02  9.61246E+00  4.92190E+01 -3.36222E+02 -2.86546E+02 -8.16742E+02 -5.45695E+01  5.75154E+02 -4.82131E+02 -5.77796E+02 -6.63261E+02 -3.12111E+02  1.53625E+03  1.09636E+03  1.26817E+02 -2.02950E+01  1.02981E+02 -1.47355E+02 -1.23036E+02 -5.14078E+02 -9.42581E+01 -1.18379E+02 -3.33987E+02 -7.83006E+01  4.15888E+02  6.69336E+02  9.53929E+02  4.92120E+01 -9.97185E+01
 OMEGA(7,1)    1.79342E+02  2.07567E+02  1.88148E+02  1.15439E+02  1.45752E+01  1.70236E+02  1.33289E+02 -2.33968E+02  1.05027E+04  0.00000E+00  7.34176E+02  5.91144E+02  2.13173E+03  1.10191E+03 -1.48074E+03 -8.52559E+02  1.55038E+02  1.12075E+03  1.55057E+03 -3.85447E+02  9.43060E+01 -1.71971E+03 -2.03123E+03  7.97512E+02 -1.91145E+02  7.19173E+02 -4.29469E+02 -6.34324E+02 -3.24521E+02  1.98215E+02  3.64200E+02  1.26817E+02  3.02761E+03  2.32640E+03 -6.83436E+02  6.78942E+02 -1.26999E+03 -9.36305E+01  6.46666E+02 -2.61853E+03 -2.85704E+03  1.37331E+03 -1.13419E+03  2.16288E+03  2.81765E+02 -2.50475E+03  1.26108E+03
 OMEGA(7,2)    2.60114E+02  2.17384E+02 -1.97198E+02  1.76234E+02  8.13158E+01  3.23450E+02  2.73323E+02 -2.13592E+02  7.02952E+03  0.00000E+00 -5.43706E+03  6.90267E+02  2.21197E+03  1.32204E+03 -6.32188E+02 -9.65942E+02  3.72554E+02  1.52610E+03  2.81113E+03 -3.74661E+02  9.09876E+01 -1.95700E+03 -2.56476E+03  1.22559E+03 -2.80367E+02  5.24441E+02 -6.36247E+02 -1.45627E+03 -2.41913E+02  3.88513E+02  3.51949E+02 -2.02950E+01  2.32640E+03  4.52644E+03 -5.95879E+02  9.52600E+02 -2.07537E+03 -5.09860E+02  1.18588E+03 -2.58628E+03 -3.82586E+03  8.19126E+02 -2.15218E+03  2.91584E+03  7.50346E+02 -3.44484E+03  1.77949E+03
 OMEGA(7,3)    1.76219E+02 -2.64588E+02 -2.42727E+01 -1.57952E+02  1.17890E+02  1.79226E+02 -2.55754E+02  7.38953E+01  4.44388E+02  0.00000E+00 -7.91529E+03 -7.27877E+02 -7.09723E+02 -3.12479E+02  1.03370E+03  2.47887E+03 -6.12989E+01 -3.56638E+02 -2.76569E+02  1.33902E+03 -3.30089E+02  7.53968E+02  1.14319E+03 -1.84193E+03  2.01092E+02 -4.61215E+02 -4.14968E+02 -5.10947E+02 -9.20040E+02  1.93875E+02  3.38857E+02  1.02981E+02 -6.83436E+02 -5.95879E+02  4.25193E+03 -9.08301E+02  7.98323E+02 -2.36757E+02 -8.54218E+02  1.25139E+03  5.42620E+02 -3.12992E+03  1.10321E+03 -8.52282E+02  3.66040E+02  1.30776E+03 -7.87692E+02
 OMEGA(7,4)    1.45112E+02  2.26418E+02 -1.85176E+02  2.40584E+02 -2.51146E+02 -1.61787E+02  2.33218E+02 -4.70374E+02  6.28984E+03  0.00000E+00 -6.84951E+03  1.86914E+02  1.09930E+03  8.14311E+02 -3.02238E+02 -3.62209E+02  2.39660E+02  5.98939E+02  1.14616E+03 -7.99323E+02  6.78706E+02  7.11294E+01  1.43743E+02  2.00448E+02 -8.97531E+02 -2.83489E+02  2.58934E+02  4.63923E+02  2.80405E+02 -7.29946E+02 -4.11114E+02 -1.47355E+02  6.78942E+02  9.52600E+02 -9.08301E+02  2.63720E+03  1.11655E+01 -1.87314E+02  9.84694E+02 -7.06527E+02 -1.71706E+03  1.33978E+03 -1.81964E+03  2.93770E+02 -1.13445E+02 -2.16258E+03  7.29797E+02
 OMEGA(7,5)    1.05467E+01  1.34683E+02  1.01966E+02 -2.29755E+02 -3.50776E+02 -1.10455E+02 -1.28974E+02 -2.12113E+00 -1.64404E+04  0.00000E+00 -9.78678E+03 -6.08657E+02 -1.81008E+03 -9.97382E+02  6.98228E+02  1.30161E+03 -3.87470E+02 -1.83063E+02 -2.20826E+02  2.79545E+02 -1.55449E+02  1.76460E+03  2.10767E+03 -1.06046E+03  2.98026E+02 -7.82641E+02  3.77130E+02  4.67837E+02  1.24232E+02 -2.41376E+02 -1.01107E+03 -1.23036E+02 -1.26999E+03 -2.07537E+03  7.98323E+02  1.11655E+01  2.79170E+03  5.19643E+02 -5.62798E+02  1.81373E+03  2.48373E+03 -1.06978E+03  4.38218E+02 -2.60971E+03 -4.61928E+02  1.87708E+03 -1.30869E+03
 OMEGA(7,6)    1.49221E+02  3.37500E+02  1.64499E+02 -1.54205E+02 -7.37223E+01 -2.03129E+02  5.23179E+01 -1.79566E+02 -2.72616E+03  0.00000E+00  3.06997E+02  2.48362E+01 -4.85472E+02 -5.17034E+02 -5.15458E+02 -4.84839E+02 -6.60364E+01  1.31885E+02  2.37147E+02  2.52204E+02 -1.76189E+02  3.48979E+02  5.28042E+02  3.29717E+02 -1.03019E+02 -3.27824E+02  5.28912E+02  7.83983E+02  6.90683E+01  2.29230E+02 -7.01791E+02 -5.14078E+02 -9.36305E+01 -5.09860E+02 -2.36757E+02 -1.87314E+02  5.19643E+02  1.62007E+03 -3.44646E+02  1.16357E+02  7.62085E+02  2.80130E+02  7.24383E+01 -6.99190E+02 -9.44870E+02  1.02990E+03 -1.55550E+02
 OMEGA(7,7)    5.61875E+01  7.99696E+01 -1.26803E+02  1.11587E+02 -6.14894E+01  3.13688E+01  1.51163E+02 -6.10642E+01  6.65118E+03  0.00000E+00 -9.29974E+02  1.81761E+02  6.35639E+02  4.54337E+02 -1.83463E+02 -4.29195E+02  1.01645E+02  5.14393E+02  7.51957E+02 -6.44886E+02  1.80511E+02 -3.83518E+02 -7.49701E+02  4.27552E+02 -2.04211E+02  5.70159E+01  1.49900E+01 -1.19829E+02  1.55829E+02 -6.20312E+00 -7.47702E+01 -9.42581E+01  6.46666E+02  1.18588E+03 -8.54218E+02  9.84694E+02 -5.62798E+02 -3.44646E+02  9.43474E+02 -6.11111E+02 -1.05408E+03  1.04879E+03 -9.95155E+02  7.33522E+02  1.46560E+02 -1.69353E+03  5.47026E+02
 OMEGA(8,1)   -1.05605E+02 -2.99519E+02  1.38486E+02 -1.21670E+02 -4.70766E+01 -2.40262E+02 -3.42969E+02  2.71459E+02 -1.92056E+04  0.00000E+00 -2.39390E+03 -1.20007E+03 -3.07343E+03 -1.84934E+03  1.00680E+03  1.51499E+03 -4.66436E+02 -9.62842E+02 -1.23463E+03  1.84359E+02 -2.68797E+02  2.11783E+03  2.42938E+03 -1.32428E+03  6.61342E+02 -1.00657E+03  6.30338E+02  7.60111E+02 -3.12261E+01  5.04335E+01 -5.07290E+02 -1.18379E+02 -2.61853E+03 -2.58628E+03  1.25139E+03 -7.06527E+02  1.81373E+03  1.16357E+02 -6.11111E+02  4.33121E+03  4.47590E+03 -8.27990E+02  1.40377E+03 -2.44990E+03 -6.87289E+02  2.23930E+03 -2.73346E+03
 OMEGA(8,2)   -4.06760E+02 -5.09326E+02  1.34701E+02 -4.10936E+02 -8.58676E+01 -6.94680E+01 -4.54004E+02  9.42781E+02 -9.50124E+03  0.00000E+00  1.31653E+04 -1.03826E+03 -4.46606E+03 -3.17522E+03  1.05268E+03  1.39091E+03  1.05190E+02 -1.15553E+03 -2.32230E+03  8.48997E+02 -3.49935E+02  2.47096E+03  2.80641E+03 -3.06639E+02  1.16085E+03 -1.51173E+03  8.33355E+02  2.20715E+03 -1.43380E+02 -3.46618E+02 -8.19922E+02 -3.33987E+02 -2.85704E+03 -3.82586E+03  5.42620E+02 -1.71706E+03  2.48373E+03  7.62085E+02 -1.05408E+03  4.47590E+03  8.55225E+03 -1.91125E+03  1.70497E+03 -3.71066E+03 -1.76199E+03  4.00552E+03 -3.74035E+03
 OMEGA(8,3)    1.55649E+02  2.59606E+02 -1.67037E+02  1.20396E+02  3.25199E+02 -1.28392E+02  5.29383E+01 -1.38888E+02 -1.49781E+04  0.00000E+00 -5.91448E+03  9.32813E+02  1.48999E+03  7.66230E+02 -3.63146E+03 -2.96789E+03 -2.56422E+03 -1.21228E+02  6.51410E+02 -1.72624E+03  3.51404E+02 -1.35577E+03 -2.30018E+02  8.75351E+02 -1.05717E+03  5.04574E+02  3.35269E+02  3.97130E+02  4.70203E+02 -4.50042E+02 -9.17174E+02 -7.83006E+01  1.37331E+03  8.19126E+02 -3.12992E+03  1.33978E+03 -1.06978E+03  2.80130E+02  1.04879E+03 -8.27990E+02 -1.91125E+03  9.60762E+03  1.11643E+00  1.06710E+03 -1.73604E+02 -1.97205E+03 -5.34774E+02
 OMEGA(8,4)   -1.80743E+02 -5.08449E+02  1.90060E+02 -2.05491E+02  2.85184E+02  1.14062E+01 -4.42290E+02  3.89058E+02 -1.33938E+04  0.00000E+00  6.99649E+03 -1.36930E+02 -8.74861E+02 -7.01617E+02 -8.65699E+01  7.46661E+02 -6.32133E+02 -1.84256E+03 -2.34148E+03  2.20287E+02 -4.55442E+02  3.92674E+02  7.81992E+02 -1.09002E+03  6.55512E+02  2.66929E+02  1.81657E+02 -2.72953E+02 -3.91947E+02  3.76766E+02  5.87918E+02  4.15888E+02 -1.13419E+03 -2.15218E+03  1.10321E+03 -1.81964E+03  4.38218E+02  7.24383E+01 -9.95155E+02  1.40377E+03  1.70497E+03  1.11643E+00  3.49336E+03 -6.60312E+02  3.30602E+02  2.42252E+03 -1.51349E+03
 OMEGA(8,5)   -5.61769E+01 -2.20405E+02  3.39988E+02  2.55808E+02  2.74018E+02  3.27494E+02  8.91111E+01 -4.59273E+01  1.72573E+04  0.00000E+00  7.33757E+03  8.72345E+02  2.61624E+03  1.37978E+03 -1.02168E+03 -1.83957E+02 -3.97753E+02  6.12201E+02  1.06097E+03 -1.26309E+03 -5.98603E+01 -3.61878E+03 -5.51979E+03  2.62217E+02 -1.85212E+02  1.66266E+03 -9.42941E+02 -1.41350E+03 -8.70030E+02  4.81274E+02  2.91807E+03  6.69336E+02  2.16288E+03  2.91584E+03 -8.52282E+02  2.93770E+02 -2.60971E+03 -6.99190E+02  7.33522E+02 -2.44990E+03 -3.71066E+03  1.06710E+03 -6.60312E+02  6.93923E+03  1.27472E+03 -3.37499E+03  1.35006E+03
 OMEGA(8,6)   -1.93333E+02 -7.30291E+01 -1.03170E+02  1.38019E+01  2.38875E+02  2.52692E+02 -1.15001E+02  1.69674E+01  5.02674E+03  0.00000E+00 -1.73185E+03 -8.67004E+01  6.04367E+02  7.56257E+02  5.96019E+02  3.04692E+02 -5.44411E+02  3.31632E+02 -9.98803E+01 -5.11897E+02 -1.76694E+02 -7.33023E+02 -1.16483E+03 -1.08810E+03  2.91185E+02  9.58707E+02 -1.33837E+03 -2.08634E+03 -4.70009E+02  4.24748E+02  1.69129E+03  9.53929E+02  2.81765E+02  7.50346E+02  3.66040E+02 -1.13445E+02 -4.61928E+02 -9.44870E+02  1.46560E+02 -6.87289E+02 -1.76199E+03 -1.73604E+02  3.30602E+02  1.27472E+03  2.47958E+03 -6.13219E+02  8.26679E+02
 OMEGA(8,7)   -2.61382E+02 -1.47753E+02  4.74277E+01 -4.30762E+02  3.66822E+01 -1.84200E+02 -1.78760E+02  3.24612E+02 -5.51262E+03  0.00000E+00 -1.41416E+03 -7.20167E+02 -2.43939E+03 -1.33921E+03  1.13817E+03  8.04791E+02 -4.88671E+02 -1.29692E+03 -2.54447E+03  1.21542E+03 -3.70491E+02  1.90629E+03  2.61896E+03 -9.39491E+02  7.38016E+02 -5.37790E+02  3.03764E+02  8.53087E+02  7.76105E+01  4.59135E+01 -3.52137E+02  4.92120E+01 -2.50475E+03 -3.44484E+03  1.30776E+03 -2.16258E+03  1.87708E+03  1.02990E+03 -1.69353E+03  2.23930E+03  4.00552E+03 -1.97205E+03  2.42252E+03 -3.37499E+03 -6.13219E+02  5.37977E+03 -2.11999E+03
 OMEGA(8,8)    1.70500E+02  4.21555E+02 -4.08123E+01  1.59967E+02 -8.64366E+01  1.30790E+01  2.55179E+02 -4.45271E+02  9.28387E+03  0.00000E+00  3.68513E+01  4.09915E+02  1.89222E+03  1.35838E+03  6.10403E+01 -1.02274E+03  8.79753E+02  1.03177E+03  1.20533E+03 -1.93232E+02  9.68588E+01 -9.71320E+02 -1.43853E+03  5.77575E+02 -5.83125E+02  6.09567E+02 -4.85956E+02 -8.91807E+02  3.09223E+02  3.14609E+02  1.06702E+02 -9.97185E+01  1.26108E+03  1.77949E+03 -7.87692E+02  7.29797E+02 -1.30869E+03 -1.55550E+02  5.47026E+02 -2.73346E+03 -3.74035E+03 -5.34774E+02 -1.51349E+03  1.35006E+03  8.26679E+02 -2.11999E+03  3.07324E+03
TABLE NO.     3: NUTS Bayesian Analysis: Problem=1 Subproblem=0 Superproblem1=0 Iteration1=0 Superproblem2=0 Iteration2=0
 NAME         THETA1       THETA2       THETA3       THETA4       THETA5       THETA6       THETA7       THETA8       SIGMA(1,1)   SIGMA(2,1)   SIGMA(2,2)   OMEGA(1,1)   OMEGA(2,1)   OMEGA(2,2)   OMEGA(3,1)   OMEGA(3,2)   OMEGA(3,3)   OMEGA(4,1)   OMEGA(4,2)   OMEGA(4,3)   OMEGA(4,4)   OMEGA(5,1)   OMEGA(5,2)   OMEGA(5,3)   OMEGA(5,4)   OMEGA(5,5)   OMEGA(6,1)   OMEGA(6,2)   OMEGA(6,3)   OMEGA(6,4)   OMEGA(6,5)   OMEGA(6,6)   OMEGA(7,1)   OMEGA(7,2)   OMEGA(7,3)   OMEGA(7,4)   OMEGA(7,5)   OMEGA(7,6)   OMEGA(7,7)   OMEGA(8,1)   OMEGA(8,2)   OMEGA(8,3)   OMEGA(8,4)   OMEGA(8,5)   OMEGA(8,6)   OMEGA(8,7)   OMEGA(8,8)
 THETA1        2.34975E+02  5.62747E+01 -1.57032E+00 -1.01235E+01 -2.03034E+01 -2.08944E+01  3.17921E+01 -1.07201E+02 -1.39959E+03  0.00000E+00 -8.55940E+02 -6.15123E-01  2.98044E+00  8.53571E+00  1.90860E+01  1.02974E+01 -1.57674E+01  3.66934E+01 -1.07523E+00 -1.93452E+01 -6.09306E+00 -8.16290E+00  2.62916E+00 -3.05308E+00 -3.70668E+01  8.16913E+00  1.37348E+01 -8.03064E+00  3.55428E+01 -4.73290E+00  3.75357E+01  9.91636E+00  2.78982E+01 -8.05958E+00 -3.93592E+01  1.02364E+01 -1.36443E+01 -5.59500E+00 -2.21964E+00  2.75908E+01 -1.31125E+01  3.73545E+01 -2.05139E+01  5.00654E+01  3.74869E+01 -2.98288E+01  2.64966E+01
 THETA2        5.62747E+01  3.01061E+02  3.94680E+01  3.76480E+01 -5.30832E+01 -2.36040E+01  1.25326E+02 -1.59387E+02 -6.86276E+02  0.00000E+00 -6.22114E+02 -2.11461E+01  1.68724E-01  3.35994E+01 -3.82527E+01 -9.49540E+01 -2.46767E+01 -3.51619E-01  5.51836E+01 -5.34897E+01 -2.17684E+00 -2.14594E+01  1.82183E+00  3.97904E+01 -2.72809E+01 -2.81559E+01 -3.68293E+01 -5.32917E+01  7.04547E+01  1.53283E+01  1.54982E+01  8.64677E+00 -3.35366E+01 -1.41218E+02 -5.30840E+01 -8.47401E+00  2.15385E+01 -7.70740E+00 -2.39133E+01  3.01554E+01  5.50922E+00  9.62201E+01 -4.20566E+01 -4.58826E+01  1.02939E+01  1.21360E+02 -9.15842E+00
 THETA3       -1.57032E+00  3.94680E+01  4.41265E+02  1.14959E+01 -2.28696E+01  4.41893E+00 -2.18035E+01 -6.56413E+01 -1.71832E+03  0.00000E+00 -2.71007E+02  2.87659E+00  5.05674E+01 -1.00979E+01 -1.65838E+01 -1.46385E+01  1.01807E+02 -3.41083E+01 -3.05669E+01 -1.00084E+02 -3.96609E+01  7.10969E+01  4.05366E+01  4.53739E+01  2.99078E+01 -4.60862E+00 -1.10526E+01  1.26933E+01  7.06801E+00  6.87660E+01  1.70792E+01  1.18373E+01  4.69234E+01 -3.49022E+01 -5.47402E+01 -2.03367E-01  4.66769E+01  3.39937E+01 -3.32480E+01 -6.63941E+01 -8.21395E+01  1.40067E+01  2.20926E+01 -2.38630E+01 -5.99573E+00  9.84388E+00  2.24830E+01
 THETA4       -1.01235E+01  3.76480E+01  1.14959E+01  2.31089E+02  1.30078E+01 -1.21946E+01  8.25635E+01 -6.59282E+01 -5.29153E+02  0.00000E+00  4.76942E+02 -7.38640E-02 -1.15637E+01 -9.72707E+00 -1.23759E+01 -3.55840E+01  4.90943E+00 -2.28893E+01  1.36842E+01 -5.12919E+01 -2.94119E+01 -2.80791E+01  3.19516E+01  4.51248E+01 -3.00059E+01 -2.27557E+01  2.16294E+01  2.03075E-01  1.11011E+01 -4.88371E+00  5.63629E+00 -2.67433E+00 -6.76269E+00 -7.45592E+00 -3.54000E+01 -6.07306E-01 -9.82152E+00 -2.62842E+01 -2.43688E+00  3.32544E+00 -1.40778E+01  6.29923E+01  3.69414E+01 -4.45370E+01  1.44087E+01  2.82792E+01  2.19544E+01
 THETA5       -2.03034E+01 -5.30832E+01 -2.28696E+01  1.30078E+01  2.76825E+02  6.24100E+01 -4.58099E+01  6.79732E+01 -2.02648E+03  0.00000E+00  1.86452E+02  5.75182E+00  7.72172E+00 -4.70164E+00  4.44299E+01  2.63363E+01  4.25849E+01 -6.24676E+00 -5.08871E+00 -5.43951E+01 -3.44516E-01 -3.00285E+01 -2.57207E+00 -6.33439E+01  6.56660E+00  1.49098E+01  1.24937E+00  3.18941E+00  2.56153E+01 -2.66607E+00 -1.39773E+01 -1.51729E+01 -5.96748E+01  4.54444E+01  1.08183E+02  3.95879E+01 -1.09297E+00 -5.85680E+00  5.57779E+00 -3.35716E+01 -2.26130E+01  1.57990E+01 -1.51526E+00  1.86480E+01 -6.65481E+01 -3.55700E+01  1.95593E+01
 THETA6       -2.08944E+01 -2.36040E+01  4.41893E+00 -1.21946E+01  6.24100E+01  2.16719E+02 -3.36525E+01  6.45724E+01  1.44954E+03  0.00000E+00 -4.17849E+02 -6.02414E+00  3.92687E+01  1.78016E+00 -2.54750E+01  2.01551E+01  3.76462E+01 -3.38394E+01 -2.86304E+01 -8.19065E+00  1.86128E+01 -2.60557E+01  3.62592E+01 -3.84537E+00  9.92818E+00  3.83913E+01  6.96342E+00  4.17034E+01 -1.80612E+01 -3.60523E+00 -4.08918E+01 -2.28144E+01 -3.30566E+01 -2.72911E+01  5.28727E+01  7.39774E+00  6.80030E+00  5.60657E-01  5.77239E+00 -2.71113E+01 -1.97394E+01  4.15106E+01 -2.58282E+01 -1.93599E+01 -2.81909E+01 -2.49540E+01  2.72638E+01
 THETA7        3.17921E+01  1.25326E+02 -2.18035E+01  8.25635E+01 -4.58099E+01 -3.36525E+01  3.71183E+02 -1.60916E+02 -6.71145E+02  0.00000E+00 -3.95190E+02 -4.61121E+01  6.47295E+00  6.41865E+00  5.82899E+01 -2.98196E+01 -1.59595E+01  6.19626E+00 -9.40681E+00 -3.40284E+01 -2.57506E+01 -5.78762E+01 -5.63651E+01  2.52430E+01 -9.07179E+01 -2.67289E+00 -1.20835E+01 -2.18473E+01  6.30836E+01  9.83406E+00  4.81620E+01  2.29893E+01  6.72196E+00 -7.06230E+01 -5.29380E+01 -4.31043E+01 -3.66359E+01 -6.74459E+00  9.12297E+00  3.36858E+01  2.02012E+01  2.51290E+01 -7.01051E+00  3.36866E+00 -1.14775E+01  5.94745E+01 -3.27515E+01
 THETA8       -1.07201E+02 -1.59387E+02 -6.56413E+01 -6.59282E+01  6.79732E+01  6.45724E+01 -1.60916E+02  4.17445E+02 -4.92655E+01  0.00000E+00  2.10984E+02  4.25656E+01  4.02706E+01 -2.22491E+01  4.29239E+01  8.49951E+01  2.62904E+01 -2.35424E+01 -2.89565E+01  5.20340E+01  2.41038E+01  7.25640E+00  6.65948E+00 -6.51290E+01  8.48200E+01  3.33438E+01 -5.69749E+00  6.10676E+00 -1.92818E+01 -6.33119E+01 -3.38582E+01 -1.03062E+01 -1.98940E+01  3.29173E+01  9.84983E+01  2.06427E+01  3.02676E+01 -1.52373E+01 -1.46991E+00 -4.79886E+01  5.20324E+01 -1.89140E+01 -1.08069E+01 -2.18245E+01  1.03214E+00 -3.47780E+01 -5.28322E+01
 SIGMA(1,1)   -1.39959E+03 -6.86276E+02 -1.71832E+03 -5.29153E+02 -2.02648E+03  1.44954E+03 -6.71145E+02 -4.92655E+01  2.73469E+06  0.00000E+00 -2.08797E+04 -1.03233E+03 -3.09363E+03  2.95802E+03 -7.07914E+02  4.92415E+03 -1.94762E+02 -1.41389E+03  5.50094E+02  8.75423E+03  4.30487E+02 -1.58230E+03  4.04974E+02 -3.64949E+03  1.99740E+03 -4.57857E+02 -1.82769E+03 -1.00080E+03 -5.32752E+03  5.06166E+02  2.43789E+03 -1.62804E+03  2.34684E+03  9.81728E+01  7.32502E+03 -6.05600E+03 -1.74909E+03 -3.87629E+03  8.95288E+01  1.82397E+03 -1.10008E+03 -9.33677E+03  3.05499E+02 -1.19707E+03  1.99646E+03  1.38983E+03 -6.03000E+01
 SIGMA(2,1)    0.00000E+00  0.00000E+00  0.00000E+00  0.00000E+00  0.00000E+00  0.00000E+00  0.00000E+00  0.00000E+00  0.00000E+00  0.00000E+00  0.00000E+00  0.00000E+00  0.00000E+00  0.00000E+00  0.00000E+00  0.00000E+00  0.00000E+00  0.00000E+00  0.00000E+00  0.00000E+00  0.00000E+00  0.00000E+00  0.00000E+00  0.00000E+00  0.00000E+00  0.00000E+00  0.00000E+00  0.00000E+00  0.00000E+00  0.00000E+00  0.00000E+00  0.00000E+00  0.00000E+00  0.00000E+00  0.00000E+00  0.00000E+00  0.00000E+00  0.00000E+00  0.00000E+00  0.00000E+00  0.00000E+00  0.00000E+00  0.00000E+00  0.00000E+00  0.00000E+00  0.00000E+00  0.00000E+00
 SIGMA(2,2)   -8.55940E+02 -6.22114E+02 -2.71007E+02  4.76942E+02  1.86452E+02 -4.17849E+02 -3.95190E+02  2.10984E+02 -2.08797E+04  0.00000E+00  6.50434E+05  2.81128E+02  9.03157E+02  5.90310E+02 -4.79121E+02  3.74931E+02 -3.54032E+02 -1.06006E+03  2.17807E+02 -5.28443E+02 -1.23870E+03 -1.61057E+02 -2.83565E+03  2.88923E+03 -8.90317E+01  9.96405E+02  9.97092E+02  9.72612E+02  8.39435E+02 -1.44964E+03  1.74949E+03  1.37398E+03 -1.66774E+03 -1.73751E+03  4.49093E+02 -3.05090E+03 -1.30881E+03  2.26804E+03  8.71740E+02 -2.43852E+03  1.42726E+03  4.52438E+03  3.83893E+03  3.36192E+03 -3.20439E+03  3.99223E+03 -1.82360E+03
 OMEGA(1,1)   -6.15123E-01 -2.11461E+01  2.87659E+00 -7.38640E-02  5.75182E+00 -6.02414E+00 -4.61121E+01  4.25656E+01 -1.03233E+03  0.00000E+00  2.81128E+02  4.18231E+02  1.99583E+02  1.43341E+01 -3.64024E+01  2.87451E+01  1.32720E+01  3.70331E+01  2.20542E+01  2.09389E+01 -1.15444E+01 -4.86837E+01  5.30372E+01 -8.03392E-01  4.94731E+01 -2.08478E+01  2.67380E+01 -3.54275E+00  5.05055E+01 -5.13918E+01 -1.23806E+01 -2.28855E+01  1.51139E+02  6.25883E+00  1.70678E+01 -2.53979E+01 -9.68710E+00  2.44031E+01 -7.27851E+00 -3.49481E+02 -3.81201E+01  9.61601E+01 -2.91200E+01  1.26978E+01 -8.92754E+00  1.19513E+00 -5.35127E+00
 OMEGA(2,1)    2.98044E+00  1.68724E-01  5.05674E+01 -1.15637E+01  7.72172E+00  3.92687E+01  6.47295E+00  4.02706E+01 -3.09363E+03  0.00000E+00  9.03157E+02  1.99583E+02  1.57659E+03  4.14212E+02  2.44436E+02 -1.94285E+01  4.43312E+00  7.95281E+00  5.43824E+01 -9.15762E+01 -4.88116E+01 -8.34754E+01 -2.34966E+02 -7.33559E+01 -1.18775E+02  6.21347E+01 -2.97625E+01 -6.94449E+01  3.72777E+01 -1.09433E+02  4.42766E+01  2.40739E+00  3.26921E+02  2.60384E+02  9.67122E+01 -1.03725E+02 -1.45351E+01  2.10382E+01  2.21062E+01 -4.87678E+02 -7.81635E+02  1.12733E+02 -2.91224E+01  1.07568E+02  2.05730E+02 -1.63146E+02  1.41550E+02
 OMEGA(2,2)    8.53571E+00  3.35994E+01 -1.00979E+01 -9.72707E+00 -4.70164E+00  1.78016E+00  6.41865E+00 -2.22491E+01  2.95802E+03  0.00000E+00  5.90310E+02  1.43341E+01  4.14212E+02  8.55343E+02  8.58340E+01  1.83126E+02  1.02634E+01  2.30163E+01  2.04086E+01 -4.83544E+01 -2.60287E+00 -7.80788E+01 -2.92101E+02 -6.36531E+01 -4.57089E+01 -1.40695E+01 -4.94549E+01 -1.70383E+02  7.34560E+01 -1.69263E+01 -3.39128E+00 -2.87692E+01  6.46007E+01  5.79899E+02  6.70897E+01 -3.15025E+01 -3.77460E+01  1.08005E+00  7.78452E+01 -1.62083E+02 -9.33421E+02 -2.85444E+01  2.45540E+01  1.16086E+02  1.04789E+02 -2.08586E+02  1.74492E+02
