TABLE NO.     1: Iterative Two Stage (No Prior): Problem=1 Subproblem=0 Superproblem1=0 Iteration1=0 Superproblem2=0 Iteration2=0
 NAME         THETA1       THETA2       THETA3       THETA4       THETA5       THETA6       THETA7       THETA8       SIGMA(1,1)   SIGMA(2,1)   SIGMA(2,2)   OMEGA(1,1)   OMEGA(2,1)   OMEGA(2,2)   OMEGA(3,1)   OMEGA(3,2)   OMEGA(3,3)   OMEGA(4,1)   OMEGA(4,2)   OMEGA(4,3)   OMEGA(4,4)   OMEGA(5,1)   OMEGA(5,2)   OMEGA(5,3)   OMEGA(5,4)   OMEGA(5,5)   OMEGA(6,1)   OMEGA(6,2)   OMEGA(6,3)   OMEGA(6,4)   OMEGA(6,5)   OMEGA(6,6)   OMEGA(7,1)   OMEGA(7,2)   OMEGA(7,3)   OMEGA(7,4)   OMEGA(7,5)   OMEGA(7,6)   OMEGA(7,7)   OMEGA(8,1)   OMEGA(8,2)   OMEGA(8,3)   OMEGA(8,4)   OMEGA(8,5)   OMEGA(8,6)   OMEGA(8,7)   OMEGA(8,8)
 THETA1        3.47808E-01 -4.18895E-01  3.78256E-01  7.45628E-01 -7.30297E-01 -6.50468E-01 -2.85829E-01  7.88474E-01  8.18851E-01  0.00000E+00  9.64131E-02 -5.73070E-01 -2.82755E-01 -2.76135E-01 -2.91673E-01  1.48409E-01  7.06829E-01 -2.66393E-01 -2.67378E-01  3.71917E-01 -4.22985E-01  2.47767E-01  9.75876E-02  4.57385E-03 -3.90506E-01 -6.02863E-01 -4.35564E-01 -4.24903E-01  3.15655E-01 -3.67406E-01 -2.98004E-01 -5.94562E-01  6.44062E-02 -3.75669E-01 -5.42220E-01 -3.33171E-01  1.63004E-02  4.20901E-01 -1.76499E-01 -4.36129E-01 -7.34190E-01  4.71314E-01 -6.43953E-01  5.14920E-01  8.42553E-01  3.06678E-01 -6.14838E-01
 THETA2       -4.18895E-01  2.24794E-01 -2.85612E-01 -3.62989E-01  5.48763E-01  3.57750E-01 -1.22381E-01 -4.72377E-01 -5.91328E-01  0.00000E+00 -6.10459E-01  1.69553E-01  6.15333E-01 -3.58373E-01 -3.73390E-01  2.08180E-01 -6.32583E-01 -1.66356E-01 -1.02027E-01 -5.91482E-01 -2.68061E-01 -1.85562E-01  1.95155E-03  2.91893E-01  6.46576E-01  5.05046E-01  5.72325E-01  6.50761E-01  9.71940E-02 -1.62899E-01  5.97475E-01  4.16631E-01 -7.83916E-02  7.06642E-01  4.68296E-01  4.16947E-01 -8.50603E-02 -7.39501E-01  3.19750E-01  3.85269E-01  4.98593E-01 -5.92527E-01  1.11793E-01 -4.09365E-01 -2.97540E-01  1.84698E-01  6.15358E-01
 THETA3        3.78256E-01 -2.85612E-01  2.29716E-01 -3.81700E-02 -3.64728E-02 -3.02102E-01  2.68799E-01  2.14392E-01  1.59133E-01  0.00000E+00  2.62734E-01 -6.01431E-01  2.60325E-02 -5.36936E-01  1.22311E-01  5.16799E-01  5.14441E-02  1.77273E-01 -4.45475E-01  3.68032E-01  3.61046E-01 -1.24037E-01 -5.28084E-02 -4.38196E-01 -3.33125E-01 -2.10067E-01 -5.54915E-02 -5.20470E-01 -4.07477E-01  2.47630E-03 -5.91621E-01 -2.48066E-01 -5.75769E-01 -1.47529E-01 -6.58334E-01 -1.11678E-01 -6.07383E-01  2.76785E-01 -1.56394E-01 -7.64370E-01 -5.09386E-01  1.01203E-01 -6.06872E-01 -2.68350E-01  1.92697E-01 -3.11309E-01 -6.03817E-01
 THETA4        7.45628E-01 -3.62989E-01 -3.81700E-02  3.11374E-01 -7.42990E-01 -4.63532E-01 -4.74130E-01  7.91029E-01  8.60749E-01  0.00000E+00  2.91752E-02 -2.04066E-01 -4.10850E-01  2.34212E-02 -2.38232E-01 -2.71890E-01  7.04904E-01 -4.52325E-01  5.32641E-02  3.34692E-01 -4.75418E-01  3.81111E-01 -6.42689E-02  1.19510E-01 -3.42958E-01 -6.24058E-01 -5.06406E-01 -2.72945E-01  3.70772E-01 -3.27305E-01 -2.21015E-01 -5.49532E-01  4.86033E-01 -4.45014E-01 -2.69872E-01 -2.15247E-01  3.46549E-01  3.10526E-01 -6.77569E-02 -1.32707E-02 -5.87647E-01  4.46455E-01 -2.62433E-01  7.01289E-01  7.55499E-01  5.82658E-01 -3.24964E-01
 THETA5       -7.30297E-01  5.48763E-01 -3.64728E-02 -7.42990E-01  2.15905E-01  5.73189E-01  3.58606E-01 -7.22011E-01 -7.96993E-01  0.00000E+00 -2.42531E-01  3.75905E-01  4.76117E-01 -1.48509E-01  1.48654E-01  1.97284E-01 -7.99773E-01  2.07378E-01 -4.11484E-02 -3.86415E-01  3.11785E-01 -2.21398E-01 -4.45434E-02 -2.34625E-02  4.88058E-01  6.23001E-01  5.35543E-01  4.75658E-01 -4.36540E-01  2.57112E-01  2.06625E-01  5.41566E-01 -2.12520E-01  5.97195E-01  3.01556E-01  4.67054E-01 -1.52603E-01 -6.26036E-01  1.77716E-01  2.91567E-01  5.63250E-01 -5.33600E-01  2.87265E-01 -6.00021E-01 -7.14080E-01 -1.78796E-01  5.90019E-01
 THETA6       -6.50468E-01  3.57750E-01 -3.02102E-01 -4.63532E-01  5.73189E-01  2.65437E-01  2.68001E-01 -5.52218E-01 -5.59475E-01  0.00000E+00 -1.70663E-01  3.87317E-01  2.93533E-01  2.38640E-01  1.05898E-01 -1.75562E-01 -5.12310E-01 -1.50018E-01  3.82033E-01 -5.68697E-01  7.99536E-02  2.08951E-01 -9.90153E-02  4.13489E-01  6.03173E-01  4.17441E-01  1.79072E-01  6.27013E-01 -4.35995E-01  3.13899E-01  2.71307E-01  6.63097E-01  1.50692E-02  2.12175E-01  4.86570E-01  4.09332E-01  4.36049E-02 -4.33145E-01  4.25906E-02  5.23355E-01  4.97565E-01 -2.09569E-01  4.23208E-01 -2.47605E-01 -5.98251E-01  2.96196E-02  6.60393E-01
 THETA7       -2.85829E-01 -1.22381E-01  2.68799E-01 -4.74130E-01  3.58606E-01  2.68001E-01  1.50308E-01 -1.80656E-01 -3.32565E-01  0.00000E+00  3.05933E-01  1.97686E-02 -9.19313E-02  6.65890E-02  2.89041E-01  2.11702E-01 -2.33372E-01  5.17491E-01 -2.71909E-01  2.49621E-01  3.46359E-01 -3.12795E-01  2.29625E-01 -3.31749E-01 -7.78954E-02  1.62664E-01  1.20550E-01 -1.23064E-01 -5.62293E-01  5.56129E-01 -3.88267E-01  1.96502E-01 -3.12040E-01  7.82851E-02 -2.72291E-01  4.08886E-01 -2.21263E-01 -4.17772E-02 -3.77257E-01 -1.88578E-01  2.73477E-02 -9.52315E-02  1.19837E-01 -2.47880E-01 -4.06167E-01 -4.89551E-01 -7.00705E-02
 THETA8        7.88474E-01 -4.72377E-01  2.14392E-01  7.91029E-01 -7.22011E-01 -5.52218E-01 -1.80656E-01  3.83747E-01  8.72524E-01  0.00000E+00  3.79755E-01 -3.23911E-01 -6.46064E-01  1.23580E-01  2.90297E-03 -2.53367E-01  8.87581E-01 -2.57955E-01 -1.24747E-01  5.61028E-01 -3.07088E-01  1.78173E-01  5.36573E-02 -1.40748E-01 -6.25772E-01 -8.27969E-01 -3.45382E-01 -4.55764E-01  2.65670E-01 -1.31836E-02 -4.18378E-01 -5.68884E-01  4.07283E-01 -5.87172E-01 -5.02335E-01 -2.10017E-01  3.24290E-01  4.37886E-01 -4.43768E-01 -2.53283E-01 -8.34341E-01  6.11913E-01 -4.44463E-01  7.21407E-01  8.28240E-01  3.09789E-01 -6.29500E-01
 SIGMA(1,1)    8.18851E-01 -5.91328E-01  1.59133E-01  8.60749E-01 -7.96993E-01 -5.59475E-01 -3.32565E-01  8.72524E-01  3.46085E-03  0.00000E+00  2.70051E-01 -3.32437E-01 -5.35260E-01  8.29383E-02 -5.68837E-02 -2.80838E-01  8.45066E-01 -3.36074E-01  7.31223E-03  4.66681E-01 -3.03290E-01  3.45775E-01  1.80356E-02 -4.41980E-02 -5.25065E-01 -6.99982E-01 -5.00020E-01 -4.74711E-01  2.94993E-01 -1.55292E-01 -3.69968E-01 -6.30384E-01  3.38705E-01 -5.89819E-01 -4.07683E-01 -3.26987E-01  3.23883E-01  4.75118E-01 -3.01161E-01 -2.56835E-01 -7.08051E-01  6.19864E-01 -3.91560E-01  7.16027E-01  7.80820E-01  3.28739E-01 -5.76566E-01
 SIGMA(2,1)    0.00000E+00  0.00000E+00  0.00000E+00  0.00000E+00  0.00000E+00  0.00000E+00  0.00000E+00  0.00000E+00  0.00000E+00  0.00000E+00  0.00000E+00  0.00000E+00  0.00000E+00  0.00000E+00  0.00000E+00  0.00000E+00  0.00000E+00  0.00000E+00  0.00000E+00  0.00000E+00  0.00000E+00  0.00000E+00  0.00000E+00  0.00000E+00  0.00000E+00  0.00000E+00  0.00000E+00  0.00000E+00  0.00000E+00  0.00000E+00  0.00000E+00  0.00000E+00  0.00000E+00  0.00000E+00  0.00000E+00  0.00000E+00  0.00000E+00  0.00000E+00  0.00000E+00  0.00000E+00  0.00000E+00  0.00000E+00  0.00000E+00  0.00000E+00  0.00000E+00  0.00000E+00  0.00000E+00
 SIGMA(2,2)    9.64131E-02 -6.10459E-01  2.62734E-01  2.91752E-02 -2.42531E-01 -1.70663E-01  3.05933E-01  3.79755E-01  2.70051E-01  0.00000E+00  4.29435E-03 -9.36218E-02 -7.63242E-01  5.18994E-01  6.54334E-01 -3.34770E-01  5.31012E-01  3.61895E-01 -9.21756E-02  5.83108E-01  3.87706E-01 -1.15407E-01  9.53645E-04 -2.92049E-01 -7.05401E-01 -6.14088E-01 -3.40821E-01 -6.55666E-01 -4.01342E-01  5.19157E-01 -5.60523E-01 -1.34167E-01  8.95540E-02 -6.29337E-01 -4.05548E-01 -1.36149E-01  2.32877E-01  4.50254E-01 -5.25824E-01 -3.49046E-01 -5.39475E-01  5.74850E-01  2.58081E-02  3.09828E-01 -2.08932E-02 -3.55371E-01 -5.81757E-01
 OMEGA(1,1)   -5.73070E-01  1.69553E-01 -6.01431E-01 -2.04066E-01  3.75905E-01  3.87317E-01  1.97686E-02 -3.23911E-01 -3.32437E-01  0.00000E+00 -9.36218E-02  1.50159E-01 -1.15606E-01  4.86678E-01  4.27266E-01 -5.17689E-01 -2.35433E-01  4.17568E-02  3.05776E-01 -1.69633E-01  1.35537E-01  1.89286E-02  5.00245E-02  7.86620E-02  1.89891E-01  3.75306E-01  1.81330E-01  3.88053E-01  5.63273E-03  3.06306E-01  2.48042E-01  1.82300E-01  5.80136E-01  2.13863E-01  5.80961E-01  3.41526E-01  4.98345E-01 -3.96062E-01  5.91584E-02  7.21427E-01  5.14647E-01 -3.95651E-02  5.83085E-01  1.07247E-01 -4.37666E-01  1.73326E-01  6.06211E-01
 OMEGA(2,1)   -2.82755E-01  6.15333E-01  2.60325E-02 -4.10850E-01  4.76117E-01  2.93533E-01 -9.19313E-02 -6.46064E-01 -5.35260E-01  0.00000E+00 -7.63242E-01 -1.15606E-01  2.23939E-01 -6.78688E-01 -5.63149E-01  5.30673E-01 -7.66900E-01 -1.77174E-01  8.16366E-02 -6.74624E-01 -6.87940E-02  3.64807E-02 -2.13818E-01  2.13996E-01  7.55415E-01  7.12180E-01  3.51145E-01  5.46356E-01  4.84185E-02 -5.06646E-01  4.46675E-01  3.67563E-01 -4.91867E-01  6.37823E-01  3.42691E-01  8.27087E-02 -5.44549E-01 -4.28795E-01  6.08430E-01  1.63646E-01  5.84975E-01 -6.84467E-01 -3.72101E-02 -7.04287E-01 -2.70356E-01  9.01968E-02  5.39066E-01
 OMEGA(2,2)   -2.76135E-01 -3.58373E-01 -5.36936E-01  2.34212E-02 -1.48509E-01  2.38640E-01  6.65890E-02  1.23580E-01  8.29383E-02  0.00000E+00  5.18994E-01  4.86678E-01 -6.78688E-01  2.80280E-01  5.27591E-01 -7.56680E-01  3.96109E-01  7.31353E-02  4.51667E-01  1.44069E-01  1.41701E-01  1.22591E-01  7.34748E-02  1.06395E-01 -3.04025E-01 -2.62047E-01 -2.37183E-01 -5.98106E-02 -2.63645E-02  5.36112E-01 -2.74166E-02  1.18780E-01  5.16027E-01 -4.97018E-01  2.48191E-01 -7.51516E-02  6.16313E-01  2.53769E-01 -3.50512E-01  3.10911E-01  6.53066E-02  4.02787E-01  5.36467E-01  4.86256E-01 -1.74551E-01 -1.36169E-01 -8.16231E-04
 OMEGA(3,1)   -2.91673E-01 -3.73390E-01  1.22311E-01 -2.38232E-01  1.48654E-01  1.05898E-01  2.89041E-01  2.90297E-03 -5.68837E-02  0.00000E+00  6.54334E-01  4.27266E-01 -5.63149E-01  5.27591E-01  1.05385E-01 -4.98484E-01  1.40586E-01  3.50391E-01  1.52027E-02  3.95742E-01  6.26207E-01 -1.09936E-01  4.81559E-02 -3.60716E-01 -4.07951E-01 -1.18841E-01 -2.74088E-02 -3.60674E-01 -4.57991E-01  6.47111E-01 -4.21198E-01 -3.95090E-02  1.87283E-01 -3.39415E-01 -9.76577E-03  9.42296E-02  2.63829E-01  1.50946E-01 -4.25104E-01 -9.40850E-02 -7.53903E-02  4.16883E-01  2.41443E-01  1.49001E-01 -3.49677E-01 -4.18219E-01 -2.10306E-01
 OMEGA(3,2)    1.48409E-01  2.08180E-01  5.16799E-01 -2.71890E-01  1.97284E-01 -1.75562E-01  2.11702E-01 -2.53367E-01 -2.80838E-01  0.00000E+00 -3.34770E-01 -5.17689E-01  5.30673E-01 -7.56680E-01 -4.98484E-01  1.23382E-01 -3.86863E-01  2.53156E-01 -5.54338E-01 -2.68159E-02 -8.39195E-02 -3.33896E-01  2.10583E-01 -1.52568E-01  1.69255E-01  2.60852E-01  2.12859E-01 -1.45797E-04 -6.72080E-02 -2.61798E-01 -9.94349E-03  2.73660E-02 -6.69306E-01  4.80147E-01 -4.34441E-01  6.98109E-03 -7.14947E-01 -7.47663E-02  2.31548E-01 -4.35926E-01 -2.11171E-02 -4.06434E-01 -4.75751E-01 -5.31611E-01  2.01774E-02 -1.68240E-01 -9.94299E-02
 OMEGA(3,3)    7.06829E-01 -6.32583E-01  5.14441E-02  7.04904E-01 -7.99773E-01 -5.12310E-01 -2.33372E-01  8.87581E-01  8.45066E-01  0.00000E+00  5.31012E-01 -2.35433E-01 -7.66900E-01  3.96109E-01  1.40586E-01 -3.86863E-01  1.81599E-01 -1.94922E-01  4.16411E-02  5.14260E-01 -2.24226E-01  2.72966E-01  5.64681E-02 -1.51726E-02 -6.69249E-01 -8.36553E-01 -5.15215E-01 -4.88727E-01  2.99706E-01  3.21769E-02 -3.56430E-01 -4.76653E-01  4.36309E-01 -7.26723E-01 -3.68769E-01 -4.24478E-01  4.40174E-01  6.04255E-01 -4.32176E-01 -2.26661E-01 -7.40552E-01  7.84881E-01 -2.81009E-01  8.04436E-01  7.24985E-01  1.88085E-01 -6.43535E-01
 OMEGA(4,1)   -2.66393E-01 -1.66356E-01  1.77273E-01 -4.52325E-01  2.07378E-01 -1.50018E-01  5.17491E-01 -2.57955E-01 -3.36074E-01  0.00000E+00  3.61895E-01  4.17568E-02 -1.77174E-01  7.31353E-02  3.50391E-01  2.53156E-01 -1.94922E-01  8.68234E-02 -5.27984E-01  4.39070E-01  3.61480E-01 -6.91530E-01  3.22168E-01 -4.64755E-01 -2.63488E-01  4.96015E-02  1.99402E-01 -4.35652E-01 -3.71472E-01  4.07093E-01 -2.73475E-01  1.25371E-02 -3.55082E-01  7.45498E-02 -3.30703E-01  2.04844E-01 -2.00576E-01  6.31399E-02 -2.12570E-01 -3.37127E-01  1.57170E-02 -1.42424E-01  1.56921E-01 -2.78205E-01 -4.42273E-01 -6.19110E-01 -2.35787E-01
 OMEGA(4,2)   -2.67378E-01 -1.02027E-01 -4.45475E-01  5.32641E-02 -4.11484E-02  3.82033E-01 -2.71909E-01 -1.24747E-01  7.31223E-03  0.00000E+00 -9.21756E-02  3.05776E-01  8.16366E-02  4.51667E-01  1.52027E-02 -5.54338E-01  4.16411E-02 -5.27984E-01  1.31313E-01 -4.70459E-01  1.72650E-01  6.41109E-01 -5.33663E-01  3.90258E-01  2.22647E-01  1.52367E-01 -2.58190E-01  3.85948E-01  2.22392E-01 -1.93203E-01  2.48395E-01  2.97561E-01  2.97714E-01 -3.09144E-01  6.15240E-01 -3.27390E-01  1.87626E-01  1.50340E-01  2.72308E-01  4.89456E-01  3.82519E-01  6.85116E-02  5.24166E-01  7.97599E-02 -5.47128E-02  2.24016E-01  3.65879E-01
 OMEGA(4,3)    3.71917E-01 -5.91482E-01  3.68032E-01  3.34692E-01 -3.86415E-01 -5.68697E-01  2.49621E-01  5.61028E-01  4.66681E-01  0.00000E+00  5.83108E-01 -1.69633E-01 -6.74624E-01  1.44069E-01  3.95742E-01 -2.68159E-02  5.14260E-01  4.39070E-01 -4.70459E-01  1.03832E-01  1.82995E-01 -3.24896E-01  3.41791E-01 -6.99943E-01 -8.31735E-01 -5.16739E-01 -1.95999E-01 -7.66485E-01 -1.21630E-01  3.64955E-01 -6.72901E-01 -6.42594E-01  1.00153E-01 -4.02392E-01 -7.60428E-01 -5.55026E-02  8.52776E-02  4.37081E-01 -4.18892E-01 -5.04796E-01 -6.07682E-01  3.27066E-01 -2.35998E-01  3.92257E-01  3.05283E-01 -2.62433E-01 -7.27090E-01
 OMEGA(4,4)   -4.22985E-01 -2.68061E-01  3.61046E-01 -4.75418E-01  3.11785E-01  7.99536E-02  3.46359E-01 -3.07088E-01 -3.03290E-01  0.00000E+00  3.87706E-01  1.35537E-01 -6.87940E-02  1.41701E-01  6.26207E-01 -8.39195E-02 -2.24226E-01  3.61480E-01  1.72650E-01  1.82995E-01  1.68328E-01 -9.14357E-02 -2.11251E-01 -4.59171E-01 -2.94996E-01  2.21765E-01 -2.69640E-02 -3.36307E-01 -4.32570E-01  2.90819E-01 -3.79215E-01  4.81441E-02 -2.70204E-01 -1.72650E-01 -2.85287E-02 -1.86531E-01 -2.72245E-01  2.38259E-01  4.68600E-02 -2.45679E-01  1.71285E-01 -6.60949E-02  2.96125E-01 -3.51255E-01 -4.59089E-01 -5.53492E-01 -1.55003E-01
 OMEGA(5,1)    2.47767E-01 -1.85562E-01 -1.24037E-01  3.81111E-01 -2.21398E-01  2.08951E-01 -3.12795E-01  1.78173E-01  3.45775E-01  0.00000E+00 -1.15407E-01  1.89286E-02  3.64807E-02  1.22591E-01 -1.09936E-01 -3.33896E-01  2.72966E-01 -6.91530E-01  6.41109E-01 -3.24896E-01 -9.14357E-02  1.39839E-01 -3.60709E-01  5.59300E-01  1.90887E-01 -7.63205E-02 -5.72704E-01  2.14106E-01  1.35673E-01 -3.80417E-01  1.75389E-02  5.41771E-02  2.86725E-01 -3.39279E-01  2.97577E-01 -3.54880E-01  1.73438E-01  1.86475E-01  2.06337E-01  2.56907E-01 -2.90687E-02  3.59776E-01  8.29139E-02  4.08772E-01  2.54788E-01  4.41279E-01  1.51640E-01
 OMEGA(5,2)    9.75876E-02  1.95155E-03 -5.28084E-02 -6.42689E-02 -4.45434E-02 -9.90153E-02  2.29625E-01  5.36573E-02  1.80356E-02  0.00000E+00  9.53645E-04  5.00245E-02 -2.13818E-01  7.34748E-02  4.81559E-02  2.10583E-01  5.64681E-02  3.22168E-01 -5.33663E-01  3.41791E-01 -2.11251E-01 -3.60709E-01  9.08132E-02 -2.70197E-01 -1.17435E-01  9.84462E-02  1.88369E-01 -1.20298E-01  2.84909E-02  4.31999E-01  4.29225E-02 -3.28598E-01 -1.53591E-02  2.20609E-01 -3.03041E-01  2.07389E-01  1.39104E-01 -9.47260E-02 -2.57132E-01 -2.10198E-01 -7.95215E-04 -5.24202E-04 -2.38188E-01  3.09550E-01 -1.59272E-02 -2.14816E-01 -1.60708E-01
 OMEGA(5,3)    4.57385E-03  2.91893E-01 -4.38196E-01  1.19510E-01 -2.34625E-02  4.13489E-01 -3.31749E-01 -1.40748E-01 -4.41980E-02  0.00000E+00 -2.92049E-01  7.86620E-02  2.13996E-01  1.06395E-01 -3.60716E-01 -1.52568E-01 -1.51726E-02 -4.64755E-01  3.90258E-01 -6.99943E-01 -4.59171E-01  5.59300E-01 -2.70197E-01  8.63021E-02  5.44256E-01 -1.44422E-02 -2.73625E-01  4.97570E-01  8.86498E-02 -3.52417E-01  4.60965E-01  4.79006E-01  2.13633E-01  7.04788E-03  5.27311E-01 -2.41419E-02  2.36106E-01 -2.17309E-01  2.32842E-01  4.99492E-01  1.64487E-01  1.28270E-01  2.12398E-01  1.54278E-01 -2.45776E-02  4.83963E-01  4.96648E-01
 OMEGA(5,4)   -3.90506E-01  6.46576E-01 -3.33125E-01 -3.42958E-01  4.88058E-01  6.03173E-01 -7.78954E-02 -6.25772E-01 -5.25065E-01  0.00000E+00 -7.05401E-01  1.89891E-01  7.55415E-01 -3.04025E-01 -4.07951E-01  1.69255E-01 -6.69249E-01 -2.63488E-01  2.22647E-01 -8.31735E-01 -2.94996E-01  1.90887E-01 -1.17435E-01  5.44256E-01  1.65943E-01  6.27070E-01  2.95638E-01  8.12052E-01  3.17382E-03 -2.72320E-01  5.95294E-01  5.95244E-01 -1.89399E-01  5.86180E-01  6.29410E-01  3.38664E-01 -1.46051E-01 -5.86158E-01  3.59706E-01  4.60254E-01  6.20552E-01 -4.17626E-01  1.87591E-01 -4.14378E-01 -3.80598E-01  2.20685E-01  7.74371E-01
 OMEGA(5,5)   -6.02863E-01  5.05046E-01 -2.10067E-01 -6.24058E-01  6.23001E-01  4.17441E-01  1.62664E-01 -8.27969E-01 -6.99982E-01  0.00000E+00 -6.14088E-01  3.75306E-01  7.12180E-01 -2.62047E-01 -1.18841E-01  2.60852E-01 -8.36553E-01  4.96015E-02  1.52367E-01 -5.16739E-01  2.21765E-01 -7.63205E-02  9.84462E-02 -1.44422E-02  6.27070E-01  3.08556E-01  4.29058E-01  5.47856E-01  5.42700E-03 -7.62626E-02  4.33617E-01  3.02154E-01 -3.09102E-01  7.00672E-01  5.13171E-01  2.40048E-01 -3.12140E-01 -4.70709E-01  4.51866E-01  2.74086E-01  8.79059E-01 -6.58764E-01  3.07356E-01 -6.01642E-01 -5.88515E-01 -1.73040E-01  6.26452E-01
 OMEGA(6,1)   -4.35564E-01  5.72325E-01 -5.54915E-02 -5.06406E-01  5.35543E-01  1.79072E-01  1.20550E-01 -3.45382E-01 -5.00020E-01  0.00000E+00 -3.40821E-01  1.81330E-01  3.51145E-01 -2.37183E-01 -2.74088E-02  2.12859E-01 -5.15215E-01  1.99402E-01 -2.58190E-01 -1.95999E-01 -2.69640E-02 -5.72704E-01  1.88369E-01 -2.73625E-01  2.95638E-01  4.29058E-01  1.12243E-01  3.97088E-01  1.13237E-01  2.49695E-01  3.71821E-01  2.25631E-01 -1.60421E-01  5.88538E-01  2.18746E-01  4.30769E-01 -1.34449E-01 -5.30450E-01 -9.43258E-02  8.21507E-02  3.82105E-01 -4.49921E-01 -9.92086E-02 -4.69530E-01 -2.07767E-01 -1.78656E-01  2.89708E-01
 OMEGA(6,2)   -4.24903E-01  6.50761E-01 -5.20470E-01 -2.72945E-01  4.75658E-01  6.27013E-01 -1.23064E-01 -4.55764E-01 -4.74711E-01  0.00000E+00 -6.55666E-01  3.88053E-01  5.46356E-01 -5.98106E-02 -3.60674E-01 -1.45797E-04 -4.88727E-01 -4.35652E-01  3.85948E-01 -7.66485E-01 -3.36307E-01  2.14106E-01 -1.20298E-01  4.97570E-01  8.12052E-01  5.47856E-01  3.97088E-01  1.62172E-01  2.33765E-01 -1.22132E-01  6.62945E-01  5.62307E-01  1.49312E-01  5.62494E-01  6.73107E-01  2.92395E-01  1.04198E-01 -5.91705E-01  2.50302E-01  6.70206E-01  5.88301E-01 -3.44938E-01  2.55609E-01 -2.39821E-01 -1.89035E-01  3.53831E-01  8.07477E-01
 OMEGA(6,3)    3.15655E-01  9.71940E-02 -4.07477E-01  3.70772E-01 -4.36540E-01 -4.35995E-01 -5.62293E-01  2.65670E-01  2.94993E-01  0.00000E+00 -4.01342E-01  5.63273E-03  4.84185E-02 -2.63645E-02 -4.57991E-01 -6.72080E-02  2.99706E-01 -3.71472E-01  2.22392E-01 -1.21630E-01 -4.32570E-01  1.35673E-01  2.84909E-02  8.86498E-02  3.17382E-03  5.42700E-03  1.13237E-01  2.33765E-01  1.34170E-01 -4.94410E-01  4.88564E-01 -2.61454E-01  3.25163E-01  9.08017E-02  2.63434E-01 -3.79179E-01  1.97869E-01  1.30192E-01  2.02686E-01  1.70101E-01  8.90140E-02  2.02038E-02 -8.78513E-02  2.69072E-01  5.70840E-01  3.37040E-01  2.39861E-02
 OMEGA(6,4)   -3.67406E-01 -1.62899E-01  2.47630E-03 -3.27305E-01  2.57112E-01  3.13899E-01  5.56129E-01 -1.31836E-02 -1.55292E-01  0.00000E+00  5.19157E-01  3.06306E-01 -5.06646E-01  5.36112E-01  6.47111E-01 -2.61798E-01  3.21769E-02  4.07093E-01 -1.93203E-01  3.64955E-01  2.90819E-01 -3.80417E-01  4.31999E-01 -3.52417E-01 -2.72320E-01 -7.62626E-02  2.49695E-01 -1.22132E-01 -4.94410E-01  1.52922E-01 -3.15199E-01  1.40859E-01  5.00183E-02 -1.19134E-01 -1.49625E-01  4.18852E-01  2.56055E-01 -7.27106E-02 -6.45031E-01 -9.50807E-02 -2.96976E-02  1.80300E-01  1.16017E-01  1.14707E-01 -3.62545E-01 -4.71461E-01 -1.39079E-01
 OMEGA(6,5)   -2.98004E-01  5.97475E-01 -5.91621E-01 -2.21015E-01  2.06625E-01  2.71307E-01 -3.88267E-01 -4.18378E-01 -3.69968E-01  0.00000E+00 -5.60523E-01  2.48042E-01  4.46675E-01 -2.74166E-02 -4.21198E-01 -9.94349E-03 -3.56430E-01 -2.73475E-01  2.48395E-01 -6.72901E-01 -3.79215E-01  1.75389E-02  4.29225E-02  4.60965E-01  5.95294E-01  4.33617E-01  3.71821E-01  6.62945E-01  4.88564E-01 -3.15199E-01  8.28276E-02  2.19252E-01  1.35121E-01  5.22006E-01  6.32579E-01  3.15081E-02  1.87135E-01 -4.72059E-01  3.58005E-01  5.08136E-01  5.63503E-01 -3.17923E-01  2.34944E-01 -1.90203E-01 -1.56303E-01  2.64248E-01  6.23061E-01
 OMEGA(6,6)   -5.94562E-01  4.16631E-01 -2.48066E-01 -5.49532E-01  5.41566E-01  6.63097E-01  1.96502E-01 -5.68884E-01 -6.30384E-01  0.00000E+00 -1.34167E-01  1.82300E-01  3.67563E-01  1.18780E-01 -3.95090E-02  2.73660E-02 -4.76653E-01  1.25371E-02  2.97561E-01 -6.42594E-01  4.81441E-02  5.41771E-02 -3.28598E-01  4.79006E-01  5.95244E-01  3.02154E-01  2.25631E-01  5.62307E-01 -2.61454E-01  1.40859E-01  2.19252E-01  1.55294E-01 -2.15855E-01  2.09539E-01  5.28153E-01  2.34170E-01 -1.31312E-01 -2.84894E-01  9.02870E-02  3.34602E-01  4.52357E-01 -2.09905E-01  3.51184E-01 -4.31770E-01 -5.45610E-01 -1.10522E-01  5.36076E-01
 OMEGA(7,1)    6.44062E-02 -7.83916E-02 -5.75769E-01  4.86033E-01 -2.12520E-01  1.50692E-02 -3.12040E-01  4.07283E-01  3.38705E-01  0.00000E+00  8.95540E-02  5.80136E-01 -4.91867E-01  5.16027E-01  1.87283E-01 -6.69306E-01  4.36309E-01 -3.55082E-01  2.97714E-01  1.00153E-01 -2.70204E-01  2.86725E-01 -1.53591E-02  2.13633E-01 -1.89399E-01 -3.09102E-01 -1.60421E-01  1.49312E-01  3.25163E-01  5.00183E-02  1.35121E-01 -2.15855E-01  1.60921E-01 -1.95756E-01  2.43581E-01  6.97038E-02  7.85260E-01 -1.19588E-01 -8.17751E-02  6.64732E-01 -1.17780E-01  3.75877E-01  2.79847E-01  6.85536E-01  2.58245E-01  6.32882E-01  2.52655E-01
 OMEGA(7,2)   -3.75669E-01  7.06642E-01 -1.47529E-01 -4.45014E-01  5.97195E-01  2.12175E-01  7.82851E-02 -5.87172E-01 -5.89819E-01  0.00000E+00 -6.29337E-01  2.13863E-01  6.37823E-01 -4.97018E-01 -3.39415E-01  4.80147E-01 -7.26723E-01  7.45498E-02 -3.09144E-01 -4.02392E-01 -1.72650E-01 -3.39279E-01  2.20609E-01  7.04788E-03  5.86180E-01  7.00672E-01  5.88538E-01  5.62494E-01  9.08017E-02 -1.19134E-01  5.22006E-01  2.09539E-01 -1.95756E-01  1.05630E-01  2.61395E-01  4.65430E-01 -1.40342E-01 -7.20034E-01  2.83685E-01  2.71807E-01  5.51802E-01 -5.87005E-01  5.95241E-02 -5.13471E-01 -3.62027E-01  9.53318E-02  6.00177E-01
 OMEGA(7,3)   -5.42220E-01  4.68296E-01 -6.58334E-01 -2.69872E-01  3.01556E-01  4.86570E-01 -2.72291E-01 -5.02335E-01 -4.07683E-01  0.00000E+00 -4.05548E-01  5.80961E-01  3.42691E-01  2.48191E-01 -9.76577E-03 -4.34441E-01 -3.68769E-01 -3.30703E-01  6.15240E-01 -7.60428E-01 -2.85287E-02  2.97577E-01 -3.03041E-01  5.27311E-01  6.29410E-01  5.13171E-01  2.18746E-01  6.73107E-01  2.63434E-01 -1.49625E-01  6.32579E-01  5.28153E-01  2.43581E-01  2.61395E-01  1.18882E-01  9.34942E-02  2.59249E-01 -3.85397E-01  3.26091E-01  6.59148E-01  7.28785E-01 -1.36247E-01  5.33689E-01 -1.40949E-01 -3.78871E-01  2.03643E-01  7.40578E-01
 OMEGA(7,4)   -3.33171E-01  4.16947E-01 -1.11678E-01 -2.15247E-01  4.67054E-01  4.09332E-01  4.08886E-01 -2.10017E-01 -3.26987E-01  0.00000E+00 -1.36149E-01  3.41526E-01  8.27087E-02 -7.51516E-02  9.42296E-02  6.98109E-03 -4.24478E-01  2.04844E-01 -3.27390E-01 -5.55026E-02 -1.86531E-01 -3.54880E-01  2.07389E-01 -2.41419E-02  3.38664E-01  2.40048E-01  4.30769E-01  2.92395E-01 -3.79179E-01  4.18852E-01  3.15081E-02  2.34170E-01  6.97038E-02  4.65430E-01  9.34942E-02  9.43740E-02  8.43124E-02 -6.73920E-01 -2.97160E-01  2.80871E-01  1.92780E-01 -2.37488E-01  1.71544E-01 -1.58048E-01 -3.87674E-01  9.95624E-02  4.14775E-01
 OMEGA(7,5)    1.63004E-02 -8.50603E-02 -6.07383E-01  3.46549E-01 -1.52603E-01  4.36049E-02 -2.21263E-01  3.24290E-01  3.23883E-01  0.00000E+00  2.32877E-01  4.98345E-01 -5.44549E-01  6.16313E-01  2.63829E-01 -7.14947E-01  4.40174E-01 -2.00576E-01  1.87626E-01  8.52776E-02 -2.72245E-01  1.73438E-01  1.39104E-01  2.36106E-01 -1.46051E-01 -3.12140E-01 -1.34449E-01  1.04198E-01  1.97869E-01  2.56055E-01  1.87135E-01 -1.31312E-01  7.85260E-01 -1.40342E-01  2.59249E-01  8.43124E-02  1.01625E-01 -1.66182E-01 -2.54417E-01  5.08853E-01 -9.41978E-02  4.59028E-01  3.04101E-01  6.83535E-01  9.15669E-02  3.80734E-01  1.87860E-01
 OMEGA(7,6)    4.20901E-01 -7.39501E-01  2.76785E-01  3.10526E-01 -6.26036E-01 -4.33145E-01 -4.17772E-02  4.37886E-01  4.75118E-01  0.00000E+00  4.50254E-01 -3.96062E-01 -4.28795E-01  2.53769E-01  1.50946E-01 -7.47663E-02  6.04255E-01  6.31399E-02  1.50340E-01  4.37081E-01  2.38259E-01  1.86475E-01 -9.47260E-02 -2.17309E-01 -5.86158E-01 -4.70709E-01 -5.30450E-01 -5.91705E-01  1.30192E-01 -7.27106E-02 -4.72059E-01 -2.84894E-01 -1.19588E-01 -7.20034E-01 -3.85397E-01 -6.73920E-01 -1.66182E-01  1.03301E-01 -1.35400E-01 -5.03193E-01 -4.35260E-01  3.87294E-01 -1.68830E-01  2.70210E-01  4.12356E-01 -3.34126E-01 -7.11826E-01
 OMEGA(7,7)   -1.76499E-01  3.19750E-01 -1.56394E-01 -6.77569E-02  1.77716E-01  4.25906E-02 -3.77257E-01 -4.43768E-01 -3.01161E-01  0.00000E+00 -5.25824E-01  5.91584E-02  6.08430E-01 -3.50512E-01 -4.25104E-01  2.31548E-01 -4.32176E-01 -2.12570E-01  2.72308E-01 -4.18892E-01  4.68600E-02  2.06337E-01 -2.57132E-01  2.32842E-01  3.59706E-01  4.51866E-01 -9.43258E-02  2.50302E-01  2.02686E-01 -6.45031E-01  3.58005E-01  9.02870E-02 -8.17751E-02  2.83685E-01  3.26091E-01 -2.97160E-01 -2.54417E-01 -1.35400E-01  1.45443E-01  2.76197E-01  4.44399E-01 -4.99541E-01  2.04317E-01 -3.10079E-01 -1.66914E-01  3.14620E-01  4.29061E-01
 OMEGA(8,1)   -4.36129E-01  3.85269E-01 -7.64370E-01 -1.32707E-02  2.91567E-01  5.23355E-01 -1.88578E-01 -2.53283E-01 -2.56835E-01  0.00000E+00 -3.49046E-01  7.21427E-01  1.63646E-01  3.10911E-01 -9.40850E-02 -4.35926E-01 -2.26661E-01 -3.37127E-01  4.89456E-01 -5.04796E-01 -2.45679E-01  2.56907E-01 -2.10198E-01  4.99492E-01  4.60254E-01  2.74086E-01  8.21507E-02  6.70206E-01  1.70101E-01 -9.50807E-02  5.08136E-01  3.34602E-01  6.64732E-01  2.71807E-01  6.59148E-01  2.80871E-01  5.08853E-01 -5.03193E-01  2.76197E-01  2.00435E-01  4.63897E-01 -1.36420E-01  5.62799E-01  1.11449E-01 -2.42151E-01  6.00715E-01  8.40959E-01
 OMEGA(8,2)   -7.34190E-01  4.98593E-01 -5.09386E-01 -5.87647E-01  5.63250E-01  4.97565E-01  2.73477E-02 -8.34341E-01 -7.08051E-01  0.00000E+00 -5.39475E-01  5.14647E-01  5.84975E-01  6.53066E-02 -7.53903E-02 -2.11171E-02 -7.40552E-01  1.57170E-02  3.82519E-01 -6.07682E-01  1.71285E-01 -2.90687E-02 -7.95215E-04  1.64487E-01  6.20552E-01  8.79059E-01  3.82105E-01  5.88301E-01  8.90140E-02 -2.96976E-02  5.63503E-01  4.52357E-01 -1.17780E-01  5.51802E-01  7.28785E-01  1.92780E-01 -9.41978E-02 -4.35260E-01  4.44399E-01  4.63897E-01  1.47771E-01 -5.72159E-01  5.52977E-01 -4.73144E-01 -6.45757E-01 -1.25315E-01  7.36765E-01
 OMEGA(8,3)    4.71314E-01 -5.92527E-01  1.01203E-01  4.46455E-01 -5.33600E-01 -2.09569E-01 -9.52315E-02  6.11913E-01  6.19864E-01  0.00000E+00  5.74850E-01 -3.95651E-02 -6.84467E-01  4.02787E-01  4.16883E-01 -4.06434E-01  7.84881E-01 -1.42424E-01  6.85116E-02  3.27066E-01 -6.60949E-02  3.59776E-01 -5.24202E-04  1.28270E-01 -4.17626E-01 -6.58764E-01 -4.49921E-01 -3.44938E-01  2.02038E-02  1.80300E-01 -3.17923E-01 -2.09905E-01  3.75877E-01 -5.87005E-01 -1.36247E-01 -2.37488E-01  4.59028E-01  3.87294E-01 -4.99541E-01 -1.36420E-01 -5.72159E-01  5.91279E-02 -1.96443E-01  6.75850E-01  3.98121E-01  1.47615E-01 -3.96325E-01
 OMEGA(8,4)   -6.43953E-01  1.11793E-01 -6.06872E-01 -2.62433E-01  2.87265E-01  4.23208E-01  1.19837E-01 -4.44463E-01 -3.91560E-01  0.00000E+00  2.58081E-02  5.83085E-01 -3.72101E-02  5.36467E-01  2.41443E-01 -4.75751E-01 -2.81009E-01  1.56921E-01  5.24166E-01 -2.35998E-01  2.96125E-01  8.29139E-02 -2.38188E-01  2.12398E-01  1.87591E-01  3.07356E-01 -9.92086E-02  2.55609E-01 -8.78513E-02  1.16017E-01  2.34944E-01  3.51184E-01  2.79847E-01  5.95241E-02  5.33689E-01  1.71544E-01  3.04101E-01 -1.68830E-01  2.04317E-01  5.62799E-01  5.52977E-01 -1.96443E-01  9.28556E-02 -7.60129E-02 -5.86492E-01 -3.96374E-02  5.27447E-01
 OMEGA(8,5)    5.14920E-01 -4.09365E-01 -2.68350E-01  7.01289E-01 -6.00021E-01 -2.47605E-01 -2.47880E-01  7.21407E-01  7.16027E-01  0.00000E+00  3.09828E-01  1.07247E-01 -7.04287E-01  4.86256E-01  1.49001E-01 -5.31611E-01  8.04436E-01 -2.78205E-01  7.97599E-02  3.92257E-01 -3.51255E-01  4.08772E-01  3.09550E-01  1.54278E-01 -4.14378E-01 -6.01642E-01 -4.69530E-01 -2.39821E-01  2.69072E-01  1.14707E-01 -1.90203E-01 -4.31770E-01  6.85536E-01 -5.13471E-01 -1.40949E-01 -1.58048E-01  6.83535E-01  2.70210E-01 -3.10079E-01  1.11449E-01 -4.73144E-01  6.75850E-01 -7.60129E-02  1.42343E-01  5.20355E-01  4.00407E-01 -2.69994E-01
 OMEGA(8,6)    8.42553E-01 -2.97540E-01  1.92697E-01  7.55499E-01 -7.14080E-01 -5.98251E-01 -4.06167E-01  8.28240E-01  7.80820E-01  0.00000E+00 -2.08932E-02 -4.37666E-01 -2.70356E-01 -1.74551E-01 -3.49677E-01  2.01774E-02  7.24985E-01 -4.42273E-01 -5.47128E-02  3.05283E-01 -4.59089E-01  2.54788E-01 -1.59272E-02 -2.45776E-02 -3.80598E-01 -5.88515E-01 -2.07767E-01 -1.89035E-01  5.70840E-01 -3.62545E-01 -1.56303E-01 -5.45610E-01  2.58245E-01 -3.62027E-01 -3.78871E-01 -3.87674E-01  9.15669E-02  4.12356E-01 -1.66914E-01 -2.42151E-01 -6.45757E-01  3.98121E-01 -5.86492E-01  5.20355E-01  2.01189E-01  3.95260E-01 -5.13895E-01
 OMEGA(8,7)    3.06678E-01  1.84698E-01 -3.11309E-01  5.82658E-01 -1.78796E-01  2.96196E-02 -4.89551E-01  3.09789E-01  3.28739E-01  0.00000E+00 -3.55371E-01  1.73326E-01  9.01968E-02 -1.36169E-01 -4.18219E-01 -1.68240E-01  1.88085E-01 -6.19110E-01  2.24016E-01 -2.62433E-01 -5.53492E-01  4.41279E-01 -2.14816E-01  4.83963E-01  2.20685E-01 -1.73040E-01 -1.78656E-01  3.53831E-01  3.37040E-01 -4.71461E-01  2.64248E-01 -1.10522E-01  6.32882E-01  9.53318E-02  2.03643E-01  9.95624E-02  3.80734E-01 -3.34126E-01  3.14620E-01  6.00715E-01 -1.25315E-01  1.47615E-01 -3.96374E-02  4.00407E-01  3.95260E-01  1.29384E-01  4.19341E-01
 OMEGA(8,8)   -6.14838E-01  6.15358E-01 -6.03817E-01 -3.24964E-01  5.90019E-01  6.60393E-01 -7.00705E-02 -6.29500E-01 -5.76566E-01  0.00000E+00 -5.81757E-01  6.06211E-01  5.39066E-01 -8.16231E-04 -2.10306E-01 -9.94299E-02 -6.43535E-01 -2.35787E-01  3.65879E-01 -7.27090E-01 -1.55003E-01  1.51640E-01 -1.60708E-01  4.96648E-01  7.74371E-01  6.26452E-01  2.89708E-01  8.07477E-01  2.39861E-02 -1.39079E-01  6.23061E-01  5.36076E-01  2.52655E-01  6.00177E-01  7.40578E-01  4.14775E-01  1.87860E-01 -7.11826E-01  4.29061E-01  8.40959E-01  7.36765E-01 -3.96325E-01  5.27447E-01 -2.69994E-01 -5.13895E-01  4.19341E-01  2.63778E-01
TABLE NO.     3: MCMC Bayesian Analysis: Problem=1 Subproblem=0 Superproblem1=0 Iteration1=0 Superproblem2=0 Iteration2=0
 NAME         THETA1       THETA2       THETA3       THETA4       THETA5       THETA6       THETA7       THETA8       SIGMA(1,1)   SIGMA(2,1)   SIGMA(2,2)   OMEGA(1,1)   OMEGA(2,1)   OMEGA(2,2)   OMEGA(3,1)   OMEGA(3,2)   OMEGA(3,3)   OMEGA(4,1)   OMEGA(4,2)   OMEGA(4,3)   OMEGA(4,4)   OMEGA(5,1)   OMEGA(5,2)   OMEGA(5,3)   OMEGA(5,4)   OMEGA(5,5)   OMEGA(6,1)   OMEGA(6,2)   OMEGA(6,3)   OMEGA(6,4)   OMEGA(6,5)   OMEGA(6,6)   OMEGA(7,1)   OMEGA(7,2)   OMEGA(7,3)   OMEGA(7,4)   OMEGA(7,5)   OMEGA(7,6)   OMEGA(7,7)   OMEGA(8,1)   OMEGA(8,2)   OMEGA(8,3)   OMEGA(8,4)   OMEGA(8,5)   OMEGA(8,6)   OMEGA(8,7)   OMEGA(8,8)
 THETA1        6.86788E-02 -1.23924E-01  8.18573E-02  1.05967E-01  1.00387E-01 -1.01229E-01  4.44259E-02  3.33316E-01  6.82209E-03  0.00000E+00 -1.39965E-03 -2.59144E-03 -1.00828E-03 -1.38439E-02  4.51614E-02 -8.34867E-03  6.20391E-03 -1.47842E-03 -4.84704E-02 -9.43769E-03 -2.27005E-02  2.12108E-02  6.14910E-02  2.35360E-02  2.65114E-02 -6.49997E-03  1.22717E-02 -1.81577E-02 -5.80723E-02 -1.68841E-02 -2.23485E-02  1.92699E-03 -2.53731E-02  6.38343E-02 -3.24274E-03 -3.17858E-03 -9.33662E-03 -4.91888E-02  1.06355E-03 -1.13260E-02 -1.45246E-02  1.43432E-02 -5.07192E-02  3.36277E-03 -3.79895E-02  1.14501E-02  1.55723E-02
 THETA2       -1.23924E-01  6.46836E-02 -1.27119E-02  1.34576E-01  6.22047E-02 -1.49043E-02 -1.67343E-01  2.94862E-01 -2.69592E-03  0.00000E+00  1.62379E-03 -5.18967E-02  8.50560E-02 -1.76611E-01  2.22171E-02  9.65612E-02 -2.08734E-03 -2.61654E-02 -1.66371E-01  8.17924E-03 -9.07058E-03 -2.70691E-02 -2.02153E-03 -3.12112E-02 -1.20785E-02  2.62499E-02 -3.21572E-02  8.70344E-02  3.10984E-02 -1.08080E-02 -1.58241E-02 -2.60999E-03  2.07416E-02  1.84682E-01  1.55342E-02 -4.22040E-02 -2.83868E-02  1.42623E-02  2.11554E-02 -5.68036E-02  6.12774E-03  2.73365E-02  1.80639E-02 -2.39584E-02  2.34614E-02 -6.02898E-02 -1.83151E-02
 THETA3        8.18573E-02 -1.27119E-02  4.78841E-02  3.84610E-02  7.46661E-03  2.47461E-02  9.16442E-02  1.96394E-01  3.32079E-03  0.00000E+00 -4.67448E-02 -3.02602E-02  2.18528E-02 -2.67242E-02  6.55619E-02  2.72082E-02 -9.19284E-02 -4.84889E-02  6.69189E-02  1.85132E-01  1.28787E-01 -2.28327E-03 -4.25195E-04 -8.09705E-02 -7.41420E-02  1.53132E-02  3.26419E-02 -3.25952E-02  1.56415E-02  3.32624E-02  2.88639E-03 -6.35530E-03 -2.09422E-03 -3.86680E-03 -3.07887E-02 -5.41576E-02  3.83471E-03 -1.91524E-02  8.13922E-03  1.09186E-02  3.75219E-02  9.30741E-02 -1.13775E-02 -1.00641E-02 -6.62919E-03 -6.21775E-02 -2.07890E-03
 THETA4        1.05967E-01  1.34576E-01  3.84610E-02  7.08067E-02 -1.39478E-01  9.02135E-02 -2.47102E-01  1.82612E-01 -1.37156E-03  0.00000E+00 -6.21883E-03  1.38051E-02  5.29843E-02  1.58018E-02  4.59169E-02  3.15729E-02 -4.37332E-03  8.11545E-03 -2.91432E-02  9.45494E-02  1.17617E-01  1.70790E-02  5.21175E-03 -3.34487E-02 -1.61895E-02  1.08092E-02  3.79465E-02 -7.08007E-03  4.42156E-02  6.74848E-02  1.32864E-02 -2.05550E-03  4.46437E-02  3.26571E-02 -6.30158E-02 -6.75211E-02  3.36960E-02  3.27757E-03  8.15675E-03  4.31655E-02 -4.67973E-03  4.85478E-02 -3.82807E-02  4.13191E-03  4.75739E-02  2.58678E-03  1.98097E-02
 THETA5        1.00387E-01  6.22047E-02  7.46661E-03 -1.39478E-01  5.96939E-02 -2.38818E-01  4.75518E-02 -9.26918E-03  2.03992E-02  0.00000E+00 -7.72063E-03  2.53886E-02 -5.81628E-02  4.14381E-02  4.10481E-02 -5.27712E-02  1.04165E-02 -3.97284E-02  5.95033E-02  1.77614E-03  1.40369E-02 -8.17084E-03  7.37691E-03  2.80666E-02  5.01619E-02 -8.13776E-04 -5.34317E-02  4.72898E-03 -6.82369E-02 -6.11763E-02 -2.68454E-02  5.10424E-02  1.60610E-02 -7.80330E-02  3.65759E-02  1.55757E-02 -8.82126E-02  4.49248E-03 -2.76029E-02 -6.76351E-03 -7.31573E-03  4.14552E-02  4.62957E-02 -2.98390E-02 -5.76686E-02 -1.57086E-02  5.38250E-02
 THETA6       -1.01229E-01 -1.49043E-02  2.47461E-02  9.02135E-02 -2.38818E-01  7.02730E-02  1.32638E-02 -2.14027E-01  1.92061E-02  0.00000E+00 -9.04662E-03 -1.24753E-02  2.91682E-02  1.45342E-02  2.39583E-02  2.04254E-02  9.88784E-03  8.79268E-03 -1.17623E-02 -1.53322E-03 -3.38941E-02  4.04510E-02 -3.66228E-02 -7.06019E-03 -9.08850E-03 -2.55749E-02  3.23482E-02 -1.54169E-02  3.02254E-02  1.03200E-01 -1.66688E-02 -5.29790E-02  1.16976E-02 -1.15467E-02  2.49705E-02  4.55066E-02 -3.99604E-02 -5.63754E-02 -5.45285E-02  2.28275E-02 -1.44975E-02  2.91588E-02 -3.04275E-03 -1.51361E-02  4.74260E-02  3.69423E-03 -8.43376E-03
 THETA7        4.44259E-02 -1.67343E-01  9.16442E-02 -2.47102E-01  4.75518E-02  1.32638E-02  6.56222E-02  2.62563E-01  2.78125E-02  0.00000E+00 -1.85298E-02  4.77589E-02 -2.54422E-02 -2.03061E-02  2.28313E-03 -8.11394E-03  6.41373E-03 -2.16714E-02  5.18545E-02 -3.09001E-03 -7.28168E-03  8.02077E-03  4.97452E-03  2.74519E-02 -1.99540E-02  2.54332E-03  2.12610E-02  1.94991E-02  2.02873E-02 -1.32458E-02 -2.55702E-04  7.87981E-03 -3.04629E-02 -5.78106E-02  1.54732E-02  6.80615E-03 -1.80128E-02 -6.09875E-02  6.44760E-03  6.98554E-03 -2.38085E-02 -1.67570E-02  1.31837E-02  4.98344E-03 -2.44332E-02 -8.32519E-03 -9.42781E-03
 THETA8        3.33316E-01  2.94862E-01  1.96394E-01  1.82612E-01 -9.26918E-03 -2.14027E-01  2.62563E-01  6.26232E-02  7.14933E-03  0.00000E+00 -4.06737E-02 -1.97569E-02 -2.12936E-02  4.40346E-02 -1.56969E-02  3.26602E-02 -1.02724E-02 -2.15773E-02  4.95953E-02  1.99633E-02 -3.94127E-03 -1.59938E-02  4.50279E-02  1.63245E-02  4.54747E-03  3.15723E-02 -6.07654E-03 -2.34478E-02  1.72856E-02 -1.80078E-02 -1.73961E-02  4.39678E-02 -2.54156E-02 -4.93798E-02  1.24942E-03 -5.66395E-02 -1.06618E-02 -6.66645E-03  6.08000E-02 -3.83118E-03  3.26752E-02  3.28060E-02 -1.06904E-02 -2.33553E-02 -1.85889E-02 -4.54585E-02  3.10772E-02
 SIGMA(1,1)    6.82209E-03 -2.69592E-03  3.32079E-03 -1.37156E-03  2.03992E-02  1.92061E-02  2.78125E-02  7.14933E-03  6.63877E-04  0.00000E+00 -4.24336E-02  1.82606E-02  1.15976E-02 -4.30920E-02 -1.55460E-04 -1.32844E-02 -7.56883E-02  6.24804E-02  1.96134E-03 -3.74714E-02  1.39982E-02 -4.58466E-02  3.40979E-02  2.39484E-03  1.80541E-02 -3.91621E-03  1.48914E-02 -3.00208E-02 -4.80253E-02  2.64515E-02  5.36088E-02  3.12170E-02 -1.06511E-02 -6.45281E-03 -1.61387E-02 -4.53311E-02 -6.39356E-04  3.14467E-02 -2.88243E-02  1.16301E-02  2.24087E-02 -5.11755E-02 -8.67413E-03 -7.15315E-03 -1.54155E-02 -5.66134E-02 -4.57771E-03
 SIGMA(2,1)    0.00000E+00  0.00000E+00  0.00000E+00  0.00000E+00  0.00000E+00  0.00000E+00  0.00000E+00  0.00000E+00  0.00000E+00  0.00000E+00  0.00000E+00  0.00000E+00  0.00000E+00  0.00000E+00  0.00000E+00  0.00000E+00  0.00000E+00  0.00000E+00  0.00000E+00  0.00000E+00  0.00000E+00  0.00000E+00  0.00000E+00  0.00000E+00  0.00000E+00  0.00000E+00  0.00000E+00  0.00000E+00  0.00000E+00  0.00000E+00  0.00000E+00  0.00000E+00  0.00000E+00  0.00000E+00  0.00000E+00  0.00000E+00  0.00000E+00  0.00000E+00  0.00000E+00  0.00000E+00  0.00000E+00  0.00000E+00  0.00000E+00  0.00000E+00  0.00000E+00  0.00000E+00  0.00000E+00
 SIGMA(2,2)   -1.39965E-03  1.62379E-03 -4.67448E-02 -6.21883E-03 -7.72063E-03 -9.04662E-03 -1.85298E-02 -4.06737E-02 -4.24336E-02  0.00000E+00  1.17239E-03 -1.24328E-02 -2.08223E-02  5.57393E-04  5.40015E-03  1.36955E-02 -2.22761E-02 -6.99949E-03 -4.38762E-02  9.68413E-03 -2.78691E-03 -3.02762E-02 -5.03469E-03 -7.24639E-04 -2.96765E-02 -1.78660E-02 -5.80270E-02  1.47413E-03  9.87420E-03 -4.06265E-02 -7.32759E-02 -6.47902E-02 -1.55636E-02  1.09088E-02  6.30838E-03  2.04113E-02 -1.21460E-02  1.40217E-02  3.01055E-02  2.95156E-02  2.52914E-02 -2.32418E-02  4.69506E-02  2.19025E-02 -1.52251E-02 -3.05901E-02  4.66605E-02
 OMEGA(1,1)   -2.59144E-03 -5.18967E-02 -3.02602E-02  1.38051E-02  2.53886E-02 -1.24753E-02  4.77589E-02 -1.97569E-02  1.82606E-02  0.00000E+00 -1.24328E-02  4.37372E-02 -1.85083E-01  6.99882E-02  1.41940E-01 -3.72099E-02  6.18091E-02  8.37697E-02  4.27728E-03 -2.11792E-02 -9.08916E-03  1.63848E-01 -2.34041E-02 -4.65028E-02  2.08420E-02  3.13173E-02 -7.85809E-02 -1.01040E-02  4.83519E-03 -4.63241E-02  1.90444E-02 -4.52985E-02  4.60432E-02 -5.34234E-02 -1.69931E-02  3.83321E-02 -3.03512E-02 -2.25556E-02 -1.31676E-02  4.07063E-01 -2.83557E-02  3.26752E-02  4.95086E-02  5.59863E-02 -4.77374E-02  2.15873E-02  1.12825E-01
 OMEGA(2,1)   -1.00828E-03  8.50560E-02  2.18528E-02  5.29843E-02 -5.81628E-02  2.91682E-02 -2.54422E-02 -2.12936E-02  1.15976E-02  0.00000E+00 -2.08223E-02 -1.85083E-01  2.45118E-02 -3.28081E-01 -3.79476E-02  7.48893E-02 -1.35296E-02  7.61706E-02 -3.47834E-02  1.13961E-02 -6.07681E-04  7.87684E-02  6.02856E-02  1.24022E-03  5.35404E-02  2.89777E-02  2.15789E-02  3.87140E-02 -8.08444E-03  2.59970E-02 -2.16478E-02  6.31321E-02 -1.76777E-01  1.63946E-01 -1.78803E-02  6.33629E-03 -2.46250E-02 -2.84900E-02 -2.42518E-02  1.32458E-01  1.31389E-01  6.84607E-03  4.49038E-02  5.27562E-02  1.43763E-02 -9.89238E-03  8.67690E-02
 OMEGA(2,2)   -1.38439E-02 -1.76611E-01 -2.67242E-02  1.58018E-02  4.14381E-02  1.45342E-02 -2.03061E-02  4.40346E-02 -4.30920E-02  0.00000E+00  5.57393E-04  6.99882E-02 -3.28081E-01  4.04211E-02 -1.43739E-02 -7.24187E-02 -1.94395E-03 -9.18258E-04  2.49489E-01  5.24280E-02  5.58311E-02 -2.15801E-02  1.36046E-01 -2.35121E-02 -1.89045E-02  5.18496E-02  6.92184E-03 -5.42444E-02  5.14442E-03 -3.72981E-02  1.41751E-02 -2.24349E-02  7.14918E-02 -3.95486E-01 -4.96799E-02 -6.85176E-02 -4.55533E-02  3.09996E-02  5.87224E-02 -2.58546E-02  4.55224E-01  2.43305E-02  2.93565E-02 -2.06501E-02 -4.94886E-02 -9.55962E-02  4.83047E-02
