TABLE NO.     1: Iterative Two Stage (No Prior): Problem=1 Subproblem=0 Superproblem1=0 Iteration1=0 Superproblem2=0 Iteration2=0
 NAME         THETA1       THETA2       THETA3       THETA4       SIGMA(1,1)   OMEGA(1,1)   OMEGA(2,1)   OMEGA(2,2)   OMEGA(3,1)   OMEGA(3,2)   OMEGA(3,3)   OMEGA(4,1)   OMEGA(4,2)   OMEGA(4,3)   OMEGA(4,4)
 THETA1        2.37773E-03  5.25251E-04  3.71907E-04  3.88519E-05  6.70813E-05 -2.16831E-04  1.45717E-05 -1.31189E-04 -1.33360E-04 -1.25236E-04 -3.32718E-04 -1.66281E-04 -2.95704E-04 -1.06796E-04 -4.99176E-05
 THETA2        5.25251E-04  2.72524E-03  4.93722E-04  3.89417E-04  6.72334E-05  8.19568E-05  1.31951E-04  3.79549E-05  4.20999E-05 -2.15450E-04 -2.64516E-04 -1.89896E-04 -2.01096E-04  1.85730E-05  3.54516E-05
 THETA3        3.71907E-04  4.93722E-04  4.43358E-03  1.94236E-03 -1.93796E-05  1.28809E-04  1.14648E-04 -2.03731E-04 -8.35308E-05  7.15399E-05  3.94188E-04  1.81842E-04  2.65529E-04  5.84849E-04  4.20029E-04
 THETA4        3.88519E-05  3.89417E-04  1.94236E-03  3.28035E-03  2.43410E-05 -8.47146E-06 -1.12449E-04 -8.75453E-05  1.77540E-04  3.25888E-04  7.82223E-04  1.88946E-04  2.33551E-04  6.29582E-04 -3.60619E-05
 SIGMA(1,1)    6.70813E-05  6.72334E-05 -1.93796E-05  2.43410E-05  7.67749E-05 -6.88835E-05 -5.17864E-05 -1.01892E-04 -6.93096E-05 -3.10089E-06 -1.42497E-04 -9.18820E-05 -5.77222E-05 -1.41600E-04 -1.46773E-04
 OMEGA(1,1)   -2.16831E-04  8.19568E-05  1.28809E-04 -8.47146E-06 -6.88835E-05  9.73586E-04  3.90499E-04  2.19406E-04  1.58245E-04  2.95313E-04  2.72734E-04  2.75481E-04  2.03955E-04  3.12813E-04  2.97807E-04
 OMEGA(2,1)    1.45717E-05  1.31951E-04  1.14648E-04 -1.12449E-04 -5.17864E-05  3.90499E-04  6.43622E-04  2.69705E-04  3.75932E-04  9.20588E-05  2.07880E-04  2.79930E-04  1.46957E-04  1.31885E-04  1.35647E-04
 OMEGA(2,2)   -1.31189E-04  3.79549E-05 -2.03731E-04 -8.75453E-05 -1.01892E-04  2.19406E-04  2.69705E-04  1.46924E-03  9.92122E-05  6.50443E-04  7.24313E-04  2.02951E-04  6.19015E-04  5.94571E-04  4.60676E-04
 OMEGA(3,1)   -1.33360E-04  4.20999E-05 -8.35308E-05  1.77540E-04 -6.93096E-05  1.58245E-04  3.75932E-04  9.92122E-05  1.14857E-03 -1.58746E-05  8.46724E-04  6.18465E-04  2.65176E-05  3.37597E-04  1.38066E-04
 OMEGA(3,2)   -1.25236E-04 -2.15450E-04  7.15399E-05  3.25888E-04 -3.10089E-06  2.95313E-04  9.20588E-05  6.50443E-04 -1.58746E-05  1.71716E-03  8.85913E-04  3.38899E-05  8.71607E-04  7.30196E-04  3.75464E-04
 OMEGA(3,3)   -3.32718E-04 -2.64516E-04  3.94188E-04  7.82223E-04 -1.42497E-04  2.72734E-04  2.07880E-04  7.24313E-04  8.46724E-04  8.85913E-04  4.39296E-03  4.65900E-04  6.72252E-04  2.60493E-03  1.47312E-03
 OMEGA(4,1)   -1.66281E-04 -1.89896E-04  1.81842E-04  1.88946E-04 -9.18820E-05  2.75481E-04  2.79930E-04  2.02951E-04  6.18465E-04  3.38899E-05  4.65900E-04  8.58702E-04  1.51439E-04  3.00573E-04  2.14617E-04
 OMEGA(4,2)   -2.95704E-04 -2.01096E-04  2.65529E-04  2.33551E-04 -5.77222E-05  2.03955E-04  1.46957E-04  6.19015E-04  2.65176E-05  8.71607E-04  6.72252E-04  1.51439E-04  9.56565E-04  6.23668E-04  4.63235E-04
 OMEGA(4,3)   -1.06796E-04  1.85730E-05  5.84849E-04  6.29582E-04 -1.41600E-04  3.12813E-04  1.31885E-04  5.94571E-04  3.37597E-04  7.30196E-04  2.60493E-03  3.00573E-04  6.23668E-04  2.49502E-03  1.64849E-03
 OMEGA(4,4)   -4.99176E-05  3.54516E-05  4.20029E-04 -3.60619E-05 -1.46773E-04  2.97807E-04  1.35647E-04  4.60676E-04  1.38066E-04  3.75464E-04  1.47312E-03  2.14617E-04  4.63235E-04  1.64849E-03  1.80880E-03
TABLE NO.     2: Stochastic Approximation Expectation-Maximization (No Prior): Problem=1 Subproblem=0 Superproblem1=0 Iteration1=0 Superproblem2=0 Iteration2=0
 NAME         THETA1       THETA2       THETA3       THETA4       SIGMA(1,1)   OMEGA(1,1)   OMEGA(2,1)   OMEGA(2,2)   OMEGA(3,1)   OMEGA(3,2)   OMEGA(3,3)   OMEGA(4,1)   OMEGA(4,2)   OMEGA(4,3)   OMEGA(4,4)
 THETA1        2.35518E-03  4.94770E-04  4.10306E-04 -2.29879E-05  2.78005E-05 -1.85430E-04  7.81153E-05 -1.39580E-04 -1.02148E-04 -1.62374E-04 -3.40793E-04 -1.25754E-04 -2.67874E-04 -1.17339E-04 -2.84304E-05
 THETA2        4.94770E-04  2.99968E-03  1.03055E-04  2.81988E-04  7.71420E-05  1.27100E-04  1.40516E-04 -1.77682E-04  6.57570E-05 -2.55034E-04 -5.90463E-04 -1.68215E-04 -2.73950E-04 -2.67326E-04 -1.22200E-04
 THETA3        4.10306E-04  1.03055E-04  4.81326E-03  1.81487E-03 -1.04498E-05  8.62199E-05  7.69214E-05 -3.93741E-04 -2.91221E-04  1.33463E-04 -9.91501E-06  9.00362E-05  1.97961E-04  4.20179E-04  2.66760E-04
 THETA4       -2.29879E-05  2.81988E-04  1.81487E-03  3.08786E-03  1.25997E-05 -2.67657E-05 -9.33645E-05 -2.10291E-04  1.09926E-04  1.49927E-04  5.71696E-04  1.53385E-04  1.54893E-04  4.52758E-04 -1.20091E-04
 SIGMA(1,1)    2.78005E-05  7.71420E-05 -1.04498E-05  1.25997E-05  6.91455E-05 -5.94489E-05 -4.26643E-05 -8.51879E-05 -5.81796E-05 -2.62232E-05 -9.97308E-05 -8.39776E-05 -4.97672E-05 -1.12508E-04 -1.21344E-04
 OMEGA(1,1)   -1.85430E-04  1.27100E-04  8.62199E-05 -2.67657E-05 -5.94489E-05  9.38347E-04  3.69801E-04  1.35897E-04  1.10073E-04  3.04206E-04  2.39587E-04  2.16309E-04  1.50913E-04  2.74398E-04  2.52869E-04
 OMEGA(2,1)    7.81153E-05  1.40516E-04  7.69214E-05 -9.33645E-05 -4.26643E-05  3.69801E-04  6.64620E-04  2.38781E-04  2.94096E-04  1.33865E-05  9.37717E-05  2.45854E-04  1.07848E-04  6.21851E-05  9.50685E-05
 OMEGA(2,2)   -1.39580E-04 -1.77682E-04 -3.93741E-04 -2.10291E-04 -8.51879E-05  1.35897E-04  2.38781E-04  1.57449E-03 -3.18041E-05  4.58028E-04  3.85905E-04  1.61727E-04  5.86998E-04  3.51490E-04  3.24469E-04
 OMEGA(3,1)   -1.02148E-04  6.57570E-05 -2.91221E-04  1.09926E-04 -5.81796E-05  1.10073E-04  2.94096E-04 -3.18041E-05  1.23409E-03 -1.95741E-04  8.16408E-04  5.81533E-04 -7.57215E-05  2.57029E-04  1.13638E-04
 OMEGA(3,2)   -1.62374E-04 -2.55034E-04  1.33463E-04  1.49927E-04 -2.62232E-05  3.04206E-04  1.33865E-05  4.58028E-04 -1.95741E-04  2.05456E-03  6.43684E-04 -2.88651E-05  8.19953E-04  5.65852E-04  2.54133E-04
 OMEGA(3,3)   -3.40793E-04 -5.90463E-04 -9.91501E-06  5.71696E-04 -9.97308E-05  2.39587E-04  9.37717E-05  3.85905E-04  8.16408E-04  6.43684E-04  4.13369E-03  4.12645E-04  4.02919E-04  2.16300E-03  1.05633E-03
 OMEGA(4,1)   -1.25754E-04 -1.68215E-04  9.00362E-05  1.53385E-04 -8.39776E-05  2.16309E-04  2.45854E-04  1.61727E-04  5.81533E-04 -2.88651E-05  4.12645E-04  8.40995E-04  1.09604E-04  3.20241E-04  2.19815E-04
 OMEGA(4,2)   -2.67874E-04 -2.73950E-04  1.97961E-04  1.54893E-04 -4.97672E-05  1.50913E-04  1.07848E-04  5.86998E-04 -7.57215E-05  8.19953E-04  4.02919E-04  1.09604E-04  9.52179E-04  3.80338E-04  3.33303E-04
 OMEGA(4,3)   -1.17339E-04 -2.67326E-04  4.20179E-04  4.52758E-04 -1.12508E-04  2.74398E-04  6.21851E-05  3.51490E-04  2.57029E-04  5.65852E-04  2.16300E-03  3.20241E-04  3.80338E-04  2.16632E-03  1.26496E-03
 OMEGA(4,4)   -2.84304E-05 -1.22200E-04  2.66760E-04 -1.20091E-04 -1.21344E-04  2.52869E-04  9.50685E-05  3.24469E-04  1.13638E-04  2.54133E-04  1.05633E-03  2.19815E-04  3.33303E-04  1.26496E-03  1.50557E-03
TABLE NO.     3: Objective Function Evaluation by Importance Sampling (No Prior): Problem=1 Subproblem=0 Superproblem1=0 Iteration1=0 Superproblem2=0 Iteration2=0
 NAME         THETA1       THETA2       THETA3       THETA4       SIGMA(1,1)   OMEGA(1,1)   OMEGA(2,1)   OMEGA(2,2)   OMEGA(3,1)   OMEGA(3,2)   OMEGA(3,3)   OMEGA(4,1)   OMEGA(4,2)   OMEGA(4,3)   OMEGA(4,4)
 THETA1        2.16846E-03  4.72360E-04  5.45820E-04  2.19494E-04  4.86853E-06  8.66996E-05  8.36591E-05 -8.91698E-05  1.31009E-04  8.81515E-05  8.21365E-05  1.00639E-04  1.72373E-05  5.90666E-05  4.21189E-05
 THETA2        4.72360E-04  2.99971E-03  4.32054E-04  5.97093E-04  2.62287E-05  1.90913E-04  1.60304E-04 -2.46743E-04  2.44850E-04  3.87057E-04 -2.59515E-04  1.52203E-04  5.52558E-06 -4.91299E-05  8.28169E-05
 THETA3        5.45820E-04  4.32054E-04  5.09262E-03  2.06680E-03  2.23761E-05  2.33700E-04  2.37789E-04 -4.52950E-04  8.54731E-05  5.69886E-04  6.50449E-04  2.30803E-04  2.55610E-04  1.65898E-04 -5.27650E-05
 THETA4        2.19494E-04  5.97093E-04  2.06680E-03  2.97381E-03  1.96243E-05  1.70890E-04  1.52784E-04 -2.55743E-04  1.80839E-04  1.78194E-04  3.17372E-04  1.70304E-04  1.63150E-04  5.97658E-05  6.06300E-05
 SIGMA(1,1)    4.86853E-06  2.62287E-05  2.23761E-05  1.96243E-05  5.31077E-05 -1.56058E-05 -1.96819E-05 -6.18947E-05 -3.49784E-05 -5.51327E-06 -1.55116E-04 -3.18042E-05 -1.98022E-05 -9.69516E-05 -7.65910E-05
 OMEGA(1,1)    8.66996E-05  1.90913E-04  2.33700E-04  1.70890E-04 -1.56058E-05  8.86901E-04  2.23041E-04 -4.70198E-05  2.36825E-04  1.21569E-04  1.80416E-04  1.23347E-04  3.75405E-05  9.46807E-05  6.27137E-05
 OMEGA(2,1)    8.36591E-05  1.60304E-04  2.37789E-04  1.52784E-04 -1.96819E-05  2.23041E-04  5.45552E-04  1.18059E-04  1.60705E-04  1.82648E-04  1.73253E-04  1.75295E-04  7.85615E-05  1.08381E-04  7.05090E-05
 OMEGA(2,2)   -8.91698E-05 -2.46743E-04 -4.52950E-04 -2.55743E-04 -6.18947E-05 -4.70198E-05  1.18059E-04  1.27680E-03 -4.72535E-05 -5.79729E-05 -2.58533E-05  3.19419E-06  2.31900E-04  7.69073E-05  1.65594E-04
 OMEGA(3,1)    1.31009E-04  2.44850E-04  8.54731E-05  1.80839E-04 -3.49784E-05  2.36825E-04  1.60705E-04 -4.72535E-05  9.36532E-04  2.01890E-04  5.20760E-04  4.06802E-04  7.55660E-05  2.59306E-04  1.56415E-04
 OMEGA(3,2)    8.81515E-05  3.87057E-04  5.69886E-04  1.78194E-04 -5.51327E-06  1.21569E-04  1.82648E-04 -5.79729E-05  2.01890E-04  1.31131E-03  2.06915E-04  1.21710E-04  4.14113E-04  2.12119E-04  1.39169E-04
 OMEGA(3,3)    8.21365E-05 -2.59515E-04  6.50449E-04  3.17372E-04 -1.55116E-04  1.80416E-04  1.73253E-04 -2.58533E-05  5.20760E-04  2.06915E-04  4.25690E-03  3.25224E-04  2.13824E-04  1.66625E-03  6.55535E-04
 OMEGA(4,1)    1.00639E-04  1.52203E-04  2.30803E-04  1.70304E-04 -3.18042E-05  1.23347E-04  1.75295E-04  3.19419E-06  4.06802E-04  1.21710E-04  3.25224E-04  6.12206E-04  1.38880E-04  2.47505E-04  1.55219E-04
 OMEGA(4,2)    1.72373E-05  5.52558E-06  2.55610E-04  1.63150E-04 -1.98022E-05  3.75405E-05  7.85615E-05  2.31900E-04  7.55660E-05  4.14113E-04  2.13824E-04  1.38880E-04  7.06864E-04  2.44104E-04  3.56932E-04
 OMEGA(4,3)    5.90666E-05 -4.91299E-05  1.65898E-04  5.97658E-05 -9.69516E-05  9.46807E-05  1.08381E-04  7.69073E-05  2.59306E-04  2.12119E-04  1.66625E-03  2.47505E-04  2.44104E-04  1.43188E-03  8.92980E-04
 OMEGA(4,4)    4.21189E-05  8.28169E-05 -5.27650E-05  6.06300E-05 -7.65910E-05  6.27137E-05  7.05090E-05  1.65594E-04  1.56415E-04  1.39169E-04  6.55535E-04  1.55219E-04  3.56932E-04  8.92980E-04  1.43521E-03
TABLE NO.     4: MCMC Bayesian Analysis: Problem=1 Subproblem=0 Superproblem1=0 Iteration1=0 Superproblem2=0 Iteration2=0
 NAME         THETA1       THETA2       THETA3       THETA4       SIGMA(1,1)   OMEGA(1,1)   OMEGA(2,1)   OMEGA(2,2)   OMEGA(3,1)   OMEGA(3,2)   OMEGA(3,3)   OMEGA(4,1)   OMEGA(4,2)   OMEGA(4,3)   OMEGA(4,4)
 THETA1        2.28138E-03  3.90625E-04  6.58333E-04  2.53115E-04  1.28019E-05  6.36205E-05  5.83133E-05 -1.00962E-04  6.09232E-05  6.35590E-05  2.96522E-05  4.37398E-05  1.21443E-05 -2.15843E-05 -4.02694E-05
 THETA2        3.90625E-04  3.15154E-03  2.14778E-04  4.53374E-04  3.58314E-05  1.62632E-04  1.27255E-04 -2.27745E-04  1.90933E-04  1.73762E-04 -1.34052E-04  1.22283E-04 -4.37581E-05 -3.87386E-05  7.60155E-05
 THETA3        6.58333E-04  2.14778E-04  5.53115E-03  2.30683E-03  7.15665E-05  1.60544E-04  1.87263E-04 -5.81359E-04 -4.70055E-05  4.32745E-04  1.93783E-04  1.58991E-04  2.43496E-04 -2.20630E-04 -3.12019E-04
 THETA4        2.53115E-04  4.53374E-04  2.30683E-03  3.26196E-03  5.68873E-05  1.18667E-04  1.14178E-04 -3.72061E-04  6.20817E-05  1.25873E-04  6.17830E-05  1.02172E-04  1.87905E-04 -2.26237E-04 -1.22940E-04
 SIGMA(1,1)    1.28019E-05  3.58314E-05  7.15665E-05  5.68873E-05  5.75785E-05 -1.12614E-05 -1.03835E-05 -6.52667E-05 -1.95755E-05 -7.76523E-06 -1.38654E-04 -1.93465E-05 -1.70238E-05 -9.67728E-05 -7.90588E-05
 OMEGA(1,1)    6.36205E-05  1.62632E-04  1.60544E-04  1.18667E-04 -1.12614E-05  1.00193E-03  1.85766E-04 -5.66923E-05  2.71726E-04  6.97588E-05  1.58039E-04  1.28169E-04  2.84393E-05  5.38803E-05  4.39035E-05
 OMEGA(2,1)    5.83133E-05  1.27255E-04  1.87263E-04  1.14178E-04 -1.03835E-05  1.85766E-04  6.45142E-04  7.65749E-05  1.16025E-04  1.69496E-04  1.18905E-04  1.49257E-04  3.91214E-05  7.13856E-05  5.24928E-05
 OMEGA(2,2)   -1.00962E-04 -2.27745E-04 -5.81359E-04 -3.72061E-04 -6.52667E-05 -5.66923E-05  7.65749E-05  1.68866E-03 -8.51279E-05  2.59831E-05 -5.16661E-05 -6.31043E-05  2.18257E-04  9.80009E-05  1.86376E-04
 OMEGA(3,1)    6.09232E-05  1.90933E-04 -4.70055E-05  6.20817E-05 -1.95755E-05  2.71726E-04  1.16025E-04 -8.51279E-05  9.36894E-04  1.45604E-04  5.29526E-04  3.80682E-04  7.84277E-05  2.09503E-04  1.10099E-04
 OMEGA(3,2)    6.35590E-05  1.73762E-04  4.32745E-04  1.25873E-04 -7.76523E-06  6.97588E-05  1.69496E-04  2.59831E-05  1.45604E-04  1.24254E-03  3.97045E-04  7.59403E-05  3.69091E-04  2.40127E-04  1.09165E-04
 OMEGA(3,3)    2.96522E-05 -1.34052E-04  1.93783E-04  6.17830E-05 -1.38654E-04  1.58039E-04  1.18905E-04 -5.16661E-05  5.29526E-04  3.97045E-04  3.85933E-03  2.70533E-04  2.68871E-04  1.50980E-03  6.61146E-04
 OMEGA(4,1)    4.37398E-05  1.22283E-04  1.58991E-04  1.02172E-04 -1.93465E-05  1.28169E-04  1.49257E-04 -6.31043E-05  3.80682E-04  7.59403E-05  2.70533E-04  6.53372E-04  1.19784E-04  2.42491E-04  1.35647E-04
 OMEGA(4,2)    1.21443E-05 -4.37581E-05  2.43496E-04  1.87905E-04 -1.70238E-05  2.84393E-05  3.91214E-05  2.18257E-04  7.84277E-05  3.69091E-04  2.68871E-04  1.19784E-04  7.49317E-04  2.36488E-04  3.27977E-04
 OMEGA(4,3)   -2.15843E-05 -3.87386E-05 -2.20630E-04 -2.26237E-04 -9.67728E-05  5.38803E-05  7.13856E-05  9.80009E-05  2.09503E-04  2.40127E-04  1.50980E-03  2.42491E-04  2.36488E-04  1.47273E-03  9.31644E-04
 OMEGA(4,4)   -4.02694E-05  7.60155E-05 -3.12019E-04 -1.22940E-04 -7.90588E-05  4.39035E-05  5.24928E-05  1.86376E-04  1.10099E-04  1.09165E-04  6.61146E-04  1.35647E-04  3.27977E-04  9.31644E-04  1.60325E-03
TABLE NO.     5: First Order Conditional Estimation with Interaction (No Prior): Problem=1 Subproblem=0 Superproblem1=0 Iteration1=0 Superproblem2=0 Iteration2=0
 NAME         THETA1       THETA2       THETA3       THETA4       SIGMA(1,1)   OMEGA(1,1)   OMEGA(2,1)   OMEGA(2,2)   OMEGA(3,1)   OMEGA(3,2)   OMEGA(3,3)   OMEGA(4,1)   OMEGA(4,2)   OMEGA(4,3)   OMEGA(4,4)
 THETA1        2.15546E-03  3.77539E-04  6.69377E-04  3.20992E-04  1.33934E-05  9.00663E-05  9.58061E-05 -1.43796E-05  1.17569E-04  7.04997E-05  2.41419E-04  1.02657E-04  4.29776E-05  1.46831E-04  1.02355E-04
 THETA2        3.77539E-04  2.63852E-03  5.20412E-04  5.26584E-04  1.30415E-06  1.76245E-04  1.56739E-04  1.22329E-04  2.48645E-04  8.07053E-05 -4.58274E-06  1.85530E-04 -6.28431E-06  9.35681E-05  1.78805E-04
 THETA3        6.69377E-04  5.20412E-04  5.16010E-03  2.29907E-03 -1.17398E-06  2.36264E-04  3.14018E-04 -3.14090E-04  1.49804E-04  6.22786E-04  1.36017E-03  2.74992E-04  3.74293E-04  5.16680E-04  1.78570E-04
 THETA4        3.20992E-04  5.26584E-04  2.29907E-03  3.01378E-03  1.73572E-06  1.90541E-04  2.14980E-04 -1.49669E-04  2.21546E-04  2.74166E-04  7.66436E-04  2.30304E-04  2.23288E-04  3.17078E-04  1.93348E-04
 SIGMA(1,1)    1.33934E-05  1.30415E-06 -1.17398E-06  1.73572E-06  8.35189E-05 -2.44158E-05 -5.13760E-05 -1.31825E-04 -8.89507E-05 -7.58933E-06 -2.98284E-04 -7.76520E-05 -3.80028E-05 -1.92769E-04 -1.49099E-04
 OMEGA(1,1)    9.00663E-05  1.76245E-04  2.36264E-04  1.90541E-04 -2.44158E-05  8.54503E-04  1.88285E-04  1.32880E-05  2.99043E-04  8.50180E-05  2.68259E-04  1.74409E-04  4.66795E-05  1.54908E-04  1.07348E-04
 OMEGA(2,1)    9.58061E-05  1.56739E-04  3.14018E-04  2.14980E-04 -5.13760E-05  1.88285E-04  5.42030E-04  1.53785E-04  2.50280E-04  2.01115E-04  3.85163E-04  2.14353E-04  1.03351E-04  2.22359E-04  1.53823E-04
 OMEGA(2,2)   -1.43796E-05  1.22329E-04 -3.14090E-04 -1.49669E-04 -1.31825E-04  1.32880E-05  1.53785E-04  1.32537E-03  1.38927E-04  1.04309E-04  2.74325E-04  1.25546E-04  2.25577E-04  2.84565E-04  3.08878E-04
 OMEGA(3,1)    1.17569E-04  2.48645E-04  1.49804E-04  2.21546E-04 -8.89507E-05  2.99043E-04  2.50280E-04  1.38927E-04  9.56911E-04  1.34289E-04  8.17985E-04  4.85329E-04  8.92215E-05  4.73884E-04  3.11709E-04
 OMEGA(3,2)    7.04997E-05  8.07053E-05  6.22786E-04  2.74166E-04 -7.58933E-06  8.50180E-05  2.01115E-04  1.04309E-04  1.34289E-04  1.03792E-03  7.09486E-04  9.58311E-05  4.09817E-04  3.15182E-04  1.49653E-04
 OMEGA(3,3)    2.41419E-04 -4.58274E-06  1.36017E-03  7.66436E-04 -2.98284E-04  2.68259E-04  3.85163E-04  2.74325E-04  8.17985E-04  7.09486E-04  4.78293E-03  5.72871E-04  4.40703E-04  2.23832E-03  1.13519E-03
 OMEGA(4,1)    1.02657E-04  1.85530E-04  2.74992E-04  2.30304E-04 -7.76520E-05  1.74409E-04  2.14353E-04  1.25546E-04  4.85329E-04  9.58311E-05  5.72871E-04  6.53409E-04  1.50922E-04  4.29491E-04  3.12954E-04
 OMEGA(4,2)    4.29776E-05 -6.28431E-06  3.74293E-04  2.23288E-04 -3.80028E-05  4.66795E-05  1.03351E-04  2.25577E-04  8.92215E-05  4.09817E-04  4.40703E-04  1.50922E-04  6.67070E-04  3.77914E-04  3.88531E-04
 OMEGA(4,3)    1.46831E-04  9.35681E-05  5.16680E-04  3.17078E-04 -1.92769E-04  1.54908E-04  2.22359E-04  2.84565E-04  4.73884E-04  3.15182E-04  2.23832E-03  4.29491E-04  3.77914E-04  1.76520E-03  1.16543E-03
 OMEGA(4,4)    1.02355E-04  1.78805E-04  1.78570E-04  1.93348E-04 -1.49099E-04  1.07348E-04  1.53823E-04  3.08878E-04  3.11709E-04  1.49653E-04  1.13519E-03  3.12954E-04  3.88531E-04  1.16543E-03  1.55233E-03
