TABLE NO.     1: Iterative Two Stage: Problem=1 Subproblem=0 Superproblem1=0 Iteration1=0 Superproblem2=0 Iteration2=0
 NAME         THETA1       THETA2       THETA3       THETA4       SIGMA(1,1)   OMEGA(1,1)   OMEGA(2,1)   OMEGA(2,2)
 THETA1        1.67144E-04 -4.17547E-05 -3.21135E-05  1.78090E-05  1.44312E-07 -3.80126E-06  1.75603E-06  8.28463E-07
 THETA2       -4.17547E-05  2.97812E-04  6.02958E-06 -9.38509E-06 -3.56358E-07  1.92649E-06  4.64113E-06 -4.41795E-06
 THETA3       -3.21135E-05  6.02958E-06  2.49499E-04 -7.45720E-06  1.60915E-07  2.25131E-06 -2.88945E-06 -8.40394E-07
 THETA4        1.78090E-05 -9.38509E-06 -7.45720E-06  7.90874E-04 -5.17602E-07  4.23821E-07 -2.59426E-06  1.98987E-05
 SIGMA(1,1)    1.44312E-07 -3.56358E-07  1.60915E-07 -5.17602E-07  1.16521E-07  8.76127E-08 -5.30019E-08 -4.76164E-08
 OMEGA(1,1)   -3.80126E-06  1.92649E-06  2.25131E-06  4.23821E-07  8.76127E-08  1.88514E-05 -5.07293E-06  4.82312E-07
 OMEGA(2,1)    1.75603E-06  4.64113E-06 -2.88945E-06 -2.59426E-06 -5.30019E-08 -5.07293E-06  7.03556E-06 -3.07751E-06
 OMEGA(2,2)    8.28463E-07 -4.41795E-06 -8.40394E-07  1.98987E-05 -4.76164E-08  4.82312E-07 -3.07751E-06  8.99978E-06
TABLE NO.     2: Importance Sampling assisted by MAP Estimation: Problem=1 Subproblem=0 Superproblem1=0 Iteration1=0 Superproblem2=0 Iteration2=0
 NAME         THETA1       THETA2       THETA3       THETA4       SIGMA(1,1)   OMEGA(1,1)   OMEGA(2,1)   OMEGA(2,2)
 THETA1        1.65450E-04 -4.28721E-05 -3.07843E-05  1.63197E-05  1.02660E-07 -8.33012E-09 -3.06693E-07  9.28333E-07
 THETA2       -4.28721E-05  3.03090E-04  1.91091E-06 -1.07942E-05 -4.23402E-07  1.79783E-06  5.95166E-06 -5.53022E-06
 THETA3       -3.07843E-05  1.91091E-06  2.53899E-04 -9.09081E-07  2.92169E-07 -1.58627E-06 -4.65647E-06  2.87616E-06
 THETA4        1.63197E-05 -1.07942E-05 -9.09081E-07  8.08181E-04 -4.64517E-07  2.62481E-06 -2.37068E-06  2.75626E-05
 SIGMA(1,1)    1.02660E-07 -4.23402E-07  2.92169E-07 -4.64517E-07  1.17516E-07 -2.49566E-08 -4.28052E-09 -1.33303E-08
 OMEGA(1,1)   -8.33012E-09  1.79783E-06 -1.58627E-06  2.62481E-06 -2.49566E-08  1.63433E-05 -3.55266E-06  8.28454E-07
 OMEGA(2,1)   -3.06693E-07  5.95166E-06 -4.65647E-06 -2.37068E-06 -4.28052E-09 -3.55266E-06  7.52606E-06 -3.21542E-06
 OMEGA(2,2)    9.28333E-07 -5.53022E-06  2.87616E-06  2.75626E-05 -1.33303E-08  8.28454E-07 -3.21542E-06  1.25314E-05
TABLE NO.     3: Importance Sampling: Problem=1 Subproblem=0 Superproblem1=0 Iteration1=0 Superproblem2=0 Iteration2=0
 NAME         THETA1       THETA2       THETA3       THETA4       SIGMA(1,1)   OMEGA(1,1)   OMEGA(2,1)   OMEGA(2,2)
 THETA1        1.65539E-04 -4.23174E-05 -3.10891E-05  1.59777E-05  1.04143E-07 -6.37234E-08 -2.08979E-07  8.61811E-07
 THETA2       -4.23174E-05  3.00740E-04  2.12279E-06 -9.15270E-06 -4.15883E-07  1.86184E-06  5.72279E-06 -5.19187E-06
 THETA3       -3.10891E-05  2.12279E-06  2.54746E-04 -8.73787E-07  2.87556E-07 -1.61411E-06 -4.56543E-06  2.88957E-06
 THETA4        1.59777E-05 -9.15270E-06 -8.73787E-07  8.06783E-04 -4.38912E-07  2.57451E-06 -2.22170E-06  2.70764E-05
 SIGMA(1,1)    1.04143E-07 -4.15883E-07  2.87556E-07 -4.38912E-07  1.17666E-07 -2.48705E-08 -4.85016E-09 -1.08812E-08
 OMEGA(1,1)   -6.37234E-08  1.86184E-06 -1.61411E-06  2.57451E-06 -2.48705E-08  1.63706E-05 -3.52384E-06  8.14964E-07
 OMEGA(2,1)   -2.08979E-07  5.72279E-06 -4.56543E-06 -2.22170E-06 -4.85016E-09 -3.52384E-06  7.47329E-06 -3.16234E-06
 OMEGA(2,2)    8.61811E-07 -5.19187E-06  2.88957E-06  2.70764E-05 -1.08812E-08  8.14964E-07 -3.16234E-06  1.23451E-05
TABLE NO.     4: Stochastic Approximation Expectation-Maximization: Problem=1 Subproblem=0 Superproblem1=0 Iteration1=0 Superproblem2=0 Iteration2=0
 NAME         THETA1       THETA2       THETA3       THETA4       SIGMA(1,1)   OMEGA(1,1)   OMEGA(2,1)   OMEGA(2,2)
 THETA1        1.67621E-04 -4.21495E-05 -3.26886E-05  1.75927E-05  1.32254E-07 -3.98635E-06  1.85568E-06  8.97387E-07
 THETA2       -4.21495E-05  2.99880E-04  6.24001E-06 -9.26926E-06 -4.21611E-07  1.97806E-06  4.75503E-06 -4.62678E-06
 THETA3       -3.26886E-05  6.24001E-06  2.53366E-04 -7.36643E-06  1.57405E-07  2.29928E-06 -2.81502E-06 -8.90264E-07
 THETA4        1.75927E-05 -9.26926E-06 -7.36643E-06  7.89067E-04 -4.97599E-07  3.56445E-07 -2.50385E-06  1.97663E-05
 SIGMA(1,1)    1.32254E-07 -4.21611E-07  1.57405E-07 -4.97599E-07  1.17194E-07  9.05082E-08 -5.43138E-08 -4.66410E-08
 OMEGA(1,1)   -3.98635E-06  1.97806E-06  2.29928E-06  3.56445E-07  9.05082E-08  1.90498E-05 -5.18515E-06  5.10039E-07
 OMEGA(2,1)    1.85568E-06  4.75503E-06 -2.81502E-06 -2.50385E-06 -5.43138E-08 -5.18515E-06  7.16735E-06 -3.15627E-06
 OMEGA(2,2)    8.97387E-07 -4.62678E-06 -8.90264E-07  1.97663E-05 -4.66410E-08  5.10039E-07 -3.15627E-06  9.22119E-06
TABLE NO.     5: Objective Function Evaluation by Importance Sampling: Problem=1 Subproblem=0 Superproblem1=0 Iteration1=0 Superproblem2=0 Iteration2=0
 NAME         THETA1       THETA2       THETA3       THETA4       SIGMA(1,1)   OMEGA(1,1)   OMEGA(2,1)   OMEGA(2,2)
 THETA1        1.65718E-04 -4.20543E-05 -3.11606E-05  1.61439E-05  1.04018E-07  9.07667E-08 -2.93681E-07  8.88747E-07
 THETA2       -4.20543E-05  3.00056E-04  2.14446E-06 -1.01196E-05 -4.13065E-07  1.86650E-06  5.77202E-06 -5.26311E-06
 THETA3       -3.11606E-05  2.14446E-06  2.54797E-04 -1.24702E-06  2.89144E-07 -1.69331E-06 -4.47118E-06  2.71156E-06
 THETA4        1.61439E-05 -1.01196E-05 -1.24702E-06  8.06791E-04 -4.59556E-07  2.64281E-06 -2.22216E-06  2.69886E-05
 SIGMA(1,1)    1.04018E-07 -4.13065E-07  2.89144E-07 -4.59556E-07  1.18575E-07 -3.19225E-08 -3.28881E-09 -1.67335E-08
 OMEGA(1,1)    9.07667E-08  1.86650E-06 -1.69331E-06  2.64281E-06 -3.19225E-08  1.64504E-05 -3.50154E-06  8.06778E-07
 OMEGA(2,1)   -2.93681E-07  5.77202E-06 -4.47118E-06 -2.22216E-06 -3.28881E-09 -3.50154E-06  7.46607E-06 -3.12907E-06
 OMEGA(2,2)    8.88747E-07 -5.26311E-06  2.71156E-06  2.69886E-05 -1.67335E-08  8.06778E-07 -3.12907E-06  1.22627E-05
TABLE NO.     6: MCMC Bayesian Analysis: Problem=1 Subproblem=0 Superproblem1=0 Iteration1=0 Superproblem2=0 Iteration2=0
 NAME         THETA1       THETA2       THETA3       THETA4       SIGMA(1,1)   OMEGA(1,1)   OMEGA(2,1)   OMEGA(2,2)
 THETA1        1.69284E-04 -4.03197E-05 -3.68295E-05  2.52430E-06  1.69695E-08  7.11794E-07 -8.33273E-07  1.35610E-06
 THETA2       -4.03197E-05  2.11832E-04  5.88828E-06  4.65168E-06 -3.89256E-08 -1.28784E-07 -6.72722E-07 -2.36177E-06
 THETA3       -3.68295E-05  5.88828E-06  3.88612E-04  1.12244E-05 -1.49481E-08  2.70188E-07  1.33483E-06 -1.09170E-06
 THETA4        2.52430E-06  4.65168E-06  1.12244E-05  7.08472E-04  2.99504E-07  1.89678E-06 -2.99064E-07 -1.00022E-06
 SIGMA(1,1)    1.69695E-08 -3.89256E-08 -1.49481E-08  2.99504E-07  1.20360E-07 -6.09829E-10 -3.04854E-09 -1.68484E-08
 OMEGA(1,1)    7.11794E-07 -1.28784E-07  2.70188E-07  1.89678E-06 -6.09829E-10  1.68106E-05 -3.26991E-06  5.62195E-07
 OMEGA(2,1)   -8.33273E-07 -6.72722E-07  1.33483E-06 -2.99064E-07 -3.04854E-09 -3.26991E-06  7.28728E-06 -2.78997E-06
 OMEGA(2,2)    1.35610E-06 -2.36177E-06 -1.09170E-06 -1.00022E-06 -1.68484E-08  5.62195E-07 -2.78997E-06  1.13668E-05
TABLE NO.     7: First Order Conditional Estimation with Interaction: Problem=1 Subproblem=0 Superproblem1=0 Iteration1=0 Superproblem2=0 Iteration2=0
 NAME         THETA1       THETA2       THETA3       THETA4       SIGMA(1,1)   OMEGA(1,1)   OMEGA(2,1)   OMEGA(2,2)
 THETA1        1.64397E-04 -3.71080E-05 -3.33566E-05 -1.05159E-08  1.16082E-07  7.35245E-08 -4.51223E-08  1.44423E-07
 THETA2       -3.71080E-05  2.07600E-04  7.93337E-06  5.41360E-08 -9.96533E-10 -8.79178E-08  1.09458E-06 -9.97126E-07
 THETA3       -3.33566E-05  7.93337E-06  3.81372E-04  2.03855E-08  3.80704E-10  3.02055E-08 -1.64533E-06  6.18758E-07
 THETA4       -1.05159E-08  5.41360E-08  2.03855E-08  7.40604E-04 -2.12338E-13 -2.55117E-11  3.40895E-10  4.04396E-10
 SIGMA(1,1)    1.16082E-07 -9.96533E-10  3.80704E-10 -2.12338E-13  1.16943E-07 -2.07824E-08  7.74640E-09 -9.45539E-09
 OMEGA(1,1)    7.35245E-08 -8.79178E-08  3.02055E-08 -2.55117E-11 -2.07824E-08  1.61875E-05 -3.51398E-06  7.49689E-07
 OMEGA(2,1)   -4.51223E-08  1.09458E-06 -1.64533E-06  3.40895E-10  7.74640E-09 -3.51398E-06  7.15419E-06 -2.86084E-06
 OMEGA(2,2)    1.44423E-07 -9.97126E-07  6.18758E-07  4.04396E-10 -9.45539E-09  7.49689E-07 -2.86084E-06  1.10291E-05
