TABLE NO.     1: MCMC Bayesian Analysis: Problem=1 Subproblem=0 Superproblem1=0 Iteration1=0 Superproblem2=0 Iteration2=0
 NAME         THETA1       THETA2       THETA3       THETA4       THETA5       THETA6       THETA7       THETA8       SIGMA(1,1)   SIGMA(2,1)   SIGMA(2,2)   OMEGA(1,1)   OMEGA(2,1)   OMEGA(2,2)   OMEGA(3,1)   OMEGA(3,2)   OMEGA(3,3)   OMEGA(4,1)   OMEGA(4,2)   OMEGA(4,3)   OMEGA(4,4)   OMEGA(5,1)   OMEGA(5,2)   OMEGA(5,3)   OMEGA(5,4)   OMEGA(5,5)   OMEGA(6,1)   OMEGA(6,2)   OMEGA(6,3)   OMEGA(6,4)   OMEGA(6,5)   OMEGA(6,6)   OMEGA(7,1)   OMEGA(7,2)   OMEGA(7,3)   OMEGA(7,4)   OMEGA(7,5)   OMEGA(7,6)   OMEGA(7,7)   OMEGA(8,1)   OMEGA(8,2)   OMEGA(8,3)   OMEGA(8,4)   OMEGA(8,5)   OMEGA(8,6)   OMEGA(8,7)   OMEGA(8,8)
 THETA1        5.77209E-03 -8.02215E-04  7.53166E-04  6.36059E-04  4.73071E-04 -4.42371E-04  6.50840E-04  1.90482E-03 -5.16562E-07  0.00000E+00  1.40182E-06 -5.50820E-05  3.77723E-05 -1.64866E-05 -1.44896E-05 -4.19366E-05  6.96318E-05  4.80302E-05 -7.12581E-06 -3.33833E-05 -8.04859E-05 -5.12149E-05  2.02956E-05  6.71772E-06  2.94656E-05 -3.27721E-05  5.44782E-05 -3.79424E-05  6.21926E-05  2.08212E-05 -2.06587E-05 -2.97506E-05  2.19177E-05 -2.07031E-05  5.50505E-05  3.57195E-05 -1.22531E-05  8.47891E-06  3.92026E-05  2.09973E-05 -4.12968E-06 -3.04103E-05  1.56498E-05 -1.47573E-05  2.12494E-05  7.37638E-06 -5.06482E-06
 THETA2       -8.02215E-04  5.95265E-03 -5.88461E-05  1.16935E-03  2.28250E-04 -2.08827E-04 -1.26907E-03  1.14897E-03  3.62216E-07  0.00000E+00 -1.18881E-06  1.72650E-05  2.26416E-04 -8.38220E-04  3.95941E-05  2.18669E-04  2.30373E-05 -3.43502E-05 -3.92689E-04  6.30286E-05  1.11257E-04  4.27033E-05  7.19796E-06 -1.14111E-05 -2.76975E-05  9.81302E-07  2.69834E-05  4.37752E-06 -6.50376E-06  1.77864E-05 -2.97928E-05  5.13607E-05 -4.90643E-05  6.53120E-04 -1.74075E-05 -3.97383E-05  2.54856E-05 -3.85588E-05 -9.45140E-05 -2.00840E-05  7.91765E-05  5.48626E-05  5.52507E-05  5.88024E-06 -5.76119E-05 -6.52240E-05  8.66576E-05
 THETA3        7.53166E-04 -5.88461E-05  3.61311E-03  1.74815E-04  1.14301E-05  1.21178E-04  6.84497E-04  1.03280E-03  5.54343E-08  0.00000E+00  3.31067E-07 -1.01849E-04  3.22804E-05  7.08022E-05  7.72791E-05  5.85194E-05 -1.76449E-04 -7.63023E-05  1.12009E-04  2.65507E-04  3.28667E-04 -1.01884E-05 -1.19366E-06 -7.93648E-05  2.58645E-06 -5.49047E-05 -4.31328E-05  4.85255E-05  4.32007E-05 -6.18480E-05  4.04443E-05 -6.98164E-05  2.25958E-05 -5.97102E-05 -8.86383E-05 -9.93632E-05 -1.83026E-05  4.26147E-05  1.07701E-05 -5.49490E-06  1.44955E-05  4.84466E-05  1.58659E-05 -1.72238E-06  2.89059E-05 -1.62500E-05  3.42422E-05
 THETA4        6.36059E-04  1.16935E-03  1.74815E-04  5.66143E-03 -5.67149E-04  2.73721E-04 -1.47730E-03  1.05730E-03  3.21553E-07  0.00000E+00 -4.74327E-07 -2.12826E-05  7.05171E-05 -4.87048E-06  1.81693E-05  8.47778E-05 -6.49579E-05  4.22764E-06  4.35257E-05  1.05833E-04  1.93179E-04 -2.17253E-06  1.76880E-05 -2.05531E-05  2.17886E-05  1.42394E-05  5.32666E-06 -6.63406E-06  1.30398E-05 -1.00312E-05 -9.35111E-06  3.73780E-05  4.08590E-06  2.41167E-05 -3.99090E-05 -8.10500E-05  1.59949E-05 -1.57540E-06  6.45914E-05 -3.05965E-05  6.04199E-05  7.30485E-05 -4.05400E-05 -1.27357E-05 -2.09418E-05  8.26617E-06  5.53537E-05
 THETA5        4.73071E-04  2.28250E-04  1.14301E-05 -5.67149E-04  4.41326E-03 -1.13200E-03  5.55278E-04  1.88587E-04  5.03819E-07  0.00000E+00 -9.18223E-07  1.74857E-05 -3.17404E-05  2.77760E-05  2.03458E-05 -2.88132E-05  8.68965E-06 -2.00385E-05  2.33309E-05 -7.82931E-06  7.57982E-05  1.22404E-05  2.72139E-05  2.34431E-06 -3.50316E-06 -5.33394E-05  6.63743E-05 -7.21424E-07 -8.34365E-06  6.53734E-05 -9.53938E-06  5.57687E-05  6.26327E-05 -4.40704E-05  1.09858E-05 -8.09122E-06 -2.43432E-05 -1.27626E-05  2.35681E-05  2.63041E-06 -2.10267E-05  2.55153E-06  1.41103E-05  3.02480E-05  2.54235E-05  3.77434E-05  5.56736E-05
 THETA6       -4.42371E-04 -2.08827E-04  1.21178E-04  2.73721E-04 -1.13200E-03  5.81407E-03  7.80130E-05 -1.10949E-03 -1.27374E-07  0.00000E+00 -1.13617E-07  5.11207E-05 -8.78704E-05  6.95134E-05 -1.12754E-05  1.53895E-05  1.35749E-05 -5.17721E-05  2.15830E-05 -2.61075E-05  4.08010E-06  7.99598E-05 -6.98898E-06  1.50513E-05  3.07097E-05 -1.05373E-04  5.93847E-05 -3.95278E-05  2.39590E-05  1.64699E-04 -5.94722E-06  9.67584E-05  2.70760E-05 -4.03390E-05  7.42822E-06  4.13145E-05 -1.15768E-05 -5.93209E-05  1.04264E-05 -2.45799E-05  3.57141E-06  1.74876E-05 -1.09999E-05  1.74832E-05  4.35863E-05 -4.04975E-06  9.24687E-06
 THETA7        6.50840E-04 -1.26907E-03  6.84497E-04 -1.47730E-03  5.55278E-04  7.80130E-05  4.98242E-03  1.22221E-03 -1.79761E-07  0.00000E+00  1.21417E-06 -5.62913E-06 -1.35002E-05  1.01690E-04 -3.84562E-05 -6.84991E-06 -1.69374E-05  7.05275E-05  2.32662E-05 -3.39794E-05 -8.75482E-07 -3.24197E-06  3.12623E-05  1.69249E-05 -1.16292E-05  9.71722E-06 -2.63759E-05  2.16755E-05  1.12846E-05  1.99790E-05  5.23831E-06 -3.35502E-05 -2.41835E-05 -3.28931E-05 -1.19041E-05  4.13684E-05 -2.69692E-05  9.77426E-06 -3.29152E-05 -2.28034E-05  1.17046E-05 -4.31109E-05  3.35797E-05 -5.14858E-06  1.91846E-05  1.65639E-05 -1.65708E-05
 THETA8        1.90482E-03  1.14897E-03  1.03280E-03  1.05730E-03  1.88587E-04 -1.10949E-03  1.22221E-03  5.04393E-03  2.25008E-07  0.00000E+00 -1.08438E-07 -2.10419E-05 -1.85476E-05  1.16846E-04  3.52581E-05  1.39253E-05  4.26692E-05  5.46347E-05  7.20987E-05  6.11447E-05  2.84336E-05  1.38581E-05 -3.91130E-06  2.10292E-05 -5.91640E-06  1.57271E-05  6.30340E-06 -9.37820E-06  2.25684E-05  1.52452E-05 -9.05276E-06 -3.13710E-05  3.38905E-06 -6.51358E-05  1.23488E-06 -5.77235E-06  2.92151E-06  1.37637E-05  2.83806E-05  8.68386E-06  1.67012E-05  3.87725E-05  4.05828E-05  1.10275E-05 -3.82754E-06  6.10417E-05  8.66618E-05
 SIGMA(1,1)   -5.16562E-07  3.62216E-07  5.54343E-08  3.21553E-07  5.03819E-07 -1.27374E-07 -1.79761E-07  2.25008E-07  3.97020E-07  0.00000E+00 -3.54956E-08  2.36341E-07  6.39944E-07 -1.76319E-06 -5.53053E-07 -1.53348E-08 -7.86009E-07 -2.06988E-07 -2.41558E-08 -3.31628E-07 -5.59008E-07 -2.34139E-07 -1.18474E-07  2.91201E-07 -3.09075E-07  2.00359E-07  1.14992E-07  1.15984E-07  6.77712E-08 -4.89987E-07  1.88028E-07  9.75683E-07 -3.77812E-07  7.79212E-07 -2.45177E-07  7.91818E-09  4.89336E-07  1.18309E-07 -1.16024E-07 -6.13666E-07 -1.30302E-07 -7.08690E-07 -5.90289E-07 -1.30610E-08  2.36288E-08 -9.25626E-08 -9.25008E-07
 SIGMA(2,1)    0.00000E+00  0.00000E+00  0.00000E+00  0.00000E+00  0.00000E+00  0.00000E+00  0.00000E+00  0.00000E+00  0.00000E+00  0.00000E+00  0.00000E+00  0.00000E+00  0.00000E+00  0.00000E+00  0.00000E+00  0.00000E+00  0.00000E+00  0.00000E+00  0.00000E+00  0.00000E+00  0.00000E+00  0.00000E+00  0.00000E+00  0.00000E+00  0.00000E+00  0.00000E+00  0.00000E+00  0.00000E+00  0.00000E+00  0.00000E+00  0.00000E+00  0.00000E+00  0.00000E+00  0.00000E+00  0.00000E+00  0.00000E+00  0.00000E+00  0.00000E+00  0.00000E+00  0.00000E+00  0.00000E+00  0.00000E+00  0.00000E+00  0.00000E+00  0.00000E+00  0.00000E+00  0.00000E+00
 SIGMA(2,2)    1.40182E-06 -1.18881E-06  3.31067E-07 -4.74327E-07 -9.18223E-07 -1.13617E-07  1.21417E-06 -1.08438E-07 -3.54956E-08  0.00000E+00  1.42001E-06 -8.12685E-07 -3.05352E-07  5.00482E-07  2.02829E-07  4.14804E-07 -9.40369E-07 -2.73033E-08  8.81941E-08 -2.73198E-07  4.74199E-07  3.44230E-07 -4.95080E-07 -9.02886E-08 -1.63459E-07  4.36044E-07 -7.05120E-07 -6.65918E-09  4.33218E-07  6.78585E-07 -2.59476E-07 -2.81641E-06 -2.28931E-07  6.87882E-08 -4.48365E-07  5.06742E-09 -1.83128E-07 -6.84118E-07  3.21871E-07 -1.40554E-07 -1.58259E-07 -2.54487E-07  8.37513E-07 -3.36899E-07  3.42550E-07 -1.77495E-07 -2.89927E-07
 OMEGA(1,1)   -5.50820E-05  1.72650E-05 -1.01849E-04 -2.12826E-05  1.74857E-05  5.11207E-05 -5.62913E-06 -2.10419E-05  2.36341E-07  0.00000E+00 -8.12685E-07  3.66969E-03 -5.13299E-04  1.61563E-04  4.88856E-04 -9.58170E-05  8.52985E-05  3.35417E-04 -4.42823E-05 -6.99512E-06  5.38567E-05  3.60731E-04 -4.14906E-05  6.35472E-05  3.00805E-05  1.18001E-04 -2.34007E-04  5.12742E-05 -4.86589E-05 -6.98022E-05 -3.01500E-05  1.20135E-04  4.31579E-04 -5.21301E-05  6.58686E-05  3.21704E-05  9.30650E-05  4.05651E-06  9.63454E-05  1.21548E-03 -1.51831E-04  1.47721E-04  1.17854E-04  1.52905E-04 -1.05292E-04  1.43948E-04  4.42158E-04
 OMEGA(2,1)    3.77723E-05  2.26416E-04  3.22804E-05  7.05171E-05 -3.17404E-05 -8.78704E-05 -1.35002E-05 -1.85476E-05  6.39944E-07  0.00000E+00 -3.05352E-07 -5.13299E-04  1.65296E-03 -6.68094E-04 -8.84087E-05  2.61529E-04 -2.46675E-05  3.25647E-04 -1.96576E-05  6.03250E-05  8.43710E-05  3.66529E-05  1.48402E-04 -2.27721E-05  5.85483E-05 -3.46649E-05 -3.11364E-05 -8.75477E-05  2.02227E-05 -4.71131E-05  1.47459E-05  1.06081E-05 -4.03437E-04  3.35002E-04 -5.44818E-05  1.84249E-05 -4.78222E-05  4.36564E-05 -1.09824E-04  3.07915E-04  4.45037E-04  3.77640E-05  1.66553E-04  5.40802E-05 -9.82214E-06 -7.77981E-05  2.67673E-04
 OMEGA(2,2)   -1.64866E-05 -8.38220E-04  7.08022E-05 -4.87048E-06  2.77760E-05  6.95134E-05  1.01690E-04  1.16846E-04 -1.76319E-06  0.00000E+00  5.00482E-07  1.61563E-04 -6.68094E-04  3.27235E-03  4.09427E-05 -1.80539E-04  7.44599E-05 -1.32781E-04  7.95868E-04  2.42293E-05  2.06419E-04  8.87439E-06  1.10282E-04 -1.26710E-05  9.36774E-06  9.13987E-05  3.83375E-06 -1.21681E-05 -1.01936E-05  2.78712E-05  1.22211E-05  5.38546E-05  1.36607E-04 -8.99200E-04  2.24828E-05 -1.30188E-04 -6.62599E-06 -1.61931E-05  2.13785E-04 -8.29372E-05  7.26624E-04  4.57788E-05  1.50519E-04 -6.56528E-06 -5.68628E-05 -1.42004E-04  2.11017E-04
 OMEGA(3,1)   -1.44896E-05  3.95941E-05  7.72791E-05  1.81693E-05  2.03458E-05 -1.12754E-05 -3.84562E-05  3.52581E-05 -5.53053E-07  0.00000E+00  2.02829E-07  4.88856E-04 -8.84087E-05  4.09427E-05  1.09385E-03 -1.01394E-04  3.10762E-04  8.75183E-06  3.95797E-05  1.81081E-04  4.61614E-05  3.85959E-05 -2.68437E-06  1.04345E-04 -8.31406E-07  4.35144E-06  1.73827E-05  1.94179E-06 -5.61568E-05 -7.16478E-06  6.27055E-06  5.81917E-05  2.35891E-04 -4.42020E-05  9.05473E-05  1.81198E-05  1.82084E-05  2.03786E-05  1.80442E-05  3.69721E-04 -4.64046E-05  4.25639E-04  6.99018E-05  4.93436E-05 -2.72661E-05  8.29171E-05  2.22365E-04
 OMEGA(3,2)   -4.19366E-05  2.18669E-04  5.85194E-05  8.47778E-05 -2.88132E-05  1.53895E-05 -6.84991E-06  1.39253E-05 -1.53348E-08  0.00000E+00  4.14804E-07 -9.58170E-05  2.61529E-04 -1.80539E-04 -1.01394E-04  9.14715E-04 -9.80058E-06  6.96699E-05 -3.98485E-05  2.18660E-04  2.17798E-05 -6.15051E-07  1.06049E-05  5.05096E-05  1.59206E-05  6.37518E-06 -2.48640E-05  5.36468E-05  1.06031E-05  2.05343E-05 -1.54854E-05 -2.87102E-05 -7.86606E-05  2.43185E-04 -2.21730E-04  1.80187E-05  1.58521E-05 -3.19990E-05 -6.58731E-05 -3.44035E-07  2.55738E-04  2.69412E-04  7.78556E-05  3.18205E-05 -7.80300E-06 -2.72504E-05  1.43737E-04
 OMEGA(3,3)    6.96318E-05  2.30373E-05 -1.76449E-04 -6.49579E-05  8.68965E-06  1.35749E-05 -1.69374E-05  4.26692E-05 -7.86009E-07  0.00000E+00 -9.40369E-07  8.52985E-05 -2.46675E-05  7.44599E-05  3.10762E-04 -9.80058E-06  1.26980E-03  4.10610E-05 -8.11246E-06 -8.03146E-05 -4.70984E-05  1.09363E-05  1.44941E-05  3.46070E-05  8.12975E-06  4.73980E-05  2.99636E-06 -2.20108E-05  3.55978E-05 -3.85683E-07  4.86459E-06  9.17889E-06  6.75180E-05 -2.78713E-05  2.37871E-04  1.09794E-05 -7.31329E-06  2.93396E-05  6.78831E-05  7.33351E-05  2.07539E-05  3.90273E-04  3.10945E-05  1.29017E-05  9.72782E-06  6.03347E-05  1.27829E-04
 OMEGA(4,1)    4.80302E-05 -3.43502E-05 -7.63023E-05  4.22764E-06 -2.00385E-05 -5.17721E-05  7.05275E-05  5.46347E-05 -2.06988E-07  0.00000E+00 -2.73033E-08  3.35417E-04  3.25647E-04 -1.32781E-04  8.75183E-06  6.96699E-05  4.10610E-05  1.69560E-03 -2.01445E-04  2.04917E-04  3.69812E-04 -1.88046E-04  7.50865E-05 -2.23086E-05  1.40662E-04 -6.72967E-05  7.13319E-05 -3.93762E-05  9.35473E-06 -1.06988E-04  4.81031E-05 -4.17433E-05 -4.34666E-04  1.00768E-04 -7.82341E-05  1.17567E-04 -6.18426E-05  2.32640E-05 -1.05360E-04  3.58864E-04  8.00439E-05  5.36130E-05  6.03117E-04 -4.56553E-05  1.37224E-05 -1.25868E-04  2.38462E-04
 OMEGA(4,2)   -7.12581E-06 -3.92689E-04  1.12009E-04  4.35257E-05  2.33309E-05  2.15830E-05  2.32662E-05  7.20987E-05 -2.41558E-08  0.00000E+00  8.81941E-08 -4.42823E-05 -1.96576E-05  7.95868E-04  3.95797E-05 -3.98485E-05 -8.11246E-06 -2.01445E-04  1.72947E-03  6.26544E-05  6.77454E-04  6.12100E-05 -2.08177E-04 -6.51941E-06  4.35169E-05  2.88758E-05 -4.72142E-05  6.98298E-05  8.25573E-06 -3.54890E-05  1.40840E-07 -2.66913E-06  2.84190E-05 -6.44631E-04 -2.56736E-05 -4.26432E-04  3.45818E-05  2.32539E-05  1.99727E-04 -2.01125E-05  3.33970E-04  2.92243E-05  4.77861E-04 -2.46768E-05  1.47958E-05 -1.60247E-04  1.86874E-04
 OMEGA(4,3)   -3.33833E-05  6.30286E-05  2.65507E-04  1.05833E-04 -7.82931E-06 -2.61075E-05 -3.39794E-05  6.11447E-05 -3.31628E-07  0.00000E+00 -2.73198E-07 -6.99512E-06  6.03250E-05  2.42293E-05  1.81081E-04  2.18660E-04 -8.03146E-05  2.04917E-04  6.26544E-05  1.10093E-03  6.97248E-05 -1.89205E-05 -5.50746E-06 -1.31120E-04  7.94971E-06 -2.83312E-05  3.13450E-06  3.22908E-05  6.62153E-05  3.50413E-05  8.33421E-06  1.01780E-05 -3.46407E-05  9.91224E-06 -3.15950E-04  1.68147E-04 -7.92093E-06 -3.23687E-05 -1.02191E-04  5.98391E-05  7.38658E-05  2.14138E-04  3.12760E-04 -8.85886E-06  4.87271E-06 -6.08370E-05  1.14825E-04
 OMEGA(4,4)   -8.04859E-05  1.11257E-04  3.28667E-04  1.93179E-04  7.57982E-05  4.08010E-06 -8.75482E-07  2.84336E-05 -5.59008E-07  0.00000E+00  4.74199E-07  5.38567E-05  8.43710E-05  2.06419E-04  4.61614E-05  2.17798E-05 -4.70984E-05  3.69812E-04  6.77454E-04  6.97248E-05  3.51935E-03 -2.70351E-05 -4.06700E-05 -5.99146E-05 -3.56541E-04  1.05170E-04 -3.01413E-05  2.90127E-05 -1.09233E-06  1.99458E-04 -8.08345E-05  6.22010E-05 -7.03286E-05 -1.49095E-04 -2.81959E-05 -9.31231E-04  8.42381E-05 -4.47797E-05  3.28159E-04  8.91088E-05  1.49009E-04  3.58912E-05  6.30780E-04 -5.55602E-05  3.30472E-05 -1.50648E-04  2.11187E-04
 OMEGA(5,1)   -5.12149E-05  4.27033E-05 -1.01884E-05 -2.17253E-06  1.22404E-05  7.99598E-05 -3.24197E-06  1.38581E-05 -2.34139E-07  0.00000E+00  3.44230E-07  3.60731E-04  3.66529E-05  8.87439E-06  3.85959E-05 -6.15051E-07  1.09363E-05 -1.88046E-04  6.12100E-05 -1.89205E-05 -2.70351E-05  1.38936E-03 -1.85467E-04  1.68444E-04  1.20413E-04  2.45473E-04 -3.71655E-04  3.64588E-05 -3.70902E-05 -2.15163E-05 -1.57004E-04  1.08797E-04  1.94411E-04 -3.51459E-05  3.00985E-05 -2.12939E-05  1.78278E-04 -3.70227E-05  7.39603E-05  1.18914E-04  2.33948E-05  8.19288E-06 -5.18068E-05  4.67277E-04 -1.37274E-04  5.43970E-05  3.68754E-05
 OMEGA(5,2)    2.02956E-05  7.19796E-06 -1.19366E-06  1.76880E-05  2.72139E-05 -6.98898E-06  3.12623E-05 -3.91130E-06 -1.18474E-07  0.00000E+00 -4.95080E-07 -4.14906E-05  1.48402E-04  1.10282E-04 -2.68437E-06  1.06049E-05  1.44941E-05  7.50865E-05 -2.08177E-04 -5.50746E-06 -4.06700E-05 -1.85467E-04  1.15435E-03 -2.08844E-05  2.36072E-04  1.29144E-04  2.00600E-05 -3.24811E-04  2.16901E-06 -1.82800E-05 -1.76060E-05  6.08932E-06 -6.90097E-05  1.71251E-04  4.76357E-07  6.03235E-05 -2.53148E-04  6.83741E-05 -6.71041E-05  4.29634E-05  6.13676E-05 -1.49276E-07 -3.85803E-05  3.08357E-04 -5.63070E-05  3.84500E-05  2.20491E-05
 OMEGA(5,3)    6.71772E-06 -1.14111E-05 -7.93648E-05 -2.05531E-05  2.34431E-06  1.50513E-05  1.69249E-05  2.10292E-05  2.91201E-07  0.00000E+00 -9.02886E-08  6.35472E-05 -2.27721E-05 -1.26710E-05  1.04345E-04  5.05096E-05  3.46070E-05 -2.23086E-05 -6.51941E-06 -1.31120E-04 -5.99146E-05  1.68444E-04 -2.08844E-05  7.74751E-04  2.67024E-06 -7.01763E-06 -2.78402E-05 -3.77344E-05 -2.45324E-04 -1.37794E-05  4.67812E-05 -1.35226E-05  4.38739E-05  2.17569E-05  1.02596E-04 -6.27306E-06  1.49431E-04 -2.42182E-05  2.87688E-05  2.99889E-05  4.08177E-06  3.11376E-05 -3.13327E-05  2.19478E-04 -7.53029E-05  3.35648E-05  8.84473E-06
 OMEGA(5,4)    2.94656E-05 -2.76975E-05  2.58645E-06  2.17886E-05 -3.50316E-06  3.07097E-05 -1.16292E-05 -5.91640E-06 -3.09075E-07  0.00000E+00 -1.63459E-07  3.00805E-05  5.85483E-05  9.36774E-06 -8.31406E-07  1.59206E-05  8.12975E-06  1.40662E-04  4.35169E-05  7.94971E-06 -3.56541E-04  1.20413E-04  2.36072E-04  2.67024E-06  1.26158E-03 -2.91500E-04 -3.20868E-05 -2.87996E-05 -1.96811E-05 -3.45959E-04  1.04271E-04 -7.06071E-05 -2.49535E-05  2.91355E-05  8.26887E-06  2.00780E-04 -3.49150E-04  6.78764E-05 -8.07780E-05  4.90785E-05  1.68982E-05  1.45227E-06  6.79561E-06  2.10413E-04 -4.79218E-05  3.98406E-05  2.92640E-05
 OMEGA(5,5)   -3.27721E-05  9.81302E-07 -5.49047E-05  1.42394E-05 -5.33394E-05 -1.05373E-04  9.71722E-06  1.57271E-05  2.00359E-07  0.00000E+00  4.36044E-07  1.18001E-04 -3.46649E-05  9.13987E-05  4.35144E-06  6.37518E-06  4.73980E-05 -6.72967E-05  2.88758E-05 -2.83312E-05  1.05170E-04  2.45473E-04  1.29144E-04 -7.01763E-06 -2.91500E-04  2.03935E-03 -9.50743E-05 -2.52347E-05 -1.37995E-05  9.61010E-05 -5.88782E-04  1.34431E-04  2.85887E-05 -1.74251E-05  1.26203E-05 -7.03848E-05  2.47156E-04 -5.39267E-05  9.66187E-05  3.72583E-05  1.09136E-05  5.93552E-06 -5.97976E-06  6.36312E-05 -6.93002E-05  1.88244E-05  5.19198E-05
 OMEGA(6,1)    5.44782E-05  2.69834E-05 -4.31328E-05  5.32666E-06  6.63743E-05  5.93847E-05 -2.63759E-05  6.30340E-06  1.14992E-07  0.00000E+00 -7.05120E-07 -2.34007E-04 -3.11364E-05  3.83375E-06  1.73827E-05 -2.48640E-05  2.99636E-06  7.13319E-05 -4.72142E-05  3.13450E-06 -3.01413E-05 -3.71655E-04  2.00600E-05 -2.78402E-05 -3.20868E-05 -9.50743E-05  1.67580E-03 -2.35605E-04  2.07125E-04  1.69201E-04  2.08657E-04 -2.01201E-04 -1.80255E-05  4.48756E-05  8.40934E-06  1.75951E-05 -4.09870E-05  1.85092E-04 -3.14460E-05 -4.01137E-04  5.57530E-05 -4.00436E-05  1.46939E-05 -1.64495E-04  5.77565E-04 -5.42958E-05 -2.38617E-04
 OMEGA(6,2)   -3.79424E-05  4.37752E-06  4.85255E-05 -6.63406E-06 -7.21424E-07 -3.95278E-05  2.16755E-05 -9.37820E-06  1.15984E-07  0.00000E+00 -6.65918E-09  5.12742E-05 -8.75477E-05 -1.21681E-05  1.94179E-06  5.36468E-05 -2.20108E-05 -3.93762E-05  6.98298E-05  3.22908E-05  2.90127E-05  3.64588E-05 -3.24811E-04 -3.77344E-05 -2.87996E-05 -2.52347E-05 -2.35605E-04  1.54834E-03 -2.86874E-05  2.56276E-04  8.52888E-05 -7.32509E-05  5.33506E-05 -1.18329E-05 -4.42963E-06  2.43410E-05  5.34515E-05 -3.63842E-04 -1.66777E-05  5.46616E-05 -3.55461E-04  2.40782E-05 -2.56422E-06 -9.35266E-05  4.19277E-04  8.13030E-05 -1.14313E-04
 OMEGA(6,3)    6.21926E-05 -6.50376E-06  4.32007E-05  1.30398E-05 -8.34365E-06  2.39590E-05  1.12846E-05  2.25684E-05  6.77712E-08  0.00000E+00  4.33218E-07 -4.86589E-05  2.02227E-05 -1.01936E-05 -5.61568E-05  1.06031E-05  3.55978E-05  9.35473E-06  8.25573E-06  6.62153E-05 -1.09233E-06 -3.70902E-05  2.16901E-06 -2.45324E-04 -1.96811E-05 -1.37995E-05  2.07125E-04 -2.86874E-05  9.31496E-04  5.79567E-06  1.14131E-05  1.44856E-04 -8.52446E-06  9.32235E-06 -1.70233E-05  7.62840E-06 -4.65010E-05  1.69056E-04 -1.73360E-05 -6.29295E-05  9.76574E-06 -1.86918E-04  3.16942E-05 -7.61396E-05  2.79269E-04 -3.71408E-05 -1.15068E-04
 OMEGA(6,4)    2.08212E-05  1.77864E-05 -6.18480E-05 -1.00312E-05  6.53734E-05  1.64699E-04  1.99790E-05  1.52452E-05 -4.89987E-07  0.00000E+00  6.78585E-07 -6.98022E-05 -4.71131E-05  2.78712E-05 -7.16478E-06  2.05343E-05 -3.85683E-07 -1.06988E-04 -3.54890E-05  3.50413E-05  1.99458E-04 -2.15163E-05 -1.82800E-05 -1.37794E-05 -3.45959E-04  9.61010E-05  1.69201E-04  2.56276E-04  5.79567E-06  1.72162E-03 -2.58090E-04  2.00371E-04  2.58627E-05  4.88585E-05 -2.78141E-05  1.33801E-05  6.96767E-05 -4.66353E-04 -3.82353E-05 -7.56845E-05 -3.40925E-05  7.63069E-06 -2.95446E-04 -1.08999E-05  2.87446E-04  7.13061E-05 -1.20092E-04
 OMEGA(6,5)   -2.06587E-05 -2.97928E-05  4.04443E-05 -9.35111E-06 -9.53938E-06 -5.94722E-06  5.23831E-06 -9.05276E-06  1.88028E-07  0.00000E+00 -2.59476E-07 -3.01500E-05  1.47459E-05  1.22211E-05  6.27055E-06 -1.54854E-05  4.86459E-06  4.81031E-05  1.40840E-07  8.33421E-06 -8.08345E-05 -1.57004E-04 -1.76060E-05  4.67812E-05  1.04271E-04 -5.88782E-04  2.08657E-04  8.52888E-05  1.14131E-05 -2.58090E-04  1.34846E-03 -7.91803E-04 -2.66291E-05  8.38060E-06  1.15297E-05  6.08049E-06 -1.19788E-05  1.87055E-04 -3.53362E-05 -2.43507E-05 -2.53201E-06 -1.85729E-06  5.12909E-05 -2.75553E-04  1.15859E-04 -6.05092E-05 -1.85779E-05
 OMEGA(6,6)   -2.97506E-05  5.13607E-05 -6.98164E-05  3.73780E-05  5.57687E-05  9.67584E-05 -3.35502E-05 -3.13710E-05  9.75683E-07  0.00000E+00 -2.81641E-06  1.20135E-04  1.06081E-05  5.38546E-05  5.81917E-05 -2.87102E-05  9.17889E-06 -4.17433E-05 -2.66913E-06  1.01780E-05  6.22010E-05  1.08797E-04  6.08932E-06 -1.35226E-05 -7.06071E-05  1.34431E-04 -2.01201E-04 -7.32509E-05  1.44856E-04  2.00371E-04 -7.91803E-04  3.39693E-03 -8.06138E-07  4.21454E-06  1.02414E-05 -2.82022E-05 -1.51380E-05 -1.09079E-05  8.29910E-05  4.49505E-05  6.27718E-05  3.22893E-06 -6.13179E-05  1.31650E-04 -6.64782E-04 -7.66239E-06  1.63174E-04
 OMEGA(7,1)    2.19177E-05 -4.90643E-05  2.25958E-05  4.08590E-06  6.26327E-05  2.70760E-05 -2.41835E-05  3.38905E-06 -3.77812E-07  0.00000E+00 -2.28931E-07  4.31579E-04 -4.03437E-04  1.36607E-04  2.35891E-04 -7.86606E-05  6.75180E-05 -4.34666E-04  2.84190E-05 -3.46407E-05 -7.03286E-05  1.94411E-04 -6.90097E-05  4.38739E-05 -2.49535E-05  2.85887E-05 -1.80255E-05  5.33506E-05 -8.52446E-06  2.58627E-05 -2.66291E-05 -8.06138E-07  1.59472E-03 -2.72707E-04  2.14486E-04  1.04315E-04  1.76285E-04 -1.12055E-04  3.41543E-04  4.50070E-04 -1.80813E-04  1.11585E-04 -1.11157E-04  1.10133E-04 -3.03812E-05  5.62187E-04  2.43630E-04
 OMEGA(7,2)   -2.07031E-05  6.53120E-04 -5.97102E-05  2.41167E-05 -4.40704E-05 -4.03390E-05 -3.28931E-05 -6.51358E-05  7.79212E-07  0.00000E+00  6.87882E-08 -5.21301E-05  3.35002E-04 -8.99200E-04 -4.42020E-05  2.43185E-04 -2.78713E-05  1.00768E-04 -6.44631E-04  9.91224E-06 -1.49095E-04 -3.51459E-05  1.71251E-04  2.17569E-05  2.91355E-05 -1.74251E-05  4.48756E-05 -1.18329E-05  9.32235E-06  4.88585E-05  8.38060E-06  4.21454E-06 -2.72707E-04  1.68105E-03 -3.38207E-05  3.39241E-04  2.00757E-05 -4.18713E-05 -6.22560E-04 -2.55678E-05  3.31514E-04  2.14431E-05 -3.41552E-05  5.52437E-05  2.16049E-05  2.37332E-04  1.57201E-04
 OMEGA(7,3)    5.50505E-05 -1.74075E-05 -8.86383E-05 -3.99090E-05  1.09858E-05  7.42822E-06 -1.19041E-05  1.23488E-06 -2.45177E-07  0.00000E+00 -4.48365E-07  6.58686E-05 -5.44818E-05  2.24828E-05  9.05473E-05 -2.21730E-04  2.37871E-04 -7.82341E-05 -2.56736E-05 -3.15950E-04 -2.81959E-05  3.00985E-05  4.76357E-07  1.02596E-04  8.26887E-06  1.26203E-05  8.40934E-06 -4.42963E-06 -1.70233E-05 -2.78141E-05  1.15297E-05  1.02414E-05  2.14486E-04 -3.38207E-05  9.27993E-04 -5.00283E-05  1.25666E-05  6.41072E-05  3.20376E-04  8.56010E-05 -7.18186E-05  2.13410E-04 -8.79843E-05  1.63897E-05  1.78183E-05  3.02946E-04  1.17169E-04
 OMEGA(7,4)    3.57195E-05 -3.97383E-05 -9.93632E-05 -8.10500E-05 -8.09122E-06  4.13145E-05  4.13684E-05 -5.77235E-06  7.91818E-09  0.00000E+00  5.06742E-09  3.21704E-05  1.84249E-05 -1.30188E-04  1.81198E-05  1.80187E-05  1.09794E-05  1.17567E-04 -4.26432E-04  1.68147E-04 -9.31231E-04 -2.12939E-05  6.03235E-05 -6.27306E-06  2.00780E-04 -7.03848E-05  1.75951E-05  2.43410E-05  7.62840E-06  1.33801E-05  6.08049E-06 -2.82022E-05  1.04315E-04  3.39241E-04 -5.00283E-05  1.60842E-03 -2.14252E-04  2.32375E-05 -8.17522E-04  6.87758E-05 -1.86720E-06  9.01896E-06  2.62322E-04 -1.85049E-05  4.48651E-05  1.61159E-04  9.26653E-05
 OMEGA(7,5)   -1.22531E-05  2.54856E-05 -1.83026E-05  1.59949E-05 -2.43432E-05 -1.15768E-05 -2.69692E-05  2.92151E-06  4.89336E-07  0.00000E+00 -1.83128E-07  9.30650E-05 -4.78222E-05 -6.62599E-06  1.82084E-05  1.58521E-05 -7.31329E-06 -6.18426E-05  3.45818E-05 -7.92093E-06  8.42381E-05  1.78278E-04 -2.53148E-04  1.49431E-04 -3.49150E-04  2.47156E-04 -4.09870E-05  5.34515E-05 -4.65010E-05  6.96767E-05 -1.19788E-05 -1.51380E-05  1.76285E-04  2.00757E-05  1.25666E-05 -2.14252E-04  1.19151E-03 -3.48643E-04  3.07758E-04  4.22094E-05  2.86432E-05  5.43704E-06 -4.16264E-05  3.02358E-04 -1.21633E-04  7.72664E-05  4.39963E-05
 OMEGA(7,6)    8.47891E-06 -3.85588E-05  4.26147E-05 -1.57540E-06 -1.27626E-05 -5.93209E-05  9.77426E-06  1.37637E-05  1.18309E-07  0.00000E+00 -6.84118E-07  4.05651E-06  4.36564E-05 -1.61931E-05  2.03786E-05 -3.19990E-05  2.93396E-05  2.32640E-05  2.32539E-05 -3.23687E-05 -4.47797E-05 -3.70227E-05  6.83741E-05 -2.42182E-05  6.78764E-05 -5.39267E-05  1.85092E-04 -3.63842E-04  1.69056E-04 -4.66353E-04  1.87055E-04 -1.09079E-05 -1.12055E-04 -4.18713E-05  6.41072E-05  2.32375E-05 -3.48643E-04  1.47292E-03  2.97586E-05 -6.43537E-05  5.26772E-05 -2.65602E-05  8.93142E-05 -1.36014E-04  3.32935E-04 -3.03858E-04 -1.73794E-04
 OMEGA(7,7)    3.92026E-05 -9.45140E-05  1.07701E-05  6.45914E-05  2.35681E-05  1.04264E-05 -3.29152E-05  2.83806E-05 -1.16024E-07  0.00000E+00  3.21871E-07  9.63454E-05 -1.09824E-04  2.13785E-04  1.80442E-05 -6.58731E-05  6.78831E-05 -1.05360E-04  1.99727E-04 -1.02191E-04  3.28159E-04  7.39603E-05 -6.71041E-05  2.87688E-05 -8.07780E-05  9.66187E-05 -3.14460E-05 -1.66777E-05 -1.73360E-05 -3.82353E-05 -3.53362E-05  8.29910E-05  3.41543E-04 -6.22560E-04  3.20376E-04 -8.17522E-04  3.07758E-04  2.97586E-05  2.74981E-03  9.43756E-05 -1.23173E-04  8.87953E-05 -1.84226E-04  1.09120E-04 -3.51509E-05  6.89146E-04  2.37525E-04
 OMEGA(8,1)    2.09973E-05 -2.00840E-05 -5.49490E-06 -3.05965E-05  2.63041E-06 -2.45799E-05 -2.28034E-05  8.68386E-06 -6.13666E-07  0.00000E+00 -1.40554E-07  1.21548E-03  3.07915E-04 -8.29372E-05  3.69721E-04 -3.44035E-07  7.33351E-05  3.58864E-04 -2.01125E-05  5.98391E-05  8.91088E-05  1.18914E-04  4.29634E-05  2.99889E-05  4.90785E-05  3.72583E-05 -4.01137E-04  5.46616E-05 -6.29295E-05 -7.56845E-05 -2.43507E-05  4.49505E-05  4.50070E-04 -2.55678E-05  8.56010E-05  6.87758E-05  4.22094E-05 -6.43537E-05  9.43756E-05  1.72560E-03 -8.32667E-05  3.13555E-04  2.57992E-04  1.84920E-04 -2.22807E-04  2.90641E-04  1.04114E-03
 OMEGA(8,2)   -4.12968E-06  7.91765E-05  1.44955E-05  6.04199E-05 -2.10267E-05  3.57141E-06  1.17046E-05  1.67012E-05 -1.30302E-07  0.00000E+00 -1.58259E-07 -1.51831E-04  4.45037E-04  7.26624E-04 -4.64046E-05  2.55738E-04  2.07539E-05  8.00439E-05  3.33970E-04  7.38658E-05  1.49009E-04  2.33948E-05  6.13676E-05  4.08177E-06  1.68982E-05  1.09136E-05  5.57530E-05 -3.55461E-04  9.76574E-06 -3.40925E-05 -2.53201E-06  6.27718E-05 -1.80813E-04  3.31514E-04 -7.18186E-05 -1.86720E-06  2.86432E-05  5.26772E-05 -1.23173E-04 -8.32667E-05  1.44962E-03  5.80793E-05  3.79501E-04  6.58770E-05 -7.37384E-05 -2.14886E-04  7.33791E-04
 OMEGA(8,3)   -3.04103E-05  5.48626E-05  4.84466E-05  7.30485E-05  2.55153E-06  1.74876E-05 -4.31109E-05  3.87725E-05 -7.08690E-07  0.00000E+00 -2.54487E-07  1.47721E-04  3.77640E-05  4.57788E-05  4.25639E-04  2.69412E-04  3.90273E-04  5.36130E-05  2.92243E-05  2.14138E-04  3.58912E-05  8.19288E-06 -1.49276E-07  3.11376E-05  1.45227E-06  5.93552E-06 -4.00436E-05  2.40782E-05 -1.86918E-04  7.63069E-06 -1.85729E-06  3.22893E-06  1.11585E-04  2.14431E-05  2.13410E-04  9.01896E-06  5.43704E-06 -2.65602E-05  8.87953E-05  3.13555E-04  5.80793E-05  9.42296E-04  4.90314E-05  1.95264E-05 -1.94860E-05  2.36710E-04  5.39980E-04
 OMEGA(8,4)    1.56498E-05  5.52507E-05  1.58659E-05 -4.05400E-05  1.41103E-05 -1.09999E-05  3.35797E-05  4.05828E-05 -5.90289E-07  0.00000E+00  8.37513E-07  1.17854E-04  1.66553E-04  1.50519E-04  6.99018E-05  7.78556E-05  3.10945E-05  6.03117E-04  4.77861E-04  3.12760E-04  6.30780E-04 -5.18068E-05 -3.85803E-05 -3.13327E-05  6.79561E-06 -5.97976E-06  1.46939E-05 -2.56422E-06  3.16942E-05 -2.95446E-04  5.12909E-05 -6.13179E-05 -1.11157E-04 -3.41552E-05 -8.79843E-05  2.62322E-04 -4.16264E-05  8.93142E-05 -1.84226E-04  2.57992E-04  3.79501E-04  4.90314E-05  1.53382E-03 -1.47472E-04  3.70391E-05 -3.36860E-04  5.65219E-04
 OMEGA(8,5)   -1.47573E-05  5.88024E-06 -1.72238E-06 -1.27357E-05  3.02480E-05  1.74832E-05 -5.14858E-06  1.10275E-05 -1.30610E-08  0.00000E+00 -3.36899E-07  1.52905E-04  5.40802E-05 -6.56528E-06  4.93436E-05  3.18205E-05  1.29017E-05 -4.56553E-05 -2.46768E-05 -8.85886E-06 -5.55602E-05  4.67277E-04  3.08357E-04  2.19478E-04  2.10413E-04  6.36312E-05 -1.64495E-04 -9.35266E-05 -7.61396E-05 -1.08999E-05 -2.75553E-04  1.31650E-04  1.10133E-04  5.52437E-05  1.63897E-05 -1.85049E-05  3.02358E-04 -1.36014E-04  1.09120E-04  1.84920E-04  6.58770E-05  1.95264E-05 -1.47472E-04  1.15497E-03 -3.57108E-04  1.67926E-04  1.12103E-04
 OMEGA(8,6)    2.12494E-05 -5.76119E-05  2.89059E-05 -2.09418E-05  2.54235E-05  4.35863E-05  1.91846E-05 -3.82754E-06  2.36288E-08  0.00000E+00  3.42550E-07 -1.05292E-04 -9.82214E-06 -5.68628E-05 -2.72661E-05 -7.80300E-06  9.72782E-06  1.37224E-05  1.47958E-05  4.87271E-06  3.30472E-05 -1.37274E-04 -5.63070E-05 -7.53029E-05 -4.79218E-05 -6.93002E-05  5.77565E-04  4.19277E-04  2.79269E-04  2.87446E-04  1.15859E-04 -6.64782E-04 -3.03812E-05  2.16049E-05  1.78183E-05  4.48651E-05 -1.21633E-04  3.32935E-04 -3.51509E-05 -2.22807E-04 -7.37384E-05 -1.94860E-05  3.70391E-05 -3.57108E-04  1.50131E-03 -5.47015E-05 -5.69355E-04
 OMEGA(8,7)    7.37638E-06 -6.52240E-05 -1.62500E-05  8.26617E-06  3.77434E-05 -4.04975E-06  1.65639E-05  6.10417E-05 -9.25626E-08  0.00000E+00 -1.77495E-07  1.43948E-04 -7.77981E-05 -1.42004E-04  8.29171E-05 -2.72504E-05  6.03347E-05 -1.25868E-04 -1.60247E-04 -6.08370E-05 -1.50648E-04  5.43970E-05  3.84500E-05  3.35648E-05  3.98406E-05  1.88244E-05 -5.42958E-05  8.13030E-05 -3.71408E-05  7.13061E-05 -6.05092E-05 -7.66239E-06  5.62187E-04  2.37332E-04  3.02946E-04  1.61159E-04  7.72664E-05 -3.03858E-04  6.89146E-04  2.90641E-04 -2.14886E-04  2.36710E-04 -3.36860E-04  1.67926E-04 -5.47015E-05  1.43822E-03  6.54447E-04
 OMEGA(8,8)   -5.06482E-06  8.66576E-05  3.42422E-05  5.53537E-05  5.56736E-05  9.24687E-06 -1.65708E-05  8.66618E-05 -9.25008E-07  0.00000E+00 -2.89927E-07  4.42158E-04  2.67673E-04  2.11017E-04  2.22365E-04  1.43737E-04  1.27829E-04  2.38462E-04  1.86874E-04  1.14825E-04  2.11187E-04  3.68754E-05  2.20491E-05  8.84473E-06  2.92640E-05  5.19198E-05 -2.38617E-04 -1.14313E-04 -1.15068E-04 -1.20092E-04 -1.85779E-05  1.63174E-04  2.43630E-04  1.57201E-04  1.17169E-04  9.26653E-05  4.39963E-05 -1.73794E-04  2.37525E-04  1.04114E-03  7.33791E-04  5.39980E-04  5.65219E-04  1.12103E-04 -5.69355E-04  6.54447E-04  2.67855E-03
