TABLE NO.     1: Iterative Two Stage (No Prior): Problem=1 Subproblem=0 Superproblem1=0 Iteration1=0 Superproblem2=0 Iteration2=0
 NAME         THETA1       THETA2       THETA3       THETA4       THETA5       THETA6       THETA7       THETA8       THETA9       THETA10      THETA11      SIGMA(1,1)   OMEGA(1,1)   OMEGA(2,1)   OMEGA(2,2)   OMEGA(3,1)   OMEGA(3,2)   OMEGA(3,3)   OMEGA(4,1)   OMEGA(4,2)   OMEGA(4,3)   OMEGA(4,4)
 THETA1        3.80461E-02  2.83842E-03 -9.76933E-01 -1.33531E-03  3.48617E-01 -1.20055E-02 -3.28249E-01  1.35943E-02  4.37420E-02  4.06465E-02 -6.68155E-02  0.00000E+00  1.07997E-01  4.68157E-02  6.70240E-02  9.53344E-03  5.65976E-03  4.06830E-02  4.56014E-02  5.80738E-02  4.00342E-02 -2.06325E-03
 THETA2        2.83842E-03  2.88420E-02  4.01215E-03 -9.55303E-01  3.68036E-02  1.79759E-01 -3.96324E-02 -1.53660E-01  1.97675E-01  1.42903E-01 -4.24079E-02  0.00000E+00 -5.32003E-03  6.53008E-03  1.56267E-02  4.91586E-02  1.34706E-02  2.03455E-02 -1.42504E-02 -1.20543E-02  4.78995E-02  6.12021E-02
 THETA3       -9.76933E-01  4.01215E-03  1.10937E-02 -1.32314E-03 -3.11474E-01  1.36740E-02  2.95338E-01 -1.23775E-02 -7.14602E-04 -6.31357E-04  8.09736E-02  0.00000E+00 -1.18898E-01 -6.95027E-02 -6.45415E-02 -2.94080E-02 -1.47459E-02 -4.24339E-02 -5.99560E-02 -5.11009E-02 -4.37347E-02 -1.08540E-03
 THETA4       -1.33531E-03 -9.55303E-01 -1.32314E-03  8.42217E-03 -1.03000E-02 -1.50584E-01  1.40693E-02  1.47838E-01 -1.03397E-01 -6.34971E-02  5.12433E-02  0.00000E+00 -2.03734E-02 -7.11878E-03 -7.22237E-03 -5.33743E-02 -2.36031E-02 -1.87047E-02  3.13776E-02  7.30058E-03 -4.35126E-02 -4.33756E-02
 THETA5        3.48617E-01  3.68036E-02 -3.11474E-01 -1.03000E-02  4.83890E-02  1.12579E-02 -9.79442E-01  7.15872E-03  2.26881E-01  2.48542E-01 -6.04963E-02  0.00000E+00  2.61754E-02  4.52150E-02  7.44890E-02  3.19700E-02 -6.49653E-03  7.37607E-02  1.12355E-01  8.96762E-02  8.08813E-02  8.83739E-02
 THETA6       -1.20055E-02  1.79759E-01  1.36740E-02 -1.50584E-01  1.12579E-02  4.10429E-02 -1.78471E-02 -9.67747E-01  1.17434E-01  1.31485E-01  6.05670E-03  0.00000E+00  6.05591E-03  2.08973E-02 -1.15953E-01  4.55121E-04  2.13492E-02 -4.53179E-02 -4.11154E-03 -4.59350E-02  2.67410E-02  7.04613E-02
 THETA7       -3.28249E-01 -3.96324E-02  2.95338E-01  1.40693E-02 -9.79442E-01 -1.78471E-02  1.34220E-02 -6.28070E-04 -2.30260E-01 -2.47455E-01  6.22066E-02  0.00000E+00 -3.38707E-02 -3.23220E-02 -3.63836E-02 -3.23547E-02  9.60713E-03 -7.75453E-02 -1.01080E-01 -8.08087E-02 -9.10777E-02 -9.79480E-02
 THETA8        1.35943E-02 -1.53660E-01 -1.23775E-02  1.47838E-01  7.15872E-03 -9.67747E-01 -6.28070E-04  1.18567E-02 -5.65183E-02 -5.12150E-02 -2.25986E-03  0.00000E+00 -3.49081E-03  1.37021E-03  1.20103E-01  3.59538E-03 -3.82480E-03  3.50524E-02  1.03963E-02  6.97117E-02 -2.27808E-02 -4.39759E-02
 THETA9        4.37420E-02  1.97675E-01 -7.14602E-04 -1.03397E-01  2.26881E-01  1.17434E-01 -2.30260E-01 -5.65183E-02  1.05230E-02  7.01312E-01  5.49821E-02  0.00000E+00 -3.74529E-02 -1.76629E-02 -2.27523E-03  5.45158E-02 -4.61691E-02 -4.27618E-02  6.42981E-02 -3.73813E-03 -1.40485E-02  5.58991E-02
 THETA10       4.06465E-02  1.42903E-01 -6.31357E-04 -6.34971E-02  2.48542E-01  1.31485E-01 -2.47455E-01 -5.12150E-02  7.01312E-01  8.93688E-03  5.48246E-02  0.00000E+00  1.37069E-02  4.33730E-02 -3.42666E-03  5.68755E-02 -2.75646E-02 -4.37563E-02  9.22556E-02  7.85195E-02  2.41118E-02  1.78506E-01
 THETA11      -6.68155E-02 -4.24079E-02  8.09736E-02  5.12433E-02 -6.04963E-02  6.05670E-03  6.22066E-02 -2.25986E-03  5.49821E-02  5.48246E-02  2.98448E-03  0.00000E+00 -1.41949E-01 -2.17674E-01 -2.40620E-01 -1.33892E-01 -1.60081E-01 -3.75665E-01 -1.02307E-01 -1.05648E-01 -3.86956E-01 -3.07098E-01
 SIGMA(1,1)    0.00000E+00  0.00000E+00  0.00000E+00  0.00000E+00  0.00000E+00  0.00000E+00  0.00000E+00  0.00000E+00  0.00000E+00  0.00000E+00  0.00000E+00  0.00000E+00  0.00000E+00  0.00000E+00  0.00000E+00  0.00000E+00  0.00000E+00  0.00000E+00  0.00000E+00  0.00000E+00  0.00000E+00  0.00000E+00
 OMEGA(1,1)    1.07997E-01 -5.32003E-03 -1.18898E-01 -2.03734E-02  2.61754E-02  6.05591E-03 -3.38707E-02 -3.49081E-03 -3.74529E-02  1.37069E-02 -1.41949E-01  0.00000E+00  1.00672E-03  4.22675E-01  6.03594E-02  4.09944E-01  2.06493E-01  1.56063E-01  3.84061E-01  1.69284E-01  2.09072E-01  2.05000E-01
 OMEGA(2,1)    4.68157E-02  6.53008E-03 -6.95027E-02 -7.11878E-03  4.52150E-02  2.08973E-02 -3.23220E-02  1.37021E-03 -1.76629E-02  4.33730E-02 -2.17674E-01  0.00000E+00  4.22675E-01  8.65131E-04  3.59941E-01  2.97429E-01  3.43036E-01  1.88013E-01  3.05954E-01  3.57096E-01  2.29699E-01  2.18076E-01
 OMEGA(2,2)    6.70240E-02  1.56267E-02 -6.45415E-02 -7.22237E-03  7.44890E-02 -1.15953E-01 -3.63836E-02  1.20103E-01 -2.27523E-03 -3.42666E-03 -2.40620E-01  0.00000E+00  6.03594E-02  3.59941E-01  1.49678E-03  3.31670E-02  2.46109E-01  6.90245E-02  8.91855E-02  3.01312E-01  7.66462E-02  3.27931E-02
 OMEGA(3,1)    9.53344E-03  4.91586E-02 -2.94080E-02 -5.33743E-02  3.19700E-02  4.55121E-04 -3.23547E-02  3.59538E-03  5.45158E-02  5.68755E-02 -1.33892E-01  0.00000E+00  4.09944E-01  2.97429E-01  3.31670E-02  1.29208E-03  4.22040E-01  3.51913E-01  7.15150E-01  3.10786E-01  3.52259E-01  2.84599E-01
 OMEGA(3,2)    5.65976E-03  1.34706E-02 -1.47459E-02 -2.36031E-02 -6.49653E-03  2.13492E-02  9.60713E-03 -3.82480E-03 -4.61691E-02 -2.75646E-02 -1.60081E-01  0.00000E+00  2.06493E-01  3.43036E-01  2.46109E-01  4.22040E-01  1.43822E-03  3.76439E-01  3.14116E-01  6.77028E-01  4.22387E-01  2.85200E-01
 OMEGA(3,3)    4.06830E-02  2.03455E-02 -4.24339E-02 -1.87047E-02  7.37607E-02 -4.53179E-02 -7.75453E-02  3.50524E-02 -4.27618E-02 -4.37563E-02 -3.75665E-01  0.00000E+00  1.56063E-01  1.88013E-01  6.90245E-02  3.51913E-01  3.76439E-01  2.82721E-03  2.09635E-01  2.15776E-01  8.09218E-01  4.26145E-01
 OMEGA(4,1)    4.56014E-02 -1.42504E-02 -5.99560E-02  3.13776E-02  1.12355E-01 -4.11154E-03 -1.01080E-01  1.03963E-02  6.42981E-02  9.22556E-02 -1.02307E-01  0.00000E+00  3.84061E-01  3.05954E-01  8.91855E-02  7.15150E-01  3.14116E-01  2.09635E-01  1.11778E-03  4.07110E-01  3.81601E-01  4.31393E-01
 OMEGA(4,2)    5.80738E-02 -1.20543E-02 -5.11009E-02  7.30058E-03  8.96762E-02 -4.59350E-02 -8.08087E-02  6.97117E-02 -3.73813E-03  7.85195E-02 -1.05648E-01  0.00000E+00  1.69284E-01  3.57096E-01  3.01312E-01  3.10786E-01  6.77028E-01  2.15776E-01  4.07110E-01  1.15593E-03  3.44707E-01  4.09266E-01
 OMEGA(4,3)    4.00342E-02  4.78995E-02 -4.37347E-02 -4.35126E-02  8.08813E-02  2.67410E-02 -9.10777E-02 -2.27808E-02 -1.40485E-02  2.41118E-02 -3.86956E-01  0.00000E+00  2.09072E-01  2.29699E-01  7.66462E-02  3.52259E-01  4.22387E-01  8.09218E-01  3.81601E-01  3.44707E-01  1.98475E-03  7.67538E-01
 OMEGA(4,4)   -2.06325E-03  6.12021E-02 -1.08540E-03 -4.33756E-02  8.83739E-02  7.04613E-02 -9.79480E-02 -4.39759E-02  5.58991E-02  1.78506E-01 -3.07098E-01  0.00000E+00  2.05000E-01  2.18076E-01  3.27931E-02  2.84599E-01  2.85200E-01  4.26145E-01  4.31393E-01  4.09266E-01  7.67538E-01  1.99998E-03
TABLE NO.     2: Importance Sampling (No Prior): Problem=1 Subproblem=0 Superproblem1=0 Iteration1=0 Superproblem2=0 Iteration2=0
 NAME         THETA1       THETA2       THETA3       THETA4       THETA5       THETA6       THETA7       THETA8       THETA9       THETA10      THETA11      SIGMA(1,1)   OMEGA(1,1)   OMEGA(2,1)   OMEGA(2,2)   OMEGA(3,1)   OMEGA(3,2)   OMEGA(3,3)   OMEGA(4,1)   OMEGA(4,2)   OMEGA(4,3)   OMEGA(4,4)
 THETA1        3.27297E-02  1.64875E-02 -9.68166E-01 -3.75253E-03  2.27501E-01  2.52411E-02 -2.19337E-01 -1.45719E-02  1.26483E-01  9.60038E-02  1.15456E-02  0.00000E+00  1.13621E-02  1.63295E-03 -1.66019E-02  2.16114E-02  1.91315E-02  1.44585E-02  3.61862E-02  5.89376E-03  1.10944E-02  2.28040E-03
 THETA2        1.64875E-02  2.88231E-02 -1.05059E-02 -9.59195E-01  2.30375E-02  2.95727E-01 -2.55028E-02 -2.74147E-01  1.51985E-01  1.29362E-01 -3.95361E-03  0.00000E+00 -7.04762E-03 -1.30395E-02 -1.05222E-02 -2.56669E-03 -3.69414E-04  1.77131E-02 -5.29902E-02 -1.55209E-02  2.83866E-02  2.98898E-02
 THETA3       -9.68166E-01 -1.05059E-02  9.54408E-03  1.36545E-03 -2.10364E-01 -1.72865E-02  2.11401E-01  1.03288E-02 -9.18077E-02 -6.10817E-02 -1.24060E-02  0.00000E+00 -3.37220E-03  6.51758E-03  1.98913E-02 -6.35275E-03 -1.22740E-02 -5.73265E-03 -2.79916E-02 -1.59414E-03 -3.57290E-03  2.32002E-03
 THETA4       -3.75253E-03 -9.59195E-01  1.36545E-03  8.36101E-03 -8.20633E-03 -2.66177E-01  9.57928E-03  2.70264E-01 -5.44531E-02 -5.05131E-02  5.52306E-03  0.00000E+00  1.09616E-02  2.14721E-02  1.04528E-02  8.04033E-03  7.33655E-03 -6.00760E-03  6.42365E-02  1.77493E-02 -1.79706E-02 -2.37718E-02
 THETA5        2.27501E-01  2.30375E-02 -2.10364E-01 -8.20633E-03  3.94587E-02  3.11900E-02 -9.69454E-01 -1.58374E-02  1.42085E-01  1.56371E-01  3.02288E-02  0.00000E+00  1.23589E-02 -8.49670E-04 -4.16271E-02  4.06110E-02  4.73424E-02  3.16739E-02  2.44055E-02  3.25479E-02  2.10672E-02  1.57260E-03
 THETA6        2.52411E-02  2.95727E-01 -1.72865E-02 -2.66177E-01  3.11900E-02  3.64953E-02 -3.38229E-02 -9.59352E-01  1.91866E-01  1.95883E-01 -2.67561E-02  0.00000E+00  1.16180E-02 -1.21561E-02 -3.53552E-02  2.56530E-02 -1.93820E-02  5.31102E-02  2.18384E-02 -7.49068E-02  7.27646E-02  7.70182E-02
 THETA7       -2.19337E-01 -2.55028E-02  2.11401E-01  9.57928E-03 -9.69454E-01 -3.38229E-02  1.13885E-02  1.81352E-02 -1.55614E-01 -1.58489E-01 -3.19176E-02  0.00000E+00 -3.33000E-03  1.67213E-02  5.59978E-02 -2.95382E-02 -2.93466E-02 -2.58294E-02 -1.51587E-02 -2.15246E-02 -1.61652E-02  1.39448E-03
 THETA8       -1.45719E-02 -2.74147E-01  1.03288E-02  2.70264E-01 -1.58374E-02 -9.59352E-01  1.81352E-02  1.05480E-02 -1.12271E-01 -1.05393E-01  2.82818E-02  0.00000E+00 -7.52214E-04  2.61437E-02  3.92490E-02 -7.64390E-03  2.83374E-02 -3.56945E-02 -7.57585E-03  8.15601E-02 -5.82085E-02 -6.87018E-02
 THETA9        1.26483E-01  1.51985E-01 -9.18077E-02 -5.44531E-02  1.42085E-01  1.91866E-01 -1.55614E-01 -1.12271E-01  1.05058E-02  7.00106E-01  4.32873E-02  0.00000E+00  3.71526E-02  3.44979E-02 -4.17660E-02  5.93794E-02  7.62917E-02  3.10728E-02  5.96091E-02  3.79984E-02  3.05817E-02  7.11918E-03
 THETA10       9.60038E-02  1.29362E-01 -6.10817E-02 -5.05131E-02  1.56371E-01  1.95883E-01 -1.58489E-01 -1.05393E-01  7.00106E-01  8.61897E-03  3.80501E-02  0.00000E+00  3.96554E-02  3.83860E-02 -3.52573E-02  7.25520E-02  6.30407E-02  4.25926E-02  4.91096E-02  3.14120E-02  2.81330E-02  1.15647E-02
 THETA11       1.15456E-02 -3.95361E-03 -1.24060E-02  5.52306E-03  3.02288E-02 -2.67561E-02 -3.19176E-02  2.82818E-02  4.32873E-02  3.80501E-02  2.79900E-03  0.00000E+00 -1.52050E-01 -1.69173E-01 -2.84756E-01 -2.25158E-01 -1.28002E-01 -4.15190E-01 -2.23721E-01 -1.00221E-01 -4.17751E-01 -3.54229E-01
 SIGMA(1,1)    0.00000E+00  0.00000E+00  0.00000E+00  0.00000E+00  0.00000E+00  0.00000E+00  0.00000E+00  0.00000E+00  0.00000E+00  0.00000E+00  0.00000E+00  0.00000E+00  0.00000E+00  0.00000E+00  0.00000E+00  0.00000E+00  0.00000E+00  0.00000E+00  0.00000E+00  0.00000E+00  0.00000E+00  0.00000E+00
 OMEGA(1,1)    1.13621E-02 -7.04762E-03 -3.37220E-03  1.09616E-02  1.23589E-02  1.16180E-02 -3.33000E-03 -7.52214E-04  3.71526E-02  3.96554E-02 -1.52050E-01  0.00000E+00  9.73364E-04  3.45059E-01  5.84851E-02  4.38193E-01  1.32205E-01  1.65526E-01  3.74133E-01  9.11420E-02  1.55032E-01  1.12618E-01
 OMEGA(2,1)    1.63295E-03 -1.30395E-02  6.51758E-03  2.14721E-02 -8.49670E-04 -1.21561E-02  1.67213E-02  2.61437E-02  3.44979E-02  3.83860E-02 -1.69173E-01  0.00000E+00  3.45059E-01  8.30333E-04  3.07913E-01  2.05876E-01  2.84251E-01  1.08351E-01  2.51795E-01  2.38231E-01  1.07149E-01  8.12693E-02
 OMEGA(2,2)   -1.66019E-02 -1.05222E-02  1.98913E-02  1.04528E-02 -4.16271E-02 -3.53552E-02  5.59978E-02  3.92490E-02 -4.17660E-02 -3.52573E-02 -2.84756E-01  0.00000E+00  5.84851E-02  3.07913E-01  1.35683E-03  3.14276E-02  1.57190E-01  4.68350E-02  3.84945E-02  2.53013E-01  2.84204E-02  1.74194E-02
 OMEGA(3,1)    2.16114E-02 -2.56669E-03 -6.35275E-03  8.04033E-03  4.06110E-02  2.56530E-02 -2.95382E-02 -7.64390E-03  5.93794E-02  7.25520E-02 -2.25158E-01  0.00000E+00  4.38193E-01  2.05876E-01  3.14276E-02  1.31396E-03  3.63986E-01  5.29862E-01  7.09335E-01  1.83062E-01  4.77876E-01  3.16036E-01
 OMEGA(3,2)    1.91315E-02 -3.69414E-04 -1.22740E-02  7.33655E-03  4.73424E-02 -1.93820E-02 -2.93466E-02  2.83374E-02  7.62917E-02  6.30407E-02 -1.28002E-01  0.00000E+00  1.32205E-01  2.84251E-01  1.57190E-01  3.63986E-01  1.40357E-03  3.46296E-01  2.39294E-01  6.02867E-01  3.42698E-01  2.08147E-01
 OMEGA(3,3)    1.44585E-02  1.77131E-02 -5.73265E-03 -6.00760E-03  3.16739E-02  5.31102E-02 -2.58294E-02 -3.56945E-02  3.10728E-02  4.25926E-02 -4.15190E-01  0.00000E+00  1.65526E-01  1.08351E-01  4.68350E-02  5.29862E-01  3.46296E-01  3.31469E-03  3.67880E-01  1.31904E-01  8.74879E-01  5.68077E-01
 OMEGA(4,1)    3.61862E-02 -5.29902E-02 -2.79916E-02  6.42365E-02  2.44055E-02  2.18384E-02 -1.51587E-02 -7.57585E-03  5.96091E-02  4.91096E-02 -2.23721E-01  0.00000E+00  3.74133E-01  2.51795E-01  3.84945E-02  7.09335E-01  2.39294E-01  3.67880E-01  1.01860E-03  2.71707E-01  4.32687E-01  3.84518E-01
 OMEGA(4,2)    5.89376E-03 -1.55209E-02 -1.59414E-03  1.77493E-02  3.25479E-02 -7.49068E-02 -2.15246E-02  8.15601E-02  3.79984E-02  3.14120E-02 -1.00221E-01  0.00000E+00  9.11420E-02  2.38231E-01  2.53013E-01  1.83062E-01  6.02867E-01  1.31904E-01  2.71707E-01  1.08490E-03  1.88342E-01  2.42053E-01
 OMEGA(4,3)    1.10944E-02  2.83866E-02 -3.57290E-03 -1.79706E-02  2.10672E-02  7.27646E-02 -1.61652E-02 -5.82085E-02  3.05817E-02  2.81330E-02 -4.17751E-01  0.00000E+00  1.55032E-01  1.07149E-01  2.84204E-02  4.77876E-01  3.42698E-01  8.74879E-01  4.32687E-01  1.88342E-01  2.28751E-03  8.06665E-01
 OMEGA(4,4)    2.28040E-03  2.98898E-02  2.32002E-03 -2.37718E-02  1.57260E-03  7.70182E-02  1.39448E-03 -6.87018E-02  7.11918E-03  1.15647E-02 -3.54229E-01  0.00000E+00  1.12618E-01  8.12693E-02  1.74194E-02  3.16036E-01  2.08147E-01  5.68077E-01  3.84518E-01  2.42053E-01  8.06665E-01  1.96248E-03
TABLE NO.     3: Stochastic Approximation Expectation-Maximization (No Prior): Problem=1 Subproblem=0 Superproblem1=0 Iteration1=0 Superproblem2=0 Iteration2=0
 NAME         THETA1       THETA2       THETA3       THETA4       THETA5       THETA6       THETA7       THETA8       THETA9       THETA10      THETA11      SIGMA(1,1)   OMEGA(1,1)   OMEGA(2,1)   OMEGA(2,2)   OMEGA(3,1)   OMEGA(3,2)   OMEGA(3,3)   OMEGA(4,1)   OMEGA(4,2)   OMEGA(4,3)   OMEGA(4,4)
 THETA1        3.81958E-02  6.96238E-04 -9.76802E-01  1.91808E-04  3.45023E-01 -1.05736E-02 -3.26511E-01  1.09096E-02  3.98060E-02  3.39190E-02 -5.93017E-02  0.00000E+00  1.02520E-01  3.93818E-02  5.66304E-02  6.72146E-03  1.90995E-03  2.91797E-02  4.06661E-02  5.38812E-02  2.79699E-02 -1.05307E-02
 THETA2        6.96238E-04  2.88595E-02  6.69259E-03 -9.55156E-01  3.38109E-02  1.90007E-01 -3.67185E-02 -1.64259E-01  1.94929E-01  1.37638E-01 -3.43771E-02  0.00000E+00 -1.68601E-02  2.34307E-04  3.09146E-03  2.92096E-02  1.08513E-03  1.13125E-02 -3.58225E-02 -2.62828E-02  3.67095E-02  5.01606E-02
 THETA3       -9.76802E-01  6.69259E-03  1.11442E-02 -3.13448E-03 -3.08541E-01  1.33187E-02  2.94633E-01 -1.04225E-02  5.16173E-03  8.57401E-03  7.15936E-02  0.00000E+00 -1.14930E-01 -6.35908E-02 -5.75074E-02 -2.86961E-02 -1.47580E-02 -3.44131E-02 -5.84727E-02 -5.06192E-02 -3.57207E-02  3.61057E-03
 THETA4        1.91808E-04 -9.55156E-01 -3.13448E-03  8.43653E-03 -8.12789E-03 -1.58538E-01  1.18646E-02  1.55892E-01 -9.76375E-02 -5.69238E-02  4.73143E-02  0.00000E+00 -1.34316E-02 -7.62400E-03 -3.80913E-03 -4.01420E-02 -1.79446E-02 -1.88201E-02  4.50266E-02  1.51006E-02 -4.27193E-02 -4.08471E-02
 THETA5        3.45023E-01  3.38109E-02 -3.08541E-01 -8.12789E-03  4.80154E-02  1.13569E-02 -9.79627E-01  5.48377E-03  2.20357E-01  2.38537E-01 -4.51753E-02  0.00000E+00  2.01635E-02  3.29030E-02  5.92282E-02  2.61461E-02 -1.21832E-02  6.10438E-02  1.02356E-01  8.45949E-02  6.82122E-02  7.89568E-02
 THETA6       -1.05736E-02  1.90007E-01  1.33187E-02 -1.58538E-01  1.13569E-02  4.12660E-02 -1.67943E-02 -9.68216E-01  1.24509E-01  1.33258E-01  1.56903E-02  0.00000E+00  3.12427E-03  1.15777E-02 -1.23795E-01 -1.23853E-02  1.03158E-03 -5.77358E-02 -1.81087E-02 -5.84914E-02  1.31788E-02  5.87372E-02
 THETA7       -3.26511E-01 -3.67185E-02  2.94633E-01  1.18646E-02 -9.79627E-01 -1.67943E-02  1.33363E-02 -1.49003E-04 -2.22904E-01 -2.36627E-01  4.91270E-02  0.00000E+00 -2.82958E-02 -2.37935E-02 -2.84989E-02 -2.62287E-02  1.36131E-02 -6.80487E-02 -9.09874E-02 -7.80334E-02 -8.00969E-02 -8.83376E-02
 THETA8        1.09096E-02 -1.64259E-01 -1.04225E-02  1.55892E-01  5.48377E-03 -9.68216E-01 -1.49003E-04  1.18879E-02 -6.13039E-02 -5.23449E-02  8.02409E-04  0.00000E+00 -6.46425E-03 -1.63022E-04  1.16698E-01  9.54992E-03  6.76355E-03  3.72766E-02  1.72608E-02  7.27217E-02 -2.04705E-02 -4.15571E-02
 THETA9        3.98060E-02  1.94929E-01  5.16173E-03 -9.76375E-02  2.20357E-01  1.24509E-01 -2.22904E-01 -6.13039E-02  1.05391E-02  7.01195E-01  1.00812E-01  0.00000E+00 -6.38713E-02 -5.38225E-02 -5.73442E-02  7.33308E-03 -8.49353E-02 -9.51615E-02  1.61491E-02 -3.37647E-02 -7.46900E-02  8.77227E-03
 THETA10       3.39190E-02  1.37638E-01  8.57401E-03 -5.69238E-02  2.38537E-01  1.33258E-01 -2.36627E-01 -5.23449E-02  7.01195E-01  9.00888E-03  1.07915E-01  0.00000E+00 -1.59733E-02  4.99669E-03 -5.90243E-02  1.01892E-02 -7.17482E-02 -1.01197E-01  4.14444E-02  4.54971E-02 -4.18848E-02  1.29403E-01
 THETA11      -5.93017E-02 -3.43771E-02  7.15936E-02  4.73143E-02 -4.51753E-02  1.56903E-02  4.91270E-02  8.02409E-04  1.00812E-01  1.07915E-01  3.02161E-03  0.00000E+00 -1.34653E-01 -2.12561E-01 -2.58591E-01 -1.24262E-01 -1.65311E-01 -3.77039E-01 -9.18210E-02 -1.06971E-01 -3.84493E-01 -2.98540E-01
 SIGMA(1,1)    0.00000E+00  0.00000E+00  0.00000E+00  0.00000E+00  0.00000E+00  0.00000E+00  0.00000E+00  0.00000E+00  0.00000E+00  0.00000E+00  0.00000E+00  0.00000E+00  0.00000E+00  0.00000E+00  0.00000E+00  0.00000E+00  0.00000E+00  0.00000E+00  0.00000E+00  0.00000E+00  0.00000E+00  0.00000E+00
 OMEGA(1,1)    1.02520E-01 -1.68601E-02 -1.14930E-01 -1.34316E-02  2.01635E-02  3.12427E-03 -2.82958E-02 -6.46425E-03 -6.38713E-02 -1.59733E-02 -1.34653E-01  0.00000E+00  1.02505E-03  4.25366E-01  5.68870E-02  4.22592E-01  2.11740E-01  1.64483E-01  3.96922E-01  1.76524E-01  2.17652E-01  2.09501E-01
 OMEGA(2,1)    3.93818E-02  2.34307E-04 -6.35908E-02 -7.62400E-03  3.29030E-02  1.15777E-02 -2.37935E-02 -1.63022E-04 -5.38225E-02  4.99669E-03 -2.12561E-01  0.00000E+00  4.25366E-01  8.68943E-04  3.57518E-01  3.01668E-01  3.55997E-01  1.88123E-01  3.12806E-01  3.72267E-01  2.32894E-01  2.20398E-01
 OMEGA(2,2)    5.66304E-02  3.09146E-03 -5.75074E-02 -3.80913E-03  5.92282E-02 -1.23795E-01 -2.84989E-02  1.16698E-01 -5.73442E-02 -5.90243E-02 -2.58591E-01  0.00000E+00  5.68870E-02  3.57518E-01  1.48823E-03  3.75442E-02  2.57761E-01  6.52260E-02  9.55655E-02  3.12419E-01  7.16515E-02  3.01259E-02
 OMEGA(3,1)    6.72146E-03  2.92096E-02 -2.86961E-02 -4.01420E-02  2.61461E-02 -1.23853E-02 -2.62287E-02  9.54992E-03  7.33308E-03  1.01892E-02 -1.24262E-01  0.00000E+00  4.22592E-01  3.01668E-01  3.75442E-02  1.30995E-03  4.23410E-01  3.61854E-01  7.18290E-01  3.15163E-01  3.61697E-01  2.90252E-01
 OMEGA(3,2)    1.90995E-03  1.08513E-03 -1.47580E-02 -1.79446E-02 -1.21832E-02  1.03158E-03  1.36131E-02  6.76355E-03 -8.49353E-02 -7.17482E-02 -1.65311E-01  0.00000E+00  2.11740E-01  3.55997E-01  2.57761E-01  4.23410E-01  1.42622E-03  3.92404E-01  3.17462E-01  6.71456E-01  4.31562E-01  2.83431E-01
 OMEGA(3,3)    2.91797E-02  1.13125E-02 -3.44131E-02 -1.88201E-02  6.10438E-02 -5.77358E-02 -6.80487E-02  3.72766E-02 -9.51615E-02 -1.01197E-01 -3.77039E-01  0.00000E+00  1.64483E-01  1.88123E-01  6.52260E-02  3.61854E-01  3.92404E-01  2.78207E-03  2.08806E-01  2.19137E-01  8.01666E-01  4.09875E-01
 OMEGA(4,1)    4.06661E-02 -3.58225E-02 -5.84727E-02  4.50266E-02  1.02356E-01 -1.81087E-02 -9.09874E-02  1.72608E-02  1.61491E-02  4.14444E-02 -9.18210E-02  0.00000E+00  3.96922E-01  3.12806E-01  9.55655E-02  7.18290E-01  3.17462E-01  2.08806E-01  1.14258E-03  4.16817E-01  3.90096E-01  4.41483E-01
 OMEGA(4,2)    5.38812E-02 -2.62828E-02 -5.06192E-02  1.51006E-02  8.45949E-02 -5.84914E-02 -7.80334E-02  7.27217E-02 -3.37647E-02  4.54971E-02 -1.06971E-01  0.00000E+00  1.76524E-01  3.72267E-01  3.12419E-01  3.15163E-01  6.71456E-01  2.19137E-01  4.16817E-01  1.16253E-03  3.51888E-01  4.13950E-01
 OMEGA(4,3)    2.79699E-02  3.67095E-02 -3.57207E-02 -4.27193E-02  6.82122E-02  1.31788E-02 -8.00969E-02 -2.04705E-02 -7.46900E-02 -4.18848E-02 -3.84493E-01  0.00000E+00  2.17652E-01  2.32894E-01  7.16515E-02  3.61697E-01  4.31562E-01  8.01666E-01  3.90096E-01  3.51888E-01  1.96059E-03  7.61980E-01
 OMEGA(4,4)   -1.05307E-02  5.01606E-02  3.61057E-03 -4.08471E-02  7.89568E-02  5.87372E-02 -8.83376E-02 -4.15571E-02  8.77227E-03  1.29403E-01 -2.98540E-01  0.00000E+00  2.09501E-01  2.20398E-01  3.01259E-02  2.90252E-01  2.83431E-01  4.09875E-01  4.41483E-01  4.13950E-01  7.61980E-01  2.01274E-03
TABLE NO.     4: Objective Function Evaluation by Importance Sampling (No Prior): Problem=1 Subproblem=0 Superproblem1=0 Iteration1=0 Superproblem2=0 Iteration2=0
 NAME         THETA1       THETA2       THETA3       THETA4       THETA5       THETA6       THETA7       THETA8       THETA9       THETA10      THETA11      SIGMA(1,1)   OMEGA(1,1)   OMEGA(2,1)   OMEGA(2,2)   OMEGA(3,1)   OMEGA(3,2)   OMEGA(3,3)   OMEGA(4,1)   OMEGA(4,2)   OMEGA(4,3)   OMEGA(4,4)
 THETA1        3.27618E-02  1.67718E-02 -9.68030E-01 -3.69297E-03  2.26668E-01  2.41359E-02 -2.19060E-01 -1.37789E-02  1.29658E-01  9.81014E-02  1.73698E-02  0.00000E+00  6.32611E-03  3.14934E-03 -1.13582E-02  7.43362E-03  1.17273E-02 -3.16694E-03  2.56611E-02  7.28150E-03 -4.14537E-03 -6.04871E-03
 THETA2        1.67718E-02  2.86783E-02 -1.04230E-02 -9.59004E-01  2.27377E-02  2.83996E-01 -2.49854E-02 -2.62770E-01  1.52368E-01  1.29549E-01 -3.41830E-03  0.00000E+00 -7.47421E-03 -9.55993E-03 -6.04352E-03 -6.36327E-04  6.17836E-03  1.89443E-02 -5.09432E-02 -6.61763E-03  3.15219E-02  3.33504E-02
 THETA3       -9.68030E-01 -1.04230E-02  9.55601E-03  1.09757E-03 -2.10009E-01 -1.59742E-02  2.11811E-01  9.24227E-03 -9.35045E-02 -6.15894E-02 -1.66644E-02  0.00000E+00 -1.04415E-03  2.76014E-03  1.38106E-02  4.50169E-03 -5.41297E-03  9.56033E-03 -1.99558E-02 -2.81252E-03  9.97077E-03  1.01321E-02
 THETA4       -3.69297E-03 -9.59004E-01  1.09757E-03  8.32121E-03 -7.84441E-03 -2.55282E-01  8.92600E-03  2.59104E-01 -5.41060E-02 -5.05222E-02  6.28827E-03  0.00000E+00  1.13610E-02  1.73093E-02  7.60784E-03  3.84066E-03 -8.09695E-05 -1.14388E-02  6.15302E-02  1.13188E-02 -2.31572E-02 -2.63269E-02
 THETA5        2.26668E-01  2.27377E-02 -2.10009E-01 -7.84441E-03  3.90110E-02  2.84621E-02 -9.69492E-01 -1.38522E-02  1.43400E-01  1.56680E-01  3.95225E-02  0.00000E+00  3.41010E-03 -2.25048E-03 -3.11084E-02  1.03489E-02  3.30054E-02 -3.70469E-03  4.08774E-03  3.36334E-02 -1.11693E-02 -1.75287E-02
 THETA6        2.41359E-02  2.83996E-01 -1.59742E-02 -2.55282E-01  2.84621E-02  3.56791E-02 -3.08284E-02 -9.59330E-01  1.88151E-01  1.93076E-01 -2.24778E-02  0.00000E+00  9.45271E-03 -9.41603E-03 -2.44381E-02  2.19287E-02 -7.19353E-03  4.59342E-02  2.16592E-02 -5.93702E-02  6.93135E-02  7.69407E-02
 THETA7       -2.19060E-01 -2.49854E-02  2.11811E-01  8.92600E-03 -9.69492E-01 -3.08284E-02  1.12758E-02  1.57975E-02 -1.57136E-01 -1.58886E-01 -3.93865E-02  0.00000E+00  3.68375E-03  1.59338E-02  4.27346E-02 -2.41504E-03 -1.55580E-02  6.46569E-03  1.20469E-03 -2.48955E-02  1.23872E-02  1.72029E-02
 THETA8       -1.37789E-02 -2.62770E-01  9.24227E-03  2.59104E-01 -1.38522E-02 -9.59330E-01  1.57975E-02  1.03283E-02 -1.11676E-01 -1.05581E-01  2.73572E-02  0.00000E+00 -2.89939E-03  1.95146E-02  3.01341E-02 -1.18526E-02  1.57597E-02 -3.58985E-02 -1.28462E-02  6.93215E-02 -5.97369E-02 -6.95519E-02
 THETA9        1.29658E-01  1.52368E-01 -9.35045E-02 -5.41060E-02  1.43400E-01  1.88151E-01 -1.57136E-01 -1.11676E-01  1.04284E-02  6.99382E-01  4.36545E-02  0.00000E+00  2.49750E-02  2.46443E-02 -3.05251E-02  4.14994E-02  7.40422E-02  2.35225E-02  5.06098E-02  5.17018E-02  4.07223E-02  3.34776E-02
 THETA10       9.81014E-02  1.29549E-01 -6.15894E-02 -5.05222E-02  1.56680E-01  1.93076E-01 -1.58886E-01 -1.05581E-01  6.99382E-01  8.58753E-03  3.96565E-02  0.00000E+00  2.59931E-02  2.52150E-02 -2.78174E-02  4.94719E-02  5.61560E-02  3.05527E-02  3.78026E-02  4.33501E-02  3.33166E-02  3.37791E-02
 THETA11       1.73698E-02 -3.41830E-03 -1.66644E-02  6.28827E-03  3.95225E-02 -2.24778E-02 -3.93865E-02  2.73572E-02  4.36545E-02  3.96565E-02  2.82732E-03  0.00000E+00 -1.40686E-01 -1.83014E-01 -3.20557E-01 -2.00150E-01 -1.61801E-01 -4.07563E-01 -2.09313E-01 -1.40203E-01 -4.09446E-01 -3.47878E-01
 SIGMA(1,1)    0.00000E+00  0.00000E+00  0.00000E+00  0.00000E+00  0.00000E+00  0.00000E+00  0.00000E+00  0.00000E+00  0.00000E+00  0.00000E+00  0.00000E+00  0.00000E+00  0.00000E+00  0.00000E+00  0.00000E+00  0.00000E+00  0.00000E+00  0.00000E+00  0.00000E+00  0.00000E+00  0.00000E+00  0.00000E+00
 OMEGA(1,1)    6.32611E-03 -7.47421E-03 -1.04415E-03  1.13610E-02  3.41010E-03  9.45271E-03  3.68375E-03 -2.89939E-03  2.49750E-02  2.59931E-02 -1.40686E-01  0.00000E+00  9.87077E-04  3.47017E-01  6.32828E-02  4.50492E-01  1.39298E-01  1.61654E-01  3.89606E-01  1.01417E-01  1.52963E-01  1.12881E-01
 OMEGA(2,1)    3.14934E-03 -9.55993E-03  2.76014E-03  1.73093E-02 -2.25048E-03 -9.41603E-03  1.59338E-02  1.95146E-02  2.46443E-02  2.52150E-02 -1.83014E-01  0.00000E+00  3.47017E-01  8.27010E-04  3.27325E-01  2.12107E-01  3.12192E-01  1.36359E-01  2.64577E-01  2.76154E-01  1.41411E-01  1.12680E-01
 OMEGA(2,2)   -1.13582E-02 -6.04352E-03  1.38106E-02  7.60784E-03 -3.11084E-02 -2.44381E-02  4.27346E-02  3.01341E-02 -3.05251E-02 -2.78174E-02 -3.20557E-01  0.00000E+00  6.32828E-02  3.27325E-01  1.34114E-03  3.51355E-02  1.84235E-01  7.46004E-02  5.30497E-02  2.75544E-01  6.05604E-02  4.66079E-02
 OMEGA(3,1)    7.43362E-03 -6.36327E-04  4.50169E-03  3.84066E-03  1.03489E-02  2.19287E-02 -2.41504E-03 -1.18526E-02  4.14994E-02  4.94719E-02 -2.00150E-01  0.00000E+00  4.50492E-01  2.12107E-01  3.51355E-02  1.29803E-03  3.96084E-01  5.26703E-01  7.06290E-01  2.28503E-01  4.72576E-01  3.13122E-01
 OMEGA(3,2)    1.17273E-02  6.17836E-03 -5.41297E-03 -8.09695E-05  3.30054E-02 -7.19353E-03 -1.55580E-02  1.57597E-02  7.40422E-02  5.61560E-02 -1.61801E-01  0.00000E+00  1.39298E-01  3.12192E-01  1.84235E-01  3.96084E-01  1.42772E-03  4.10743E-01  2.77172E-01  6.37293E-01  4.20231E-01  2.78058E-01
 OMEGA(3,3)   -3.16694E-03  1.89443E-02  9.56033E-03 -1.14388E-02 -3.70469E-03  4.59342E-02  6.46569E-03 -3.58985E-02  2.35225E-02  3.05527E-02 -4.07563E-01  0.00000E+00  1.61654E-01  1.36359E-01  7.46004E-02  5.26703E-01  4.10743E-01  3.07306E-03  3.71352E-01  2.19808E-01  8.61505E-01  5.54128E-01
 OMEGA(4,1)    2.56611E-02 -5.09432E-02 -1.99558E-02  6.15302E-02  4.08774E-03  2.16592E-02  1.20469E-03 -1.28462E-02  5.06098E-02  3.78026E-02 -2.09313E-01  0.00000E+00  3.89606E-01  2.64577E-01  5.30497E-02  7.06290E-01  2.77172E-01  3.71352E-01  1.02728E-03  3.13666E-01  4.52044E-01  4.11033E-01
 OMEGA(4,2)    7.28150E-03 -6.61763E-03 -2.81252E-03  1.13188E-02  3.36334E-02 -5.93702E-02 -2.48955E-02  6.93215E-02  5.17018E-02  4.33501E-02 -1.40203E-01  0.00000E+00  1.01417E-01  2.76154E-01  2.75544E-01  2.28503E-01  6.37293E-01  2.19808E-01  3.13666E-01  1.10082E-03  2.93402E-01  3.31449E-01
 OMEGA(4,3)   -4.14537E-03  3.15219E-02  9.97077E-03 -2.31572E-02 -1.11693E-02  6.93135E-02  1.23872E-02 -5.97369E-02  4.07223E-02  3.33166E-02 -4.09446E-01  0.00000E+00  1.52963E-01  1.41411E-01  6.05604E-02  4.72576E-01  4.20231E-01  8.61505E-01  4.52044E-01  2.93402E-01  2.19526E-03  8.09139E-01
 OMEGA(4,4)   -6.04871E-03  3.33504E-02  1.01321E-02 -2.63269E-02 -1.75287E-02  7.69407E-02  1.72029E-02 -6.95519E-02  3.34776E-02  3.37791E-02 -3.47878E-01  0.00000E+00  1.12881E-01  1.12680E-01  4.66079E-02  3.13122E-01  2.78058E-01  5.54128E-01  4.11033E-01  3.31449E-01  8.09139E-01  1.97165E-03
TABLE NO.     5: MCMC Bayesian Analysis: Problem=1 Subproblem=0 Superproblem1=0 Iteration1=0 Superproblem2=0 Iteration2=0
 NAME         THETA1       THETA2       THETA3       THETA4       THETA5       THETA6       THETA7       THETA8       THETA9       THETA10      THETA11      SIGMA(1,1)   OMEGA(1,1)   OMEGA(2,1)   OMEGA(2,2)   OMEGA(3,1)   OMEGA(3,2)   OMEGA(3,3)   OMEGA(4,1)   OMEGA(4,2)   OMEGA(4,3)   OMEGA(4,4)
 THETA1        3.20820E-02  1.44787E-02 -9.66616E-01 -5.61057E-03  2.02072E-01  2.40049E-02 -1.91531E-01 -1.59134E-02  1.06916E-01  8.71980E-02  1.85141E-02  0.00000E+00  8.59241E-04  3.25925E-02  8.96124E-04  1.17441E-02  1.29540E-02  3.45152E-02  4.33432E-02  2.03079E-02  5.93240E-02  4.00282E-02
 THETA2        1.44787E-02  2.85989E-02 -7.23544E-03 -9.57815E-01  2.05409E-02  2.60307E-01 -2.24102E-02 -2.43548E-01  1.34199E-01  1.16065E-01  2.59913E-02  0.00000E+00 -2.99120E-02  1.33354E-03  2.31240E-02 -5.23378E-03 -5.12290E-02  1.90041E-04  2.49181E-03 -2.27172E-02  4.27717E-02  7.23372E-02
 THETA3       -9.66616E-01 -7.23544E-03  9.35598E-03  2.04680E-03 -1.81093E-01 -1.64618E-02  1.81767E-01  1.06083E-02 -8.19730E-02 -6.03092E-02 -1.89230E-02  0.00000E+00  3.28458E-03 -2.87992E-02  4.08644E-04  2.13261E-03 -5.41757E-03 -2.41091E-02 -2.80071E-02 -8.07598E-03 -4.45256E-02 -2.22073E-02
 THETA4       -5.61057E-03 -9.57815E-01  2.04680E-03  8.31569E-03 -2.75284E-03 -2.29091E-01  4.27861E-03  2.38629E-01 -3.08292E-02 -3.33981E-02 -2.00203E-02  0.00000E+00  3.30051E-02  3.21363E-03 -1.03986E-02 -9.72132E-04  4.39148E-02  5.54655E-03  2.60286E-04  1.94691E-02 -4.21464E-02 -6.95635E-02
 THETA5        2.02072E-01  2.05409E-02 -1.81093E-01 -2.75284E-03  3.81104E-02  2.52428E-02 -9.67247E-01 -1.14846E-02  1.52786E-01  1.37183E-01 -4.95520E-02  0.00000E+00  2.34004E-02  5.50872E-02  2.50637E-02  1.92799E-02  1.24727E-02  3.65339E-02  3.24297E-02  4.91160E-02  2.46378E-02  2.19386E-02
 THETA6        2.40049E-02  2.60307E-01 -1.64618E-02 -2.29091E-01  2.52428E-02  3.46718E-02 -3.02441E-02 -9.57798E-01  2.18866E-01  2.20923E-01 -2.18815E-02  0.00000E+00 -7.32969E-03  5.13792E-03 -1.13275E-02 -1.97094E-02 -2.91794E-02  5.56843E-02  1.44028E-03 -1.76282E-02  1.17997E-01  1.31238E-01
 THETA7       -1.91531E-01 -2.24102E-02  1.81767E-01  4.27861E-03 -9.67247E-01 -3.02441E-02  1.10009E-02  1.58208E-02 -1.55218E-01 -1.26052E-01  4.92319E-02  0.00000E+00 -1.38663E-02 -4.50340E-02 -1.95436E-02 -2.02400E-03  4.30495E-03 -3.09138E-02 -1.58096E-02 -4.57294E-02 -1.97264E-02 -2.15734E-02
 THETA8       -1.59134E-02 -2.43548E-01  1.06083E-02  2.38629E-01 -1.14846E-02 -9.57798E-01  1.58208E-02  1.01432E-02 -1.45806E-01 -1.37887E-01  3.59818E-02  0.00000E+00  8.23123E-03  1.48103E-02  2.92335E-02  2.38279E-02  3.75439E-02 -3.79226E-02 -2.14746E-03  2.57724E-02 -1.06077E-01 -1.21605E-01
 THETA9        1.06916E-01  1.34199E-01 -8.19730E-02 -3.08292E-02  1.52786E-01  2.18866E-01 -1.55218E-01 -1.45806E-01  1.01101E-02  6.63404E-01 -1.69307E-04  0.00000E+00  4.66156E-02  3.54640E-02  3.50745E-02  3.80944E-02  5.43139E-02  2.72465E-02  6.26076E-02  7.90338E-02  4.75067E-02  4.84172E-02
 THETA10       8.71980E-02  1.16065E-01 -6.03092E-02 -3.33981E-02  1.37183E-01  2.20923E-01 -1.26052E-01 -1.37887E-01  6.63404E-01  8.33029E-03 -4.80861E-02  0.00000E+00 -7.32999E-03  4.91054E-02  3.17236E-02  5.12228E-04  8.99599E-03  6.24961E-02  1.17069E-02  3.43488E-02  5.04480E-02  4.97526E-02
 THETA11       1.85141E-02  2.59913E-02 -1.89230E-02 -2.00203E-02 -4.95520E-02 -2.18815E-02  4.92319E-02  3.59818E-02 -1.69307E-04 -4.80861E-02  9.51104E-02  0.00000E+00  9.89280E-03  8.88878E-04  6.92748E-03 -7.04116E-02  1.49816E-02 -1.10533E-01 -4.43274E-02  2.41460E-02 -6.31213E-02 -1.04243E-02
 SIGMA(1,1)    0.00000E+00  0.00000E+00  0.00000E+00  0.00000E+00  0.00000E+00  0.00000E+00  0.00000E+00  0.00000E+00  0.00000E+00  0.00000E+00  0.00000E+00  0.00000E+00  0.00000E+00  0.00000E+00  0.00000E+00  0.00000E+00  0.00000E+00  0.00000E+00  0.00000E+00  0.00000E+00  0.00000E+00  0.00000E+00
 OMEGA(1,1)    8.59241E-04 -2.99120E-02  3.28458E-03  3.30051E-02  2.34004E-02 -7.32969E-03 -1.38663E-02  8.23123E-03  4.66156E-02 -7.32999E-03  9.89280E-03  0.00000E+00  9.46665E-04  3.20271E-01  1.28300E-02  4.04532E-01  1.07340E-01  1.08311E-01  3.39305E-01  9.07818E-02  1.40607E-01  1.10058E-01
 OMEGA(2,1)    3.25925E-02  1.33354E-03 -2.87992E-02  3.21363E-03  5.50872E-02  5.13792E-03 -4.50340E-02  1.48103E-02  3.54640E-02  4.91054E-02  8.88878E-04  0.00000E+00  3.20271E-01  7.95782E-04  2.57265E-01  2.00278E-01  2.93947E-01  1.34512E-01  2.21266E-01  1.81228E-01  1.46159E-01  9.05793E-02
 OMEGA(2,2)    8.96124E-04  2.31240E-02  4.08644E-04 -1.03986E-02  2.50637E-02 -1.13275E-02 -1.95436E-02  2.92335E-02  3.50745E-02  3.17236E-02  6.92748E-03  0.00000E+00  1.28300E-02  2.57265E-01  1.29957E-03 -2.82318E-02  1.30146E-01  6.96823E-02  2.03804E-02  2.14648E-01  6.06997E-02  6.02280E-02
 OMEGA(3,1)    1.17441E-02 -5.23378E-03  2.13261E-03 -9.72132E-04  1.92799E-02 -1.97094E-02 -2.02400E-03  2.38279E-02  3.80944E-02  5.12228E-04 -7.04116E-02  0.00000E+00  4.04532E-01  2.00278E-01 -2.82318E-02  1.10112E-03  3.03803E-01  3.69518E-01  6.27542E-01  1.71819E-01  3.27733E-01  1.66441E-01
 OMEGA(3,2)    1.29540E-02 -5.12290E-02 -5.41757E-03  4.39148E-02  1.24727E-02 -2.91794E-02  4.30495E-03  3.75439E-02  5.43139E-02  8.99599E-03  1.49816E-02  0.00000E+00  1.07340E-01  2.93947E-01  1.30146E-01  3.03803E-01  1.30860E-03  2.75613E-01  1.64954E-01  5.75842E-01  2.98556E-01  1.34419E-01
 OMEGA(3,3)    3.45152E-02  1.90041E-04 -2.41091E-02  5.54655E-03  3.65339E-02  5.56843E-02 -3.09138E-02 -3.79226E-02  2.72465E-02  6.24961E-02 -1.10533E-01  0.00000E+00  1.08311E-01  1.34512E-01  6.96823E-02  3.69518E-01  2.75613E-01  1.99514E-03  1.70396E-01  1.40698E-01  6.95680E-01  2.93325E-01
 OMEGA(4,1)    4.33432E-02  2.49181E-03 -2.80071E-02  2.60286E-04  3.24297E-02  1.44028E-03 -1.58096E-02 -2.14746E-03  6.26076E-02  1.17069E-02 -4.43274E-02  0.00000E+00  3.39305E-01  2.21266E-01  2.03804E-02  6.27542E-01  1.64954E-01  1.70396E-01  9.19263E-04  2.61801E-01  3.40683E-01  3.07086E-01
 OMEGA(4,2)    2.03079E-02 -2.27172E-02 -8.07598E-03  1.94691E-02  4.91160E-02 -1.76282E-02 -4.57294E-02  2.57724E-02  7.90338E-02  3.43488E-02  2.41460E-02  0.00000E+00  9.07818E-02  1.81228E-01  2.14648E-01  1.71819E-01  5.75842E-01  1.40698E-01  2.61801E-01  1.05198E-03  2.49165E-01  3.11449E-01
 OMEGA(4,3)    5.93240E-02  4.27717E-02 -4.45256E-02 -4.21464E-02  2.46378E-02  1.17997E-01 -1.97264E-02 -1.06077E-01  4.75067E-02  5.04480E-02 -6.31213E-02  0.00000E+00  1.40607E-01  1.46159E-01  6.06997E-02  3.27733E-01  2.98556E-01  6.95680E-01  3.40683E-01  2.49165E-01  1.47407E-03  7.15228E-01
 OMEGA(4,4)    4.00282E-02  7.23372E-02 -2.22073E-02 -6.95635E-02  2.19386E-02  1.31238E-01 -2.15734E-02 -1.21605E-01  4.84172E-02  4.97526E-02 -1.04243E-02  0.00000E+00  1.10058E-01  9.05793E-02  6.02280E-02  1.66441E-01  1.34419E-01  2.93325E-01  3.07086E-01  3.11449E-01  7.15228E-01  1.64721E-03
TABLE NO.     6: First Order Conditional Estimation with Interaction (No Prior): Problem=1 Subproblem=0 Superproblem1=0 Iteration1=0 Superproblem2=0 Iteration2=0
 NAME         THETA1       THETA2       THETA3       THETA4       THETA5       THETA6       THETA7       THETA8       THETA9       THETA10      THETA11      SIGMA(1,1)   OMEGA(1,1)   OMEGA(2,1)   OMEGA(2,2)   OMEGA(3,1)   OMEGA(3,2)   OMEGA(3,3)   OMEGA(4,1)   OMEGA(4,2)   OMEGA(4,3)   OMEGA(4,4)
 THETA1        3.26559E-02  1.66356E-02 -9.68129E-01 -3.62059E-03  2.27132E-01  2.41733E-02 -2.18858E-01 -1.34754E-02  1.28112E-01  9.71827E-02 -1.49755E-02  0.00000E+00  8.37761E-03  8.04550E-03 -5.72463E-03  1.15107E-02  1.40873E-02  7.63097E-03  2.92550E-02  8.03819E-03  6.48793E-03  8.56118E-04
 THETA2        1.66356E-02  2.86224E-02 -1.04344E-02 -9.58933E-01  2.21234E-02  2.85155E-01 -2.41333E-02 -2.63070E-01  1.50368E-01  1.28602E-01  3.19184E-03  0.00000E+00 -3.66163E-03 -8.30268E-03 -2.51798E-03  3.67574E-03  2.44977E-03  1.98048E-02 -4.58176E-02 -9.02923E-03  3.44078E-02  3.70746E-02
 THETA3       -9.68129E-01 -1.04344E-02  9.52058E-03  1.26984E-03 -2.10262E-01 -1.61179E-02  2.11413E-01  9.28976E-03 -9.18279E-02 -6.08683E-02  1.21620E-02  0.00000E+00 -7.28754E-04  4.83204E-04  1.14737E-02  3.54809E-03 -5.15531E-03  1.91383E-03 -2.01690E-02 -1.28444E-03  2.95165E-03  7.05742E-03
 THETA4       -3.62059E-03 -9.58933E-01  1.26984E-03  8.30229E-03 -7.45389E-03 -2.55954E-01  8.67076E-03  2.59568E-01 -5.22199E-02 -4.90990E-02 -4.42355E-03  0.00000E+00  8.85218E-03  1.79297E-02  9.85336E-03  3.52198E-03  6.79178E-03 -4.40828E-03  6.03152E-02  1.59591E-02 -1.73995E-02 -2.31898E-02
 THETA5        2.27132E-01  2.21234E-02 -2.10262E-01 -7.45389E-03  3.91541E-02  2.83786E-02 -9.69118E-01 -1.34384E-02  1.39949E-01  1.53959E-01 -2.98466E-02  0.00000E+00  9.17154E-03  4.20111E-03 -2.38534E-02  2.23605E-02  3.64810E-02  1.12233E-02  1.58742E-02  3.89301E-02  4.48735E-03 -5.21584E-03
 THETA6        2.41733E-02  2.85155E-01 -1.61179E-02 -2.55954E-01  2.83786E-02  3.57841E-02 -3.06452E-02 -9.58729E-01  1.88340E-01  1.95139E-01  2.79268E-02  0.00000E+00  1.34994E-02 -6.47746E-03 -2.44149E-02  2.56710E-02 -1.13589E-02  4.97300E-02  2.67478E-02 -6.34108E-02  7.52146E-02  8.27341E-02
 THETA7       -2.18858E-01 -2.41333E-02  2.11413E-01  8.67076E-03 -9.69118E-01 -3.06452E-02  1.13194E-02  1.57774E-02 -1.51903E-01 -1.54281E-01  3.34206E-02  0.00000E+00  1.95402E-04  1.56261E-02  4.59650E-02 -1.11232E-02 -1.48022E-02 -1.98160E-03 -7.84466E-03 -2.56314E-02  2.04664E-03  7.96357E-03
 THETA8       -1.34754E-02 -2.63070E-01  9.28976E-03  2.59568E-01 -1.34384E-02 -9.58729E-01  1.57774E-02  1.03608E-02 -1.08758E-01 -1.04192E-01 -2.40973E-02  0.00000E+00 -2.99886E-03  2.37069E-02  3.85676E-02 -9.22784E-03  2.60071E-02 -3.00034E-02 -1.14867E-02  7.88957E-02 -5.54262E-02 -6.74899E-02
 THETA9        1.28112E-01  1.50368E-01 -9.18279E-02 -5.22199E-02  1.39949E-01  1.88340E-01 -1.51903E-01 -1.08758E-01  1.04675E-02  7.02521E-01 -1.70990E-02  0.00000E+00  4.21363E-02  3.93350E-02  8.98055E-03  7.52500E-02  7.98050E-02  4.79937E-02  8.50021E-02  5.48365E-02  7.50011E-02  6.57122E-02
 THETA10       9.71827E-02  1.28602E-01 -6.08683E-02 -4.90990E-02  1.53959E-01  1.95139E-01 -1.54281E-01 -1.04192E-01  7.02521E-01  8.57486E-03 -3.56739E-03  0.00000E+00  4.80696E-02  4.51475E-02  1.42843E-02  9.13820E-02  7.49206E-02  7.38748E-02  7.98069E-02  5.07964E-02  8.29951E-02  7.26162E-02
 THETA11      -1.49755E-02  3.19184E-03  1.21620E-02 -4.42355E-03 -2.98466E-02  2.79268E-02  3.34206E-02 -2.40973E-02 -1.70990E-02 -3.56739E-03  2.82714E-03  0.00000E+00  1.46207E-01  1.85248E-01  3.19851E-01  2.02548E-01  1.43407E-01  4.06394E-01  2.15824E-01  1.27441E-01  4.12168E-01  3.50169E-01
 SIGMA(1,1)    0.00000E+00  0.00000E+00  0.00000E+00  0.00000E+00  0.00000E+00  0.00000E+00  0.00000E+00  0.00000E+00  0.00000E+00  0.00000E+00  0.00000E+00  0.00000E+00  0.00000E+00  0.00000E+00  0.00000E+00  0.00000E+00  0.00000E+00  0.00000E+00  0.00000E+00  0.00000E+00  0.00000E+00  0.00000E+00
 OMEGA(1,1)    8.37761E-03 -3.66163E-03 -7.28754E-04  8.85218E-03  9.17154E-03  1.34994E-02  1.95402E-04 -2.99886E-03  4.21363E-02  4.80696E-02  1.46207E-01  0.00000E+00  9.68148E-04  3.41403E-01  6.43076E-02  4.37606E-01  1.26219E-01  1.54588E-01  3.73589E-01  8.88594E-02  1.46773E-01  1.08640E-01
 OMEGA(2,1)    8.04550E-03 -8.30268E-03  4.83204E-04  1.79297E-02  4.20111E-03 -6.47746E-03  1.56261E-02  2.37069E-02  3.93350E-02  4.51475E-02  1.85248E-01  0.00000E+00  3.41403E-01  8.28200E-04  3.24907E-01  2.06533E-01  2.98098E-01  1.33553E-01  2.54183E-01  2.53719E-01  1.36426E-01  1.05540E-01
