TABLE NO.     1: MCMC Bayesian Analysis: Problem=1 Subproblem=0 Superproblem1=0 Iteration1=0 Superproblem2=0 Iteration2=0
 NAME         THETA1       THETA2       THETA3       THETA4       SIGMA(1,1)   OMEGA(1,1)   OMEGA(2,1)   OMEGA(2,2)   OMEGA(3,1)   OMEGA(3,2)   OMEGA(3,3)   OMEGA(4,1)   OMEGA(4,2)   OMEGA(4,3)   OMEGA(4,4)
 THETA1        5.17460E+02 -3.57720E+01 -5.82062E+01  3.55834E+00 -1.03330E+02  3.84982E+01  1.55869E+01 -3.52347E+01 -1.58534E+01  5.54252E+01 -1.54305E+01 -4.98057E+01  2.77105E+01 -3.48896E+01  6.33636E+00
 THETA2       -3.57720E+01  4.24651E+02  3.15228E+01 -5.48071E+01 -2.71290E+02 -3.49307E+01 -1.43484E+02  2.38332E+01 -7.49100E+01 -6.38248E+01  2.07974E+01  3.33389E+01 -2.36911E+01  4.31801E+01 -3.38512E+01
 THETA3       -5.82062E+01  3.15228E+01  2.93768E+02 -1.75055E+02 -1.27732E+02 -3.49777E+01 -5.45952E+01  3.10440E+01  2.68014E+01 -1.03917E+02 -1.07137E+01 -1.09819E+02 -5.27993E+00 -1.20775E+01  4.03256E+01
 THETA4        3.55834E+00 -5.48071E+01 -1.75055E+02  4.61746E+02 -2.17465E+02  7.86934E-01  2.24702E+01 -1.91401E+01 -4.55851E+01  3.75407E+01 -1.53808E+01  1.86218E+01 -2.09892E+01  4.32440E+01 -6.30924E+01
 SIGMA(1,1)   -1.03330E+02 -2.71290E+02 -1.27732E+02 -2.17465E+02  2.26977E+04  2.59370E+02  1.09851E+02  6.96135E+02  2.21885E+01  1.05091E+02  4.98097E+02  2.95425E+02  1.02684E+02  3.31964E+02  8.35589E+02
 OMEGA(1,1)    3.84982E+01 -3.49307E+01 -3.49777E+01  7.86934E-01  2.59370E+02  1.37568E+03 -8.56425E+01  1.94477E+01 -3.43132E+02 -3.34369E+01  2.51483E+01  9.63047E+01  8.66228E+01 -2.96034E+01  5.94204E+01
 OMEGA(2,1)    1.55869E+01 -1.43484E+02 -5.45952E+01  2.24702E+01  1.09851E+02 -8.56425E+01  2.27962E+03 -1.89554E+02 -2.84796E+01 -2.97094E+02 -1.14744E+02 -3.14326E+02  8.94340E+01  2.55676E+01 -7.30855E+01
 OMEGA(2,2)   -3.52347E+01  2.38332E+01  3.10440E+01 -1.91401E+01  6.96135E+02  1.94477E+01 -1.89554E+02  9.54909E+02  3.67432E+01  7.94106E+01  5.97448E+01  3.95741E+01 -1.90086E+02 -3.35588E+00 -2.91502E+00
 OMEGA(3,1)   -1.58534E+01 -7.49100E+01  2.68014E+01 -4.55851E+01  2.21885E+01 -3.43132E+02 -2.84796E+01  3.67432E+01  1.75352E+03  6.71886E+00 -1.78549E+02 -8.76011E+02  5.29191E+01  6.03385E+01  9.17028E+00
 OMEGA(3,2)    5.54252E+01 -6.38248E+01 -1.03917E+02  3.75407E+01  1.05091E+02 -3.34369E+01 -2.97094E+02  7.94106E+01  6.71886E+00  1.12133E+03  4.57537E+01  3.48531E+01 -4.98358E+02 -1.61433E+02  9.98699E+01
 OMEGA(3,3)   -1.54305E+01  2.07974E+01 -1.07137E+01 -1.53808E+01  4.98097E+02  2.51483E+01 -1.14744E+02  5.97448E+01 -1.78549E+02  4.57537E+01  4.61420E+02  1.43472E+01  3.43151E+01 -4.76166E+02  9.67821E+01
 OMEGA(4,1)   -4.98057E+01  3.33389E+01 -1.09819E+02  1.86218E+01  2.95425E+02  9.63047E+01 -3.14326E+02  3.95741E+01 -8.76011E+02  3.48531E+01  1.43472E+01  2.57139E+03 -2.69254E+02 -2.59952E+02  1.17923E+02
 OMEGA(4,2)    2.77105E+01 -2.36911E+01 -5.27993E+00 -2.09892E+01  1.02684E+02  8.66228E+01  8.94340E+01 -1.90086E+02  5.29191E+01 -4.98358E+02  3.43151E+01 -2.69254E+02  1.94523E+03  5.61283E+01 -3.44194E+02
 OMEGA(4,3)   -3.48896E+01  4.31801E+01 -1.20775E+01  4.32440E+01  3.31964E+02 -2.96034E+01  2.55676E+01 -3.35588E+00  6.03385E+01 -1.61433E+02 -4.76166E+02 -2.59952E+02  5.61283E+01  1.73184E+03 -6.38373E+02
 OMEGA(4,4)    6.33636E+00 -3.38512E+01  4.03256E+01 -6.30924E+01  8.35589E+02  5.94204E+01 -7.30855E+01 -2.91502E+00  9.17028E+00  9.98699E+01  9.67821E+01  1.17923E+02 -3.44194E+02 -6.38373E+02  1.05667E+03
