TABLE NO.     1: Iterative Two Stage (No Prior): Problem=1 Subproblem=0 Superproblem1=0 Iteration1=0 Superproblem2=0 Iteration2=0
 NAME         THETA1       THETA2       THETA3       THETA4       THETA5       SIGMA(1,1)   OMEGA(1,1)   OMEGA(2,1)   OMEGA(2,2)   OMEGA(3,1)   OMEGA(3,2)   OMEGA(3,3)
 THETA1        6.68756E-02  8.82359E-02  3.33536E-01 -1.39099E-02  4.88180E-02  1.23500E-02  3.21159E-01  9.59553E-02  5.56389E-02  1.34796E-01  4.47593E-02  1.48800E-02
 THETA2        8.82359E-02  4.94460E-01  4.02115E-01 -5.43664E-02  5.36445E-02  7.53734E-02  1.78107E-02  5.28022E-02 -2.36583E-02  3.54443E-02  1.38803E-02  2.59425E-02
 THETA3        3.33536E-01  4.02115E-01  2.02247E-01 -5.47053E-02  4.42600E-02  1.56542E-02 -1.13378E-02  5.48976E-02  8.65295E-03  1.39960E-02  2.25029E-02  3.38873E-02
 THETA4       -1.39099E-02 -5.43664E-02 -5.47053E-02  9.96816E-02 -6.86154E-01  9.17206E-03  6.42151E-02 -1.45645E-01  4.80586E-03 -2.96778E-02 -5.83370E-02 -8.21215E-02
 THETA5        4.88180E-02  5.36445E-02  4.42600E-02 -6.86154E-01  7.19569E-03  5.40258E-02 -3.27557E-02  9.35688E-02  3.82036E-02  1.64541E-02  9.19979E-02  2.81341E-02
 SIGMA(1,1)    1.23500E-02  7.53734E-02  1.56542E-02  9.17206E-03  5.40258E-02  7.72645E-04 -7.17422E-03 -5.25059E-02 -1.32375E-01  3.08350E-02 -1.60402E-01  6.01034E-02
 OMEGA(1,1)    3.21159E-01  1.78107E-02 -1.13378E-02  6.42151E-02 -3.27557E-02 -7.17422E-03  9.93747E-03  1.93053E-01  9.82261E-02  7.71780E-01  1.01888E-01  8.80681E-02
 OMEGA(2,1)    9.59553E-02  5.28022E-02  5.48976E-02 -1.45645E-01  9.35688E-02 -5.25059E-02  1.93053E-01  6.30855E-03  1.08717E-01  4.01336E-01  4.57392E-01  2.63874E-01
 OMEGA(2,2)    5.56389E-02 -2.36583E-02  8.65295E-03  4.80586E-03  3.82036E-02 -1.32375E-01  9.82261E-02  1.08717E-01  6.41949E-03  1.11418E-01  4.50080E-01  8.04809E-02
 OMEGA(3,1)    1.34796E-01  3.54443E-02  1.39960E-02 -2.96778E-02  1.64541E-02  3.08350E-02  7.71780E-01  4.01336E-01  1.11418E-01  7.19126E-03  2.58509E-01  3.81184E-01
 OMEGA(3,2)    4.47593E-02  1.38803E-02  2.25029E-02 -5.83370E-02  9.19979E-02 -1.60402E-01  1.01888E-01  4.57392E-01  4.50080E-01  2.58509E-01  5.16795E-03  4.77333E-01
 OMEGA(3,3)    1.48800E-02  2.59425E-02  3.38873E-02 -8.21215E-02  2.81341E-02  6.01034E-02  8.80681E-02  2.63874E-01  8.04809E-02  3.81184E-01  4.77333E-01  7.27310E-03
TABLE NO.     2: Importance Sampling (No Prior): Problem=1 Subproblem=0 Superproblem1=0 Iteration1=0 Superproblem2=0 Iteration2=0
 NAME         THETA1       THETA2       THETA3       THETA4       THETA5       SIGMA(1,1)   OMEGA(1,1)   OMEGA(2,1)   OMEGA(2,2)   OMEGA(3,1)   OMEGA(3,2)   OMEGA(3,3)
 THETA1        6.89493E-02  8.54592E-02  3.58674E-01  8.03758E-04  1.29202E-02  1.74910E-02  1.52421E-01  3.79098E-02  1.50440E-02  4.69805E-02 -3.50607E-03 -8.96012E-03
 THETA2        8.54592E-02  4.93098E-01  3.95388E-01 -8.75820E-04  1.04893E-02  3.71675E-02 -4.15663E-03  1.37872E-02  5.98726E-03 -7.19134E-03 -1.27398E-03  1.19664E-03
 THETA3        3.58674E-01  3.95388E-01  2.00261E-01 -4.15482E-04  8.16180E-03  3.04711E-02  9.80233E-04  9.15445E-03  1.08765E-03  4.84919E-04  1.97369E-03  2.75254E-03
 THETA4        8.03758E-04 -8.75820E-04 -4.15482E-04  9.49564E-02 -6.16403E-01 -1.94379E-04  5.56104E-04  1.47412E-04 -1.63809E-03  1.96869E-03 -3.32118E-04  1.00160E-04
 THETA5        1.29202E-02  1.04893E-02  8.16180E-03 -6.16403E-01  6.16187E-03  7.32367E-03  1.30510E-03  2.28271E-04  5.65415E-03 -2.98308E-03  2.14551E-03 -2.08107E-04
 SIGMA(1,1)    1.74910E-02  3.71675E-02  3.04711E-02 -1.94379E-04  7.32367E-03  7.19845E-04 -8.09055E-02 -2.04381E-02 -1.91058E-02 -9.78185E-03 -1.91198E-02 -1.02139E-02
 OMEGA(1,1)    1.52421E-01 -4.15663E-03  9.80233E-04  5.56104E-04  1.30510E-03 -8.09055E-02  1.14472E-02  1.20283E-01  9.83171E-03  5.18955E-01  3.81945E-02  1.28696E-01
 OMEGA(2,1)    3.79098E-02  1.37872E-02  9.15445E-03  1.47412E-04  2.28271E-04 -2.04381E-02  1.20283E-01  6.26179E-03  1.18182E-01  4.01550E-01  3.68087E-01  2.03344E-01
 OMEGA(2,2)    1.50440E-02  5.98726E-03  1.08765E-03 -1.63809E-03  5.65415E-03 -1.91058E-02  9.83171E-03  1.18182E-01  6.64848E-03  4.68755E-02  5.19297E-01  1.56247E-01
 OMEGA(3,1)    4.69805E-02 -7.19134E-03  4.84919E-04  1.96869E-03 -2.98308E-03 -9.78185E-03  5.18955E-01  4.01550E-01  4.68755E-02  7.00696E-03  1.97210E-01  4.77516E-01
 OMEGA(3,2)   -3.50607E-03 -1.27398E-03  1.97369E-03 -3.32118E-04  2.14551E-03 -1.91198E-02  3.81945E-02  3.68087E-01  5.19297E-01  1.97210E-01  5.31482E-03  5.16726E-01
 OMEGA(3,3)   -8.96012E-03  1.19664E-03  2.75254E-03  1.00160E-04 -2.08107E-04 -1.02139E-02  1.28696E-01  2.03344E-01  1.56247E-01  4.77516E-01  5.16726E-01  7.35221E-03
TABLE NO.     3: Objective Function Evaluation by Importance Sampling (No Prior): Problem=1 Subproblem=0 Superproblem1=0 Iteration1=0 Superproblem2=0 Iteration2=0
 NAME         THETA1       THETA2       THETA3       THETA4       THETA5       SIGMA(1,1)   OMEGA(1,1)   OMEGA(2,1)   OMEGA(2,2)   OMEGA(3,1)   OMEGA(3,2)   OMEGA(3,3)
 THETA1        6.89163E-02  8.57461E-02  3.58294E-01  9.54497E-04  1.27172E-02  1.69167E-02  1.51074E-01  3.64019E-02  1.51000E-02  4.59122E-02 -3.95392E-03 -9.65356E-03
 THETA2        8.57461E-02  4.93018E-01  3.95394E-01 -7.63418E-04  1.02529E-02  3.63922E-02 -4.46136E-03  9.19695E-03  4.17955E-03 -9.49267E-03 -2.67916E-03  5.68928E-04
 THETA3        3.58294E-01  3.95394E-01  2.00283E-01 -3.56241E-04  8.00572E-03  2.95588E-02 -1.26919E-03  7.00695E-03  7.00818E-05 -4.27680E-03  4.89258E-04  2.11282E-03
 THETA4        9.54497E-04 -7.63418E-04 -3.56241E-04  9.49520E-02 -6.16360E-01 -1.22113E-04  2.89924E-04  1.41177E-04 -1.38739E-03  1.88911E-03 -1.62317E-04  1.45345E-04
 THETA5        1.27172E-02  1.02529E-02  8.00572E-03 -6.16360E-01  6.16132E-03  6.89733E-03  1.96568E-03  3.06396E-04  5.14661E-03 -2.90625E-03  1.74396E-03 -3.40079E-04
 SIGMA(1,1)    1.69167E-02  3.63922E-02  2.95588E-02 -1.22113E-04  6.89733E-03  7.19940E-04 -8.67318E-02 -1.90569E-02 -1.99371E-02 -9.37503E-03 -2.11065E-02 -1.14782E-02
 OMEGA(1,1)    1.51074E-01 -4.46136E-03 -1.26919E-03  2.89924E-04  1.96568E-03 -8.67318E-02  1.16643E-02  1.17795E-01  1.11160E-02  5.04729E-01  4.08947E-02  1.27248E-01
 OMEGA(2,1)    3.64019E-02  9.19695E-03  7.00695E-03  1.41177E-04  3.06396E-04 -1.90569E-02  1.17795E-01  6.28450E-03  1.21943E-01  4.06510E-01  3.68636E-01  2.03872E-01
 OMEGA(2,2)    1.51000E-02  4.17955E-03  7.00818E-05 -1.38739E-03  5.14661E-03 -1.99371E-02  1.11160E-02  1.21943E-01  6.66344E-03  4.98091E-02  5.20787E-01  1.57782E-01
 OMEGA(3,1)    4.59122E-02 -9.49267E-03 -4.27680E-03  1.88911E-03 -2.90625E-03 -9.37503E-03  5.04729E-01  4.06510E-01  4.98091E-02  7.03244E-03  1.99996E-01  4.76013E-01
 OMEGA(3,2)   -3.95392E-03 -2.67916E-03  4.89258E-04 -1.62317E-04  1.74396E-03 -2.11065E-02  4.08947E-02  3.68636E-01  5.20787E-01  1.99996E-01  5.32835E-03  5.18291E-01
 OMEGA(3,3)   -9.65356E-03  5.68928E-04  2.11282E-03  1.45345E-04 -3.40079E-04 -1.14782E-02  1.27248E-01  2.03872E-01  1.57782E-01  4.76013E-01  5.18291E-01  7.35901E-03
TABLE NO.     4: Stochastic Approximation Expectation-Maximization (No Prior): Problem=1 Subproblem=0 Superproblem1=0 Iteration1=0 Superproblem2=0 Iteration2=0
 NAME         THETA1       THETA2       THETA3       THETA4       THETA5       SIGMA(1,1)   OMEGA(1,1)   OMEGA(2,1)   OMEGA(2,2)   OMEGA(3,1)   OMEGA(3,2)   OMEGA(3,3)
 THETA1        7.43921E-02  8.65098E-02  3.28278E-01 -9.87541E-03  4.76537E-02  3.90756E-02  3.26216E-01  9.64201E-02  5.21214E-02  1.37255E-01  3.83807E-02  1.25380E-02
 THETA2        8.65098E-02  4.95464E-01  3.97107E-01 -5.48355E-02  5.44925E-02  7.81042E-02  1.56386E-02  5.07346E-02 -2.40547E-02  3.26503E-02  1.08720E-02  2.49194E-02
 THETA3        3.28278E-01  3.97107E-01  2.01268E-01 -5.64193E-02  4.51057E-02  1.71548E-02 -2.25872E-02  5.22680E-02  5.55096E-03  5.79066E-03  1.95465E-02  3.77434E-02
 THETA4       -9.87541E-03 -5.48355E-02 -5.64193E-02  9.97154E-02 -6.86292E-01  9.09422E-03  6.91929E-02 -1.46470E-01  5.71913E-03 -2.62197E-02 -5.83379E-02 -8.33714E-02
 THETA5        4.76537E-02  5.44925E-02  4.51057E-02 -6.86292E-01  7.20297E-03  5.45196E-02 -3.44224E-02  9.71433E-02  3.78413E-02  1.48515E-02  9.25940E-02  2.92053E-02
 SIGMA(1,1)    3.90756E-02  7.81042E-02  1.71548E-02  9.09422E-03  5.45196E-02  7.76350E-04  7.18869E-03 -5.01188E-02 -1.30153E-01  3.87887E-02 -1.62385E-01  5.83780E-02
 OMEGA(1,1)    3.26216E-01  1.56386E-02 -2.25872E-02  6.91929E-02 -3.44224E-02  7.18869E-03  1.10580E-02  1.88989E-01  9.61461E-02  7.73734E-01  9.72952E-02  8.81711E-02
 OMEGA(2,1)    9.64201E-02  5.07346E-02  5.22680E-02 -1.46470E-01  9.71433E-02 -5.01188E-02  1.88989E-01  6.67396E-03  1.02107E-01  3.95778E-01  4.53966E-01  2.61001E-01
 OMEGA(2,2)    5.21214E-02 -2.40547E-02  5.55096E-03  5.71913E-03  3.78413E-02 -1.30153E-01  9.61461E-02  1.02107E-01  6.43615E-03  1.07555E-01  4.43477E-01  7.75654E-02
 OMEGA(3,1)    1.37255E-01  3.26503E-02  5.79066E-03 -2.62197E-02  1.48515E-02  3.87887E-02  7.73734E-01  3.95778E-01  1.07555E-01  7.58854E-03  2.52176E-01  3.81657E-01
 OMEGA(3,2)    3.83807E-02  1.08720E-02  1.95465E-02 -5.83379E-02  9.25940E-02 -1.62385E-01  9.72952E-02  4.53966E-01  4.43477E-01  2.52176E-01  5.16458E-03  4.73392E-01
 OMEGA(3,3)    1.25380E-02  2.49194E-02  3.77434E-02 -8.33714E-02  2.92053E-02  5.83780E-02  8.81711E-02  2.61001E-01  7.75654E-02  3.81657E-01  4.73392E-01  7.25152E-03
TABLE NO.     5: Objective Function Evaluation by Importance Sampling (No Prior): Problem=1 Subproblem=0 Superproblem1=0 Iteration1=0 Superproblem2=0 Iteration2=0
 NAME         THETA1       THETA2       THETA3       THETA4       THETA5       SIGMA(1,1)   OMEGA(1,1)   OMEGA(2,1)   OMEGA(2,2)   OMEGA(3,1)   OMEGA(3,2)   OMEGA(3,3)
 THETA1        6.88245E-02  8.44187E-02  3.60321E-01  9.68643E-04  1.26779E-02  1.71207E-02  1.48518E-01  3.46000E-02  1.49132E-02  4.58823E-02 -4.31792E-03 -9.79841E-03
 THETA2        8.44187E-02  4.92078E-01  3.95509E-01 -7.62886E-04  1.02551E-02  3.63842E-02 -4.75034E-03  8.08693E-03  2.79756E-03 -9.86541E-03 -3.51101E-03  2.59323E-04
 THETA3        3.60321E-01  3.95509E-01  2.00312E-01 -3.58470E-04  7.99916E-03  2.95080E-02 -1.91230E-03  6.23453E-03 -4.75057E-04 -5.35502E-03 -5.84115E-04  1.34704E-03
 THETA4        9.68643E-04 -7.62886E-04 -3.58470E-04  9.49552E-02 -6.16361E-01 -1.30800E-04  3.93572E-04  1.59214E-04 -1.33079E-03  1.91144E-03 -1.31794E-04  2.05642E-04
 THETA5        1.26779E-02  1.02551E-02  7.99916E-03 -6.16361E-01  6.16211E-03  6.90340E-03  1.74516E-03  2.54728E-04  5.03435E-03 -2.93631E-03  1.67926E-03 -4.58678E-04
 SIGMA(1,1)    1.71207E-02  3.63842E-02  2.95080E-02 -1.30800E-04  6.90340E-03  7.19263E-04 -8.51422E-02 -1.89892E-02 -1.93105E-02 -9.18396E-03 -2.06998E-02 -1.06947E-02
 OMEGA(1,1)    1.48518E-01 -4.75034E-03 -1.91230E-03  3.93572E-04  1.74516E-03 -8.51422E-02  1.16235E-02  1.13865E-01  1.08190E-02  5.13100E-01  4.03608E-02  1.30354E-01
 OMEGA(2,1)    3.46000E-02  8.08693E-03  6.23453E-03  1.59214E-04  2.54728E-04 -1.89892E-02  1.13865E-01  6.26339E-03  1.18313E-01  4.05824E-01  3.71735E-01  2.06595E-01
 OMEGA(2,2)    1.49132E-02  2.79756E-03 -4.75057E-04 -1.33079E-03  5.03435E-03 -1.93105E-02  1.08190E-02  1.18313E-01  6.62225E-03  4.85164E-02  5.20550E-01  1.57548E-01
 OMEGA(3,1)    4.58823E-02 -9.86541E-03 -5.35502E-03  1.91144E-03 -2.93631E-03 -9.18396E-03  5.13100E-01  4.05824E-01  4.85164E-02  7.04305E-03  1.99444E-01  4.80984E-01
 OMEGA(3,2)   -4.31792E-03 -3.51101E-03 -5.84115E-04 -1.31794E-04  1.67926E-03 -2.06998E-02  4.03608E-02  3.71735E-01  5.20550E-01  1.99444E-01  5.31490E-03  5.18271E-01
 OMEGA(3,3)   -9.79841E-03  2.59323E-04  1.34704E-03  2.05642E-04 -4.58678E-04 -1.06947E-02  1.30354E-01  2.06595E-01  1.57548E-01  4.80984E-01  5.18271E-01  7.37014E-03
TABLE NO.     6: MCMC Bayesian Analysis: Problem=1 Subproblem=0 Superproblem1=0 Iteration1=0 Superproblem2=0 Iteration2=0
 NAME         THETA1       THETA2       THETA3       THETA4       THETA5       SIGMA(1,1)   OMEGA(1,1)   OMEGA(2,1)   OMEGA(2,2)   OMEGA(3,1)   OMEGA(3,2)   OMEGA(3,3)
 THETA1        6.48272E-02  7.70250E-02  3.62329E-01 -7.92838E-02  6.83290E-02  6.60057E-03  1.55933E-01  1.11642E-02  2.77651E-02  4.33652E-02 -5.82144E-03  4.31959E-03
 THETA2        7.70250E-02  4.97953E-01  4.04747E-01 -3.97027E-02  4.86882E-03  4.51783E-03  1.99750E-02  1.61741E-02  5.06025E-03  1.06549E-03  2.08631E-03 -1.56152E-03
 THETA3        3.62329E-01  4.04747E-01  1.96954E-01 -3.40626E-02  1.79449E-02  6.86346E-04  1.65778E-02  1.32728E-02  3.34203E-03  1.73548E-02  1.08761E-02  1.97096E-02
 THETA4       -7.92838E-02 -3.97027E-02 -3.40626E-02  9.83252E-02 -6.18762E-01 -2.15891E-03 -6.48319E-02 -2.76964E-02 -1.44682E-02 -2.93093E-02 -3.09868E-02 -3.08428E-02
 THETA5        6.83290E-02  4.86882E-03  1.79449E-02 -6.18762E-01  6.15635E-03  2.11175E-02  4.67733E-02  3.81319E-02  3.77998E-03  3.00676E-02  2.98405E-02  3.57457E-02
 SIGMA(1,1)    6.60057E-03  4.51783E-03  6.86346E-04 -2.15891E-03  2.11175E-02  7.21847E-04 -1.07560E-01 -6.76116E-02 -2.53806E-02 -3.66801E-02 -2.71944E-02 -3.03781E-02
 OMEGA(1,1)    1.55933E-01  1.99750E-02  1.65778E-02 -6.48319E-02  4.67733E-02 -1.07560E-01  1.19466E-02  9.73157E-02  1.83499E-03  4.89564E-01  4.18602E-02  1.29910E-01
 OMEGA(2,1)    1.11642E-02  1.61741E-02  1.32728E-02 -2.76964E-02  3.81319E-02 -6.76116E-02  9.73157E-02  6.25501E-03  1.03551E-01  3.83437E-01  3.45342E-01  1.74974E-01
 OMEGA(2,2)    2.77651E-02  5.06025E-03  3.34203E-03 -1.44682E-02  3.77998E-03 -2.53806E-02  1.83499E-03  1.03551E-01  6.78038E-03  3.64920E-02  5.16367E-01  1.61685E-01
 OMEGA(3,1)    4.33652E-02  1.06549E-03  1.73548E-02 -2.93093E-02  3.00676E-02 -3.66801E-02  4.89564E-01  3.83437E-01  3.64920E-02  7.02627E-03  1.96716E-01  4.76150E-01
 OMEGA(3,2)   -5.82144E-03  2.08631E-03  1.08761E-02 -3.09868E-02  2.98405E-02 -2.71944E-02  4.18602E-02  3.45342E-01  5.16367E-01  1.96716E-01  5.51319E-03  5.36067E-01
 OMEGA(3,3)    4.31959E-03 -1.56152E-03  1.97096E-02 -3.08428E-02  3.57457E-02 -3.03781E-02  1.29910E-01  1.74974E-01  1.61685E-01  4.76150E-01  5.36067E-01  7.74173E-03
TABLE NO.     7: Laplacian Conditional Estimation with Interaction (No Prior): Problem=1 Subproblem=0 Superproblem1=0 Iteration1=0 Superproblem2=0 Iteration2=0
 NAME         THETA1       THETA2       THETA3       THETA4       THETA5       SIGMA(1,1)   OMEGA(1,1)   OMEGA(2,1)   OMEGA(2,2)   OMEGA(3,1)   OMEGA(3,2)   OMEGA(3,3)
 THETA1        6.67164E-02  8.76376E-02  3.68561E-01  6.87531E-04  1.28595E-02  1.66612E-02  1.30465E-01  2.45345E-02  7.33764E-03  3.93386E-02 -1.16226E-02 -1.27160E-02
 THETA2        8.76376E-02  4.90561E-01  3.95637E-01 -7.00716E-04  1.03125E-02  3.70109E-02 -6.92788E-03  4.72068E-03 -2.27641E-03 -1.19368E-02 -8.34976E-03 -1.74624E-03
 THETA3        3.68561E-01  3.95637E-01  1.99638E-01 -3.49679E-04  8.09465E-03  2.99300E-02 -5.11127E-03  3.63387E-03 -2.39631E-03 -9.95399E-03 -4.86514E-03 -3.75696E-03
 THETA4        6.87531E-04 -7.00716E-04 -3.49679E-04  9.49921E-02 -6.16638E-01  3.01327E-03  2.95795E-03 -4.67892E-02 -3.75595E-03 -1.65557E-02 -1.62087E-02 -1.28808E-05
 THETA5        1.28595E-02  1.03125E-02  8.09465E-03 -6.16638E-01  6.16930E-03  5.72008E-03 -4.55401E-03  4.67867E-02  1.01922E-02  1.36247E-02  1.95102E-02 -7.00536E-05
 SIGMA(1,1)    1.66612E-02  3.70109E-02  2.99300E-02  3.01327E-03  5.72008E-03  7.21740E-04 -1.12125E-01 -1.49691E-02 -8.01934E-03 -1.46910E-02 -1.17284E-02 -4.37193E-03
 OMEGA(1,1)    1.30465E-01 -6.92788E-03 -5.11127E-03  2.95795E-03 -4.55401E-03 -1.12125E-01  1.07607E-02  6.89092E-02 -3.43683E-02  5.09019E-01  9.41837E-03  1.46268E-01
 OMEGA(2,1)    2.45345E-02  4.72068E-03  3.63387E-03 -4.67892E-02  4.67867E-02 -1.49691E-02  6.89092E-02  6.44761E-03 -8.88587E-03  4.09177E-01  3.36646E-01  1.56817E-01
 OMEGA(2,2)    7.33764E-03 -2.27641E-03 -2.39631E-03 -3.75595E-03  1.01922E-02 -8.01934E-03 -3.43683E-02 -8.88587E-03  6.56896E-03 -1.18598E-02  4.79214E-01  9.19428E-02
 OMEGA(3,1)    3.93386E-02 -1.19368E-02 -9.95399E-03 -1.65557E-02  1.36247E-02 -1.46910E-02  5.09019E-01  4.09177E-01 -1.18598E-02  6.86097E-03  1.86446E-01  4.79321E-01
 OMEGA(3,2)   -1.16226E-02 -8.34976E-03 -4.86514E-03 -1.62087E-02  1.95102E-02 -1.17284E-02  9.41837E-03  3.36646E-01  4.79214E-01  1.86446E-01  5.19330E-03  4.87689E-01
 OMEGA(3,3)   -1.27160E-02 -1.74624E-03 -3.75696E-03 -1.28808E-05 -7.00536E-05 -4.37193E-03  1.46268E-01  1.56817E-01  9.19428E-02  4.79321E-01  4.87689E-01  7.29843E-03
