TABLE NO.     1: Iterative Two Stage (No Prior): Problem=1 Subproblem=0 Superproblem1=0 Iteration1=0 Superproblem2=0 Iteration2=0
 NAME         THETA1       THETA2       THETA3       THETA4       SIGMA(1,1)   OMEGA(1,1)   OMEGA(2,1)   OMEGA(2,2)   OMEGA(3,1)   OMEGA(3,2)   OMEGA(3,3)
 THETA1        1.29669E-02 -2.13585E-01 -1.17575E-01  4.26515E-02  3.41184E-02 -7.49465E-02  5.74868E-02  6.24979E-02  2.84558E-02  9.43484E-03 -1.92509E-02
 THETA2       -2.13585E-01  1.27435E-02  2.49789E-02  2.69137E-03 -1.14295E-02  1.73617E-02  1.34229E-01 -7.59798E-02 -6.19434E-03  2.08002E-01  4.37649E-03
 THETA3       -1.17575E-01  2.49789E-02  2.43714E-02 -5.95652E-03  3.28167E-02  2.37005E-02 -1.37007E-02 -5.80739E-03 -8.63113E-02  4.64121E-03 -1.29169E-02
 THETA4        4.26515E-02  2.69137E-03 -5.95652E-03  2.73031E-02 -3.24193E-02  1.57373E-02 -8.27688E-03  2.12969E-02 -1.42221E-03  4.58963E-02  1.49960E-03
 SIGMA(1,1)    3.41184E-02 -1.14295E-02  3.28167E-02 -3.24193E-02  3.48693E-04  4.45354E-02 -3.44518E-02  4.72191E-02 -5.51983E-02  1.84751E-01 -5.29605E-02
 OMEGA(1,1)   -7.49465E-02  1.73617E-02  2.37005E-02  1.57373E-02  4.45354E-02  4.36702E-03 -4.28272E-01 -1.16266E-02 -2.23711E-01 -5.10385E-02  2.90924E-02
 OMEGA(2,1)    5.74868E-02  1.34229E-01 -1.37007E-02 -8.27688E-03 -3.44518E-02 -4.28272E-01  2.64811E-03 -3.47216E-01  9.68717E-02 -3.95620E-02 -1.20186E-02
 OMEGA(2,2)    6.24979E-02 -7.59798E-02 -5.80739E-03  2.12969E-02  4.72191E-02 -1.16266E-02 -3.47216E-01  2.71934E-03  1.22282E-03  3.78448E-01 -3.83488E-03
 OMEGA(3,1)    2.84558E-02 -6.19434E-03 -8.63113E-02 -1.42221E-03 -5.51983E-02 -2.23711E-01  9.68717E-02  1.22282E-03  5.36138E-03  2.89655E-03 -3.93117E-01
 OMEGA(3,2)    9.43484E-03  2.08002E-01  4.64121E-03  4.58963E-02  1.84751E-01 -5.10385E-02 -3.95620E-02  3.78448E-01  2.89655E-03  1.75189E+03 -1.09667E-02
 OMEGA(3,3)   -1.92509E-02  4.37649E-03 -1.29169E-02  1.49960E-03 -5.29605E-02  2.90924E-02 -1.20186E-02 -3.83488E-03 -3.93117E-01 -1.09667E-02  8.84243E-03
TABLE NO.     2: Importance Sampling (No Prior): Problem=1 Subproblem=0 Superproblem1=0 Iteration1=0 Superproblem2=0 Iteration2=0
 NAME         THETA1       THETA2       THETA3       THETA4       SIGMA(1,1)   OMEGA(1,1)   OMEGA(2,1)   OMEGA(2,2)   OMEGA(3,1)   OMEGA(3,2)   OMEGA(3,3)
 THETA1        1.28414E-02 -2.17298E-01 -1.18265E-01  4.15891E-02  2.01335E-02 -1.06674E-03  4.27308E-03  4.19522E-03 -1.15857E-03  2.76933E-03  1.41673E-03
 THETA2       -2.17298E-01  1.23087E-02  2.51301E-02 -1.18327E-02 -6.70903E-03 -2.89351E-04  2.90893E-02 -3.58869E-02  3.19631E-03 -1.88748E-02 -1.52145E-03
 THETA3       -1.18265E-01  2.51301E-02  2.42461E-02 -8.55060E-03 -3.51633E-03 -2.63536E-04  8.49873E-03 -5.97282E-03 -6.27867E-02  1.16092E-01  7.00224E-03
 THETA4        4.15891E-02 -1.18327E-02 -8.55060E-03  2.72902E-02 -4.41666E-02  2.32710E-02 -1.13644E-02  1.05487E-02  5.76004E-03 -3.08529E-02 -8.56109E-05
 SIGMA(1,1)    2.01335E-02 -6.70903E-03 -3.51633E-03 -4.41666E-02  3.43196E-04 -1.75839E-02  1.45363E-02 -2.76338E-02  5.99958E-03 -9.78380E-03 -3.05838E-03
 OMEGA(1,1)   -1.06674E-03 -2.89351E-04 -2.63536E-04  2.32710E-02 -1.75839E-02  4.02434E-03 -2.87902E-01  5.38240E-02 -1.65822E-01  6.20923E-03  2.33035E-02
 OMEGA(2,1)    4.27308E-03  2.90893E-02  8.49873E-03 -1.13644E-02  1.45363E-02 -2.87902E-01  2.83686E-03 -3.45748E-01  4.63633E-02  2.82653E-02 -1.81140E-03
 OMEGA(2,2)    4.19522E-03 -3.58869E-02 -5.97282E-03  1.05487E-02 -2.76338E-02  5.38240E-02 -3.45748E-01  3.13788E-03 -4.16907E-03 -3.33171E-02 -4.93398E-03
 OMEGA(3,1)   -1.15857E-03  3.19631E-03 -6.27867E-02  5.76004E-03  5.99958E-03 -1.65822E-01  4.63633E-02 -4.16907E-03  5.25149E-03 -1.36890E-01 -2.72115E-01
 OMEGA(3,2)    2.76933E-03 -1.88748E-02  1.16092E-01 -3.08529E-02 -9.78380E-03  6.20923E-03  2.82653E-02 -3.33171E-02 -1.36890E-01  2.02064E-02  1.12615E-01
 OMEGA(3,3)    1.41673E-03 -1.52145E-03  7.00224E-03 -8.56109E-05 -3.05838E-03  2.33035E-02 -1.81140E-03 -4.93398E-03 -2.72115E-01  1.12615E-01  8.39645E-03
TABLE NO.     3: Stochastic Approximation Expectation-Maximization (No Prior): Problem=1 Subproblem=0 Superproblem1=0 Iteration1=0 Superproblem2=0 Iteration2=0
 NAME         THETA1       THETA2       THETA3       THETA4       SIGMA(1,1)   OMEGA(1,1)   OMEGA(2,1)   OMEGA(2,2)   OMEGA(3,1)   OMEGA(3,2)   OMEGA(3,3)
 THETA1        1.29727E-02 -2.26496E-01 -1.27645E-01  3.75550E-02  2.86475E-02 -8.01341E-02  6.13826E-02  6.45475E-02  3.02282E-02 -4.06110E-02 -2.05079E-02
 THETA2       -2.26496E-01  1.28481E-02  5.80390E-02 -3.74203E-04 -5.74405E-02  4.72429E-02  1.35408E-01 -1.85443E-01 -6.56929E-03  2.06319E-01  2.01914E-02
 THETA3       -1.27645E-01  5.80390E-02  2.43860E-02  9.85347E-03  3.46829E-02  3.99158E-02 -2.14853E-02 -1.21436E-02 -7.89254E-02  1.82771E-01 -1.04446E-02
 THETA4        3.75550E-02 -3.74203E-04  9.85347E-03  2.73055E-02 -4.17520E-02  2.19569E-02 -1.11473E-02  4.14016E-03  9.04254E-04  4.59810E-02  1.59771E-02
 SIGMA(1,1)    2.86475E-02 -5.74405E-02  3.46829E-02 -4.17520E-02  3.41247E-04  5.50913E-02 -2.75397E-02 -2.46052E-02 -5.12075E-02  2.59210E-02 -5.42152E-02
 OMEGA(1,1)   -8.01341E-02  4.72429E-02  3.99158E-02  2.19569E-02  5.50913E-02  4.37261E-03 -4.35279E-01  7.62119E-03 -2.32914E-01  9.12983E-02  3.97258E-02
 OMEGA(2,1)    6.13826E-02  1.35408E-01 -2.14853E-02 -1.11473E-02 -2.75397E-02 -4.35279E-01  2.66962E-03 -3.64193E-01  9.90039E-02 -4.21982E-02 -1.14001E-02
 OMEGA(2,2)    6.45475E-02 -1.85443E-01 -1.21436E-02  4.14016E-03 -2.46052E-02  7.62119E-03 -3.64193E-01  2.56890E-03 -5.58390E-03 -6.14036E-02 -2.50611E-03
 OMEGA(3,1)    3.02282E-02 -6.56929E-03 -7.89254E-02  9.04254E-04 -5.12075E-02 -2.32914E-01  9.90039E-02 -5.58390E-03  5.29139E-03 -6.27002E-03 -4.06321E-01
 OMEGA(3,2)   -4.06110E-02  2.06319E-01  1.82771E-01  4.59810E-02  2.59210E-02  9.12983E-02 -4.21982E-02 -6.14036E-02 -6.27002E-03  6.05888E-02  4.76127E-02
 OMEGA(3,3)   -2.05079E-02  2.01914E-02 -1.04446E-02  1.59771E-02 -5.42152E-02  3.97258E-02 -1.14001E-02 -2.50611E-03 -4.06321E-01  4.76127E-02  8.64234E-03
TABLE NO.     4: Objective Function Evaluation by Importance Sampling (No Prior): Problem=1 Subproblem=0 Superproblem1=0 Iteration1=0 Superproblem2=0 Iteration2=0
 NAME         THETA1       THETA2       THETA3       THETA4       SIGMA(1,1)   OMEGA(1,1)   OMEGA(2,1)   OMEGA(2,2)   OMEGA(3,1)   OMEGA(3,2)   OMEGA(3,3)
 THETA1        1.28477E-02 -2.20888E-01 -1.20071E-01  4.24163E-02  2.02559E-02  8.80815E-04 -4.20400E-03  6.73979E-03 -5.70524E-03 -2.88301E-03  3.34947E-03
 THETA2       -2.20888E-01  1.22731E-02  3.21253E-02 -9.95478E-03 -7.79608E-03 -1.90312E-03  3.94402E-02 -5.24045E-02 -2.36155E-03 -5.90164E-02  3.29552E-03
 THETA3       -1.20071E-01  3.21253E-02  2.42070E-02  1.19895E-03 -2.05780E-03  5.54877E-04 -2.88223E-03  7.30777E-04 -5.63620E-02 -7.38895E-02  4.52431E-03
 THETA4        4.24163E-02 -9.95478E-03  1.19895E-03  2.72777E-02 -4.38018E-02  2.27093E-02 -9.70777E-03  1.87918E-03  9.28817E-04 -4.63431E-03  7.25423E-03
 SIGMA(1,1)    2.02559E-02 -7.79608E-03 -2.05780E-03 -4.38018E-02  3.42321E-04 -1.47825E-02  1.48682E-02 -2.68794E-02  1.61479E-03 -4.08937E-03  2.36252E-03
 OMEGA(1,1)    8.80815E-04 -1.90312E-03  5.54877E-04  2.27093E-02 -1.47825E-02  4.03101E-03 -3.02175E-01  5.80187E-02 -1.77038E-01  5.96493E-03  2.58210E-02
 OMEGA(2,1)   -4.20400E-03  3.94402E-02 -2.88223E-03 -9.70777E-03  1.48682E-02 -3.02175E-01  2.81650E-03 -3.65951E-01  5.44518E-02  2.76619E-02 -1.22094E-02
 OMEGA(2,2)    6.73979E-03 -5.24045E-02  7.30777E-04  1.87918E-03 -2.68794E-02  5.80187E-02 -3.65951E-01  3.07246E-03 -9.94598E-03 -2.17628E-02  2.52428E-03
 OMEGA(3,1)   -5.70524E-03 -2.36155E-03 -5.63620E-02  9.28817E-04  1.61479E-03 -1.77038E-01  5.44518E-02 -9.94598E-03  5.25458E-03  3.80265E-02 -3.00167E-01
 OMEGA(3,2)   -2.88301E-03 -5.90164E-02 -7.38895E-02 -4.63431E-03 -4.08937E-03  5.96493E-03  2.76619E-02 -2.17628E-02  3.80265E-02  4.49925E-02 -1.02036E-01
 OMEGA(3,3)    3.34947E-03  3.29552E-03  4.52431E-03  7.25423E-03  2.36252E-03  2.58210E-02 -1.22094E-02  2.52428E-03 -3.00167E-01 -1.02036E-01  8.31145E-03
TABLE NO.     5: MCMC Bayesian Analysis: Problem=1 Subproblem=0 Superproblem1=0 Iteration1=0 Superproblem2=0 Iteration2=0
 NAME         THETA1       THETA2       THETA3       THETA4       SIGMA(1,1)   OMEGA(1,1)   OMEGA(2,1)   OMEGA(2,2)   OMEGA(3,1)   OMEGA(3,2)   OMEGA(3,3)
 THETA1        1.27846E-02 -2.19889E-01 -1.14747E-01 -8.37965E-03  3.72334E-02  1.40301E-02 -4.01862E-03  6.87632E-04 -6.14371E-03 -2.81183E-03  2.23722E-04
 THETA2       -2.19889E-01  1.27521E-02  4.26323E-02  1.35301E-02 -6.19030E-03 -3.51212E-03  5.67531E-02 -2.41834E-02 -8.10818E-03  2.35754E-03 -1.12881E-02
 THETA3       -1.14747E-01  4.26323E-02  2.51521E-02  2.04414E-04  8.50095E-03  2.46710E-02 -4.88789E-03  4.31449E-02 -4.83583E-02 -3.88895E-02 -2.64622E-02
 THETA4       -8.37965E-03  1.35301E-02  2.04414E-04  2.70127E-02  1.98161E-02 -1.70273E-02  2.71156E-02 -2.85021E-03  3.35546E-02 -1.55457E-02 -2.95072E-02
 SIGMA(1,1)    3.72334E-02 -6.19030E-03  8.50095E-03  1.98161E-02  3.46462E-04 -2.26827E-02  1.43965E-02 -1.04027E-02  2.20357E-02 -2.21381E-02 -4.69790E-02
 OMEGA(1,1)    1.40301E-02 -3.51212E-03  2.46710E-02 -1.70273E-02 -2.26827E-02  4.14040E-03 -2.93210E-01  6.89476E-02 -1.70005E-01  1.86932E-02  3.76609E-02
 OMEGA(2,1)   -4.01862E-03  5.67531E-02 -4.88789E-03  2.71156E-02  1.43965E-02 -2.93210E-01  2.91310E-03 -3.78244E-01  6.88312E-02 -6.28092E-02 -3.11036E-02
 OMEGA(2,2)    6.87632E-04 -2.41834E-02  4.31449E-02 -2.85021E-03 -1.04027E-02  6.89476E-02 -3.78244E-01  3.17601E-03 -3.48366E-02 -5.27927E-02  2.16029E-02
 OMEGA(3,1)   -6.14371E-03 -8.10818E-03 -4.83583E-02  3.35546E-02  2.20357E-02 -1.70005E-01  6.88312E-02 -3.48366E-02  5.39650E-03 -5.92086E-02 -2.55360E-01
 OMEGA(3,2)   -2.81183E-03  2.35754E-03 -3.88895E-02 -1.55457E-02 -2.21381E-02  1.86932E-02 -6.28092E-02 -5.27927E-02 -5.92086E-02  1.17421E-02  9.99873E-03
 OMEGA(3,3)    2.23722E-04 -1.12881E-02 -2.64622E-02 -2.95072E-02 -4.69790E-02  3.76609E-02 -3.11036E-02  2.16029E-02 -2.55360E-01  9.99873E-03  9.25708E-03
TABLE NO.     6: First Order Conditional Estimation with Interaction (No Prior): Problem=1 Subproblem=0 Superproblem1=0 Iteration1=0 Superproblem2=0 Iteration2=0
 NAME         THETA1       THETA2       THETA3       THETA4       SIGMA(1,1)   OMEGA(1,1)   OMEGA(2,1)   OMEGA(2,2)   OMEGA(3,1)   OMEGA(3,2)   OMEGA(3,3)
 THETA1        1.28192E-02 -2.18932E-01 -1.16851E-01 -3.03870E-06  2.61120E-02  7.71065E-04 -1.35606E-03  4.93542E-03 -1.47500E-04 -3.82263E-04  1.09753E-03
 THETA2       -2.18932E-01  1.21767E-02  2.57460E-02  2.54031E-05  3.87157E-03 -2.11887E-03  3.99813E-02 -4.34472E-02  3.00430E-04 -4.49884E-05 -5.62497E-04
 THETA3       -1.16851E-01  2.57460E-02  2.42062E-02  5.39379E-05  1.26280E-04 -2.61923E-04  2.06266E-04 -5.03501E-04 -5.71162E-02  8.36387E-05  1.43700E-02
 THETA4       -3.03870E-06  2.54031E-05  5.39379E-05  2.72167E-02 -5.37189E-07 -1.85973E-07 -6.46064E-06  3.20568E-05 -2.19026E-05  3.82082E-06 -1.11330E-04
 SIGMA(1,1)    2.61120E-02  3.87157E-03  1.26280E-04 -5.37189E-07  3.43163E-04 -1.53378E-02  1.51236E-02 -2.90620E-02  1.83958E-03 -1.33011E-02 -2.68225E-04
 OMEGA(1,1)    7.71065E-04 -2.11887E-03 -2.61923E-04 -1.85973E-07 -1.53378E-02  4.02326E-03 -3.00126E-01  5.69780E-02 -1.67811E-01  3.04348E-04  2.34560E-02
 OMEGA(2,1)   -1.35606E-03  3.99813E-02  2.06266E-04 -6.46064E-06  1.51236E-02 -3.00126E-01  2.79441E-03 -3.63264E-01  5.03862E-02 -5.63288E-04 -6.96819E-03
 OMEGA(2,2)    4.93542E-03 -4.34472E-02 -5.03501E-04  3.20568E-05 -2.90620E-02  5.69780E-02 -3.63264E-01  3.02839E-03 -9.61399E-03  4.12454E-04  9.81965E-04
 OMEGA(3,1)   -1.47500E-04  3.00430E-04 -5.71162E-02 -2.19026E-05  1.83958E-03 -1.67811E-01  5.03862E-02 -9.61399E-03  5.29959E-03 -7.14816E-04 -2.72370E-01
 OMEGA(3,2)   -3.82263E-04 -4.49884E-05  8.36387E-05  3.82082E-06 -1.33011E-02  3.04348E-04 -5.63288E-04  4.12454E-04 -7.14816E-04  1.70312E+00 -2.97635E-02
 OMEGA(3,3)    1.09753E-03 -5.62497E-04  1.43700E-02 -1.11330E-04 -2.68225E-04  2.34560E-02 -6.96819E-03  9.81965E-04 -2.72370E-01 -2.97635E-02  8.47685E-03
