TABLE NO.     1: Iterative Two Stage (No Prior): Problem=1 Subproblem=0 Superproblem1=0 Iteration1=0 Superproblem2=0 Iteration2=0
 NAME         THETA1       THETA2       THETA3       THETA4       SIGMA(1,1)   OMEGA(1,1)   OMEGA(2,1)   OMEGA(2,2)   OMEGA(3,1)   OMEGA(3,2)   OMEGA(3,3)
 THETA1        6.43776E+03  1.46631E+03  3.80174E+02 -1.29270E+02 -7.71467E+03  4.82722E+02 -3.18976E+03 -2.07251E+03  4.42221E+01 -1.22009E-03  1.57542E+02
 THETA2        1.46631E+03  7.09273E+03 -2.31300E-01 -8.81424E-02  1.22910E+04 -1.68705E+03 -5.20387E+03  3.62149E+03  1.47498E+00 -1.39391E-02  2.16524E+00
 THETA3        3.80174E+02 -2.31300E-01  1.72547E+03 -6.61065E-02 -3.44499E+03  7.89490E+01 -2.71535E-01 -1.84823E+00  8.21137E+02  7.32575E-06  2.59571E+02
 THETA4       -1.29270E+02 -8.81424E-02 -6.61065E-02  1.34997E+03  4.77956E+03 -2.02225E+02 -1.10042E-01 -7.08209E-01  4.27473E-01 -1.15751E-03  5.71090E-01
 SIGMA(1,1)   -7.71467E+03  1.22910E+04 -3.44499E+03  4.77956E+03  8.67766E+06 -2.62620E+04  1.50521E+04  4.79346E+04  4.33167E+04 -3.69806E-01  2.76921E+04
 OMEGA(1,1)    4.82722E+02 -1.68705E+03  7.89490E+01 -2.02225E+02 -2.62620E+04  7.01876E+04  5.48352E+04  1.80307E+04  1.12422E+04  5.24521E-03  1.87440E+03
 OMEGA(2,1)   -3.18976E+03 -5.20387E+03 -2.71535E-01 -1.10042E-01  1.50521E+04  5.48352E+04  2.12329E+05  7.60850E+04  4.55552E-01 -1.74782E-02  2.43416E+00
 OMEGA(2,2)   -2.07251E+03  3.62149E+03 -1.84823E+00 -7.08209E-01  4.79346E+04  1.80307E+04  7.60850E+04  1.90215E+05  1.16189E+01 -1.11992E-01  1.72541E+01
 OMEGA(3,1)    4.42221E+01  1.47498E+00  8.21137E+02  4.27473E-01  4.33167E+04  1.12422E+04  4.55552E-01  1.16189E+01  4.41018E+04 -3.93264E-05  1.04713E+04
 OMEGA(3,2)   -1.22009E-03 -1.39391E-02  7.32575E-06 -1.15751E-03 -3.69806E-01  5.24521E-03 -1.74782E-02 -1.11992E-01 -3.93264E-05  4.26778E-07 -6.55352E-05
 OMEGA(3,3)    1.57542E+02  2.16524E+00  2.59571E+02  5.71090E-01  2.76921E+04  1.87440E+03  2.43416E+00  1.72541E+01  1.04713E+04 -6.55352E-05  1.53300E+04
TABLE NO.     2: Importance Sampling (No Prior): Problem=1 Subproblem=0 Superproblem1=0 Iteration1=0 Superproblem2=0 Iteration2=0
 NAME         THETA1       THETA2       THETA3       THETA4       SIGMA(1,1)   OMEGA(1,1)   OMEGA(2,1)   OMEGA(2,2)   OMEGA(3,1)   OMEGA(3,2)   OMEGA(3,3)
 THETA1        6.46615E+03  1.44295E+03  3.91936E+02 -1.20200E+02 -4.85018E+03 -9.04210E+00 -3.47826E+02 -1.13881E+01  1.13450E+02 -5.04642E+01  1.34951E+01
 THETA2        1.44295E+03  6.94260E+03 -5.17651E+00  1.00689E+01  9.09925E+02 -1.67157E+02 -6.95811E+02  7.66323E+02 -1.11170E+01  8.55641E+01 -9.64757E+00
 THETA3        3.91936E+02 -5.17651E+00  1.75416E+03 -5.95079E-01 -3.96581E+00  8.39201E+01 -9.33148E+01 -7.15881E+00  4.43657E+02 -2.33871E+02  1.01550E+02
 THETA4       -1.20200E+02  1.00689E+01 -5.95079E-01  1.34997E+03  4.80513E+03 -2.10814E+02  1.85926E+01 -7.40080E+01 -4.93742E+01  5.64536E+01 -2.02020E+01
 SIGMA(1,1)   -4.85018E+03  9.09925E+02 -3.96581E+00  4.80513E+03  8.52058E+06  1.04735E+04 -9.43619E+02  2.48673E+04 -1.03263E+03  1.70104E+03  3.70644E+02
 OMEGA(1,1)   -9.04210E+00 -1.67157E+02  8.39201E+01 -2.10814E+02  1.04735E+04  6.93405E+04  2.92703E+04  4.47697E+03  8.44506E+03  6.97500E+01  6.69273E+02
 OMEGA(2,1)   -3.47826E+02 -6.95811E+02 -9.33148E+01  1.85926E+01 -9.43619E+02  2.92703E+04  1.53987E+05  4.59206E+04 -2.99619E+02 -4.10038E+02 -8.69003E+01
 OMEGA(2,2)   -1.13881E+01  7.66323E+02 -7.15881E+00 -7.40080E+01  2.48673E+04  4.47697E+03  4.59206E+04  1.15886E+05 -5.58707E+01  4.17232E+02  7.41648E+01
 OMEGA(3,1)    1.13450E+02 -1.11170E+01  4.43657E+02 -4.93742E+01 -1.03263E+03  8.44506E+03 -2.99619E+02 -5.58707E+01  4.08938E+04  1.07376E+03  6.56480E+03
 OMEGA(3,2)   -5.04642E+01  8.55641E+01 -2.33871E+02  5.64536E+01  1.70104E+03  6.97500E+01 -4.10038E+02  4.17232E+02  1.07376E+03  2.55095E+03 -5.03596E+02
 OMEGA(3,3)    1.34951E+01 -9.64757E+00  1.01550E+02 -2.02020E+01  3.70644E+02  6.69273E+02 -8.69003E+01  7.41648E+01  6.56480E+03 -5.03596E+02  1.54286E+04
TABLE NO.     3: Stochastic Approximation Expectation-Maximization (No Prior): Problem=1 Subproblem=0 Superproblem1=0 Iteration1=0 Superproblem2=0 Iteration2=0
 NAME         THETA1       THETA2       THETA3       THETA4       SIGMA(1,1)   OMEGA(1,1)   OMEGA(2,1)   OMEGA(2,2)   OMEGA(3,1)   OMEGA(3,2)   OMEGA(3,3)
 THETA1        6.45818E+03  1.47876E+03  4.08032E+02 -1.21906E+02 -6.19562E+03  4.86807E+02 -3.25084E+03 -2.00984E+03  2.67958E+01 -5.06842E+01  1.60189E+02
 THETA2        1.47876E+03  7.00705E+03  1.21958E+01  1.11594E+01  1.55898E+04 -1.72338E+03 -5.13435E+03  3.73379E+03 -4.65530E+01 -2.85412E+02 -2.86151E+01
 THETA3        4.08032E+02  1.21958E+01  1.78398E+03 -1.33778E+01 -3.30777E+03  6.90990E+01 -6.11731E+01 -1.26600E+02  8.15750E+02 -1.29969E+02  3.02989E+02
 THETA4       -1.21906E+02  1.11594E+01 -1.33778E+01  1.34995E+03  4.82304E+03 -2.06751E+02  2.75284E+01 -2.32019E+01 -7.38756E+01 -2.74727E+01 -6.72752E+01
 SIGMA(1,1)   -6.19562E+03  1.55898E+04 -3.30777E+03  4.82304E+03  8.76423E+06 -2.67074E+04  1.11146E+04  4.73147E+04  4.22924E+04 -1.72924E+03  2.94718E+04
 OMEGA(1,1)    4.86807E+02 -1.72338E+03  6.90990E+01 -2.06751E+02 -2.67074E+04  7.09297E+04  5.52085E+04  1.79523E+04  1.20491E+04 -2.41413E+02  1.88228E+03
 OMEGA(2,1)   -3.25084E+03 -5.13435E+03 -6.11731E+01  2.75284E+01  1.11146E+04  5.52085E+04  2.11031E+05  7.60990E+04  2.93075E+02  4.27632E+02 -3.05009E+02
 OMEGA(2,2)   -2.00984E+03  3.73379E+03 -1.26600E+02 -2.32019E+01  4.73147E+04  1.79523E+04  7.60990E+04  1.84839E+05  4.85070E+02  3.26871E+02 -1.88130E+01
 OMEGA(3,1)    2.67958E+01 -4.65530E+01  8.15750E+02 -7.38756E+01  4.22924E+04  1.20491E+04  2.93075E+02  4.85070E+02  4.59988E+04 -1.92113E+02  1.13873E+04
 OMEGA(3,2)   -5.06842E+01 -2.85412E+02 -1.29969E+02 -2.74727E+01 -1.72924E+03 -2.41413E+02  4.27632E+02  3.26871E+02 -1.92113E+02  2.98917E+02 -1.40107E+02
 OMEGA(3,3)    1.60189E+02 -2.86151E+01  3.02989E+02 -6.72752E+01  2.94718E+04  1.88228E+03 -3.05009E+02 -1.88130E+01  1.13873E+04 -1.40107E+02  1.63106E+04
TABLE NO.     4: Objective Function Evaluation by Importance Sampling (No Prior): Problem=1 Subproblem=0 Superproblem1=0 Iteration1=0 Superproblem2=0 Iteration2=0
 NAME         THETA1       THETA2       THETA3       THETA4       SIGMA(1,1)   OMEGA(1,1)   OMEGA(2,1)   OMEGA(2,2)   OMEGA(3,1)   OMEGA(3,2)   OMEGA(3,3)
 THETA1        6.47498E+03  1.48022E+03  3.97041E+02 -1.25742E+02 -4.83337E+03  1.59698E+01 -1.20834E+02  8.83914E+01  2.03928E+02  4.42410E+01  1.98577E+01
 THETA2        1.48022E+03  7.03051E+03 -3.88960E+00  3.00470E+00  1.27030E+03 -1.93299E+02 -8.39648E+02  1.20488E+03  3.85431E+01  1.18003E+02  2.82955E+01
 THETA3        3.97041E+02 -3.88960E+00  1.74742E+03 -9.96070E+00 -4.74706E+01  1.03905E+02  2.06875E+01  6.90552E+00  5.01235E+02  6.94198E+01  1.07420E+02
 THETA4       -1.25742E+02  3.00470E+00 -9.96070E+00  1.34996E+03  4.77759E+03 -2.05749E+02  3.94718E+01  2.51572E+01 -5.96850E+01  3.10444E+00 -3.87322E+01
 SIGMA(1,1)   -4.83337E+03  1.27030E+03 -4.74706E+01  4.77759E+03  8.56223E+06  8.52283E+03 -1.91185E+03  2.47777E+04 -1.81004E+02  3.13329E+02 -9.26462E+02
 OMEGA(1,1)    1.59698E+01 -1.93299E+02  1.03905E+02 -2.05749E+02  8.52283E+03  7.00828E+04  3.16081E+04  5.37108E+03  9.12689E+03 -1.06587E+02  9.24791E+02
 OMEGA(2,1)   -1.20834E+02 -8.39648E+02  2.06875E+01  3.94718E+01 -1.91185E+03  3.16081E+04  1.60403E+05  5.11510E+04  3.13378E+01 -2.29572E+02  1.02914E+02
 OMEGA(2,2)    8.83914E+01  1.20488E+03  6.90552E+00  2.51572E+01  2.47777E+04  5.37108E+03  5.11510E+04  1.23041E+05 -4.24156E+01  1.13596E+02  7.48290E+01
 OMEGA(3,1)    2.03928E+02  3.85431E+01  5.01235E+02 -5.96850E+01 -1.81004E+02  9.12689E+03  3.13378E+01 -4.24156E+01  4.12507E+04 -2.26045E+01  7.69507E+03
 OMEGA(3,2)    4.42410E+01  1.18003E+02  6.94198E+01  3.10444E+00  3.13329E+02 -1.06587E+02 -2.29572E+02  1.13596E+02 -2.26045E+01  5.04574E+02  2.72870E+02
 OMEGA(3,3)    1.98577E+01  2.82955E+01  1.07420E+02 -3.87322E+01 -9.26462E+02  9.24791E+02  1.02914E+02  7.48290E+01  7.69507E+03  2.72870E+02  1.60751E+04
TABLE NO.     5: MCMC Bayesian Analysis: Problem=1 Subproblem=0 Superproblem1=0 Iteration1=0 Superproblem2=0 Iteration2=0
 NAME         THETA1       THETA2       THETA3       THETA4       SIGMA(1,1)   OMEGA(1,1)   OMEGA(2,1)   OMEGA(2,2)   OMEGA(3,1)   OMEGA(3,2)   OMEGA(3,3)
 THETA1        6.51939E+03  1.41076E+03  3.56221E+02  1.87801E+01 -8.90605E+03 -3.77945E+02 -4.22363E+02 -1.08798E+02  2.09594E+02  4.04207E+01  6.52201E+01
 THETA2        1.41076E+03  6.48988E+03 -5.55435E+01 -3.20932E+01 -2.02036E+02 -3.02785E+02 -1.69928E+03  7.99478E+01  2.07934E+02 -3.67751E+01  1.12665E+02
 THETA3        3.56221E+02 -5.55435E+01  1.61547E+03  1.60432E+00 -1.40469E+03 -2.04752E+02 -2.39531E+02 -5.83885E+02  4.37086E+02  1.34688E+02  1.81637E+02
 THETA4        1.87801E+01 -3.20932E+01  1.60432E+00  1.37447E+03 -1.92411E+03  4.03182E+01 -3.16652E+02 -9.44797E+01 -1.70855E+02  3.62986E+01  8.56018E+01
 SIGMA(1,1)   -8.90605E+03 -2.02036E+02 -1.40469E+03 -1.92411E+03  8.37350E+06  1.32397E+04 -2.18007E+03  7.92312E+03 -3.40268E+03  5.04927E+03  1.35822E+04
 OMEGA(1,1)   -3.77945E+02 -3.02785E+02 -2.04752E+02  4.03182E+01  1.32397E+04  6.56854E+04  2.83681E+04  4.48540E+03  7.68285E+03  2.72592E+02  2.85664E+02
 OMEGA(2,1)   -4.22363E+02 -1.69928E+03 -2.39531E+02 -3.16652E+02 -2.18007E+03  2.83681E+04  1.51803E+05  5.05298E+04 -3.67655E+02  2.85665E+03  4.67906E+02
 OMEGA(2,2)   -1.08798E+02  7.99478E+01 -5.83885E+02 -9.44797E+01  7.92312E+03  4.48540E+03  5.05298E+04  1.17039E+05  1.14058E+03  2.41542E+03 -3.44185E+02
 OMEGA(3,1)    2.09594E+02  2.07934E+02  4.37086E+02 -1.70855E+02 -3.40268E+03  7.68285E+03 -3.67655E+02  1.14058E+03  3.80632E+04  9.80295E+02  5.52626E+03
 OMEGA(3,2)    4.04207E+01 -3.67751E+01  1.34688E+02  3.62986E+01  5.04927E+03  2.72592E+02  2.85665E+03  2.41542E+03  9.80295E+02  7.37211E+03  7.90014E+01
 OMEGA(3,3)    6.52201E+01  1.12665E+02  1.81637E+02  8.56018E+01  1.35822E+04  2.85664E+02  4.67906E+02 -3.44185E+02  5.52626E+03  7.90014E+01  1.25395E+04
TABLE NO.     6: First Order Conditional Estimation with Interaction (No Prior): Problem=1 Subproblem=0 Superproblem1=0 Iteration1=0 Superproblem2=0 Iteration2=0
 NAME         THETA1       THETA2       THETA3       THETA4       SIGMA(1,1)   OMEGA(1,1)   OMEGA(2,1)   OMEGA(2,2)   OMEGA(3,1)   OMEGA(3,2)   OMEGA(3,3)
 THETA1        6.48150E+03  1.47731E+03  3.83260E+02 -2.60827E-02 -6.50289E+03 -3.90358E+01 -2.18776E+02  3.41128E+01  9.93673E+01  1.11727E-15 -8.52097E+00
 THETA2        1.47731E+03  7.10351E+03 -4.93401E-01 -8.23239E-02 -2.10460E+03 -1.98492E+02 -9.57098E+02  8.97381E+02  2.28528E+00 -3.07414E-17  3.37058E+00
 THETA3        3.83260E+02 -4.93401E-01  1.73623E+03 -8.04853E-02 -3.84307E+02  1.04756E+02 -3.70854E-01 -2.54553E+00  4.69476E+02  2.53382E-14  6.89108E+00
 THETA4       -2.60827E-02 -8.23239E-02 -8.04853E-02  1.34999E+03 -1.86268E-03  6.19371E-02 -6.57331E-02 -4.24979E-01  3.77571E-01  2.07029E-15  5.49430E-01
 SIGMA(1,1)   -6.50289E+03 -2.10460E+03 -3.84307E+02 -1.86268E-03  8.50867E+06  9.92320E+03 -6.57399E+02  2.68166E+04  4.07327E+02  2.27881E+01  2.01495E+02
 OMEGA(1,1)   -3.90358E+01 -1.98492E+02  1.04756E+02  6.19371E-02  9.92320E+03  6.99773E+04  3.16011E+04  5.43495E+03  8.44799E+03  1.27643E-01  7.26666E+02
 OMEGA(2,1)   -2.18776E+02 -9.57098E+02 -3.70854E-01 -6.57331E-02 -6.57399E+02  3.16011E+04  1.62293E+05  5.18433E+04  7.77036E-01  8.70093E-02  3.06085E+00
 OMEGA(2,2)    3.41128E+01  8.97381E+02 -2.54553E+00 -4.24979E-01  2.68166E+04  5.43495E+03  5.18433E+04  1.26249E+05  1.17710E+01  2.62975E-02  1.75194E+01
 OMEGA(3,1)    9.93673E+01  2.28528E+00  4.69476E+02  3.77571E-01  4.07327E+02  8.44799E+03  7.77036E-01  1.17710E+01  3.97031E+04  1.06872E+00  6.65361E+03
 OMEGA(3,2)    1.11727E-15 -3.07414E-17  2.53382E-14  2.07029E-15  2.27881E+01  1.27643E-01  8.70093E-02  2.62975E-02  1.06872E+00  3.45151E-01  2.24497E+00
 OMEGA(3,3)   -8.52097E+00  3.37058E+00  6.89108E+00  5.49430E-01  2.01495E+02  7.26666E+02  3.06085E+00  1.75194E+01  6.65361E+03  2.24497E+00  1.50546E+04
