TABLE NO.     1: Iterative Two Stage (No Prior): Problem=1 Subproblem=0 Superproblem1=0 Iteration1=0 Superproblem2=0 Iteration2=0
 NAME         THETA1       THETA2       THETA3       THETA4       THETA5       SIGMA(1,1)   OMEGA(1,1)   OMEGA(2,1)   OMEGA(2,2)   OMEGA(3,1)   OMEGA(3,2)   OMEGA(3,3)
 THETA1        2.29049E-02  8.82367E-02  3.33536E-01 -1.39137E-02  4.88265E-02  1.23586E-02  3.21159E-01  9.59562E-02  5.56382E-02  1.34796E-01  4.47597E-02  1.48803E-02
 THETA2        8.82367E-02  1.67012E-02  4.02116E-01 -5.43698E-02  5.36440E-02  7.53685E-02  1.78109E-02  5.28035E-02 -2.36580E-02  3.54445E-02  1.38816E-02  2.59424E-02
 THETA3        3.33536E-01  4.02116E-01  1.76343E-02 -5.47020E-02  4.42599E-02  1.56638E-02 -1.13368E-02  5.48967E-02  8.65180E-03  1.39970E-02  2.25015E-02  3.38875E-02
 THETA4       -1.39137E-02 -5.43698E-02 -5.47020E-02  9.96830E-02 -6.86164E-01  9.17016E-03  6.41956E-02 -1.45641E-01  4.80555E-03 -2.96956E-02 -5.83346E-02 -8.21208E-02
 THETA5        4.88265E-02  5.36440E-02  4.42599E-02 -6.86164E-01  7.19576E-03  5.40242E-02 -3.27495E-02  9.35781E-02  3.82020E-02  1.64597E-02  9.20098E-02  2.81327E-02
 SIGMA(1,1)    1.23586E-02  7.53685E-02  1.56638E-02  9.17016E-03  5.40242E-02  7.72648E-04 -7.18042E-03 -5.24993E-02 -1.32377E-01  3.08282E-02 -1.60396E-01  6.01019E-02
 OMEGA(1,1)    3.21159E-01  1.78109E-02 -1.13368E-02  6.41956E-02 -3.27495E-02 -7.18042E-03  9.93746E-03  1.93057E-01  9.82263E-02  7.71780E-01  1.01890E-01  8.80698E-02
 OMEGA(2,1)    9.59562E-02  5.28035E-02  5.48967E-02 -1.45641E-01  9.35781E-02 -5.24993E-02  1.93057E-01  6.30855E-03  1.08717E-01  4.01339E-01  4.57391E-01  2.63873E-01
 OMEGA(2,2)    5.56382E-02 -2.36580E-02  8.65180E-03  4.80555E-03  3.82020E-02 -1.32377E-01  9.82263E-02  1.08717E-01  6.41949E-03  1.11418E-01  4.50080E-01  8.04809E-02
 OMEGA(3,1)    1.34796E-01  3.54445E-02  1.39970E-02 -2.96956E-02  1.64597E-02  3.08282E-02  7.71780E-01  4.01339E-01  1.11418E-01  7.19126E-03  2.58511E-01  3.81185E-01
 OMEGA(3,2)    4.47597E-02  1.38816E-02  2.25015E-02 -5.83346E-02  9.20098E-02 -1.60396E-01  1.01890E-01  4.57391E-01  4.50080E-01  2.58511E-01  5.16795E-03  4.77332E-01
 OMEGA(3,3)    1.48803E-02  2.59424E-02  3.38875E-02 -8.21208E-02  2.81327E-02  6.01019E-02  8.80698E-02  2.63873E-01  8.04809E-02  3.81185E-01  4.77332E-01  7.27310E-03
TABLE NO.     2: Importance Sampling (No Prior): Problem=1 Subproblem=0 Superproblem1=0 Iteration1=0 Superproblem2=0 Iteration2=0
 NAME         THETA1       THETA2       THETA3       THETA4       THETA5       SIGMA(1,1)   OMEGA(1,1)   OMEGA(2,1)   OMEGA(2,2)   OMEGA(3,1)   OMEGA(3,2)   OMEGA(3,3)
 THETA1        2.24125E-02  8.54236E-02  3.58407E-01  8.02686E-04  1.29055E-02  1.74749E-02  1.52236E-01  3.78640E-02  1.50250E-02  4.69225E-02 -3.50103E-03 -8.94816E-03
 THETA2        8.54236E-02  1.66420E-02  3.95390E-01 -8.75772E-04  1.04850E-02  3.71585E-02 -4.18633E-03  1.37777E-02  5.98232E-03 -7.19785E-03 -1.27205E-03  1.19890E-03
 THETA3        3.58407E-01  3.95390E-01  1.75275E-02 -4.16187E-04  8.15249E-03  3.04637E-02  8.49853E-04  9.12353E-03  1.07367E-03  4.47138E-04  1.97836E-03  2.76175E-03
 THETA4        8.02686E-04 -8.75772E-04 -4.16187E-04  9.49564E-02 -6.16403E-01 -1.94400E-04  5.55815E-04  1.47343E-04 -1.63812E-03  1.96860E-03 -3.32114E-04  1.00176E-04
 THETA5        1.29055E-02  1.04850E-02  8.15249E-03 -6.16403E-01  6.16187E-03  7.32306E-03  1.30040E-03  2.27042E-04  5.65364E-03 -2.98451E-03  2.14564E-03 -2.07826E-04
 SIGMA(1,1)    1.74749E-02  3.71585E-02  3.04637E-02 -1.94400E-04  7.32306E-03  7.19844E-04 -8.09141E-02 -2.04398E-02 -1.91066E-02 -9.78363E-03 -1.91196E-02 -1.02135E-02
 OMEGA(1,1)    1.52236E-01 -4.18633E-03  8.49853E-04  5.55815E-04  1.30040E-03 -8.09141E-02  1.14469E-02  1.20272E-01  9.82644E-03  5.18953E-01  3.81969E-02  1.28703E-01
 OMEGA(2,1)    3.78640E-02  1.37777E-02  9.12353E-03  1.47343E-04  2.27042E-04 -2.04398E-02  1.20272E-01  6.26179E-03  1.18181E-01  4.01547E-01  3.68088E-01  2.03346E-01
 OMEGA(2,2)    1.50250E-02  5.98232E-03  1.07367E-03 -1.63812E-03  5.65364E-03 -1.91066E-02  9.82644E-03  1.18181E-01  6.64848E-03  4.68740E-02  5.19297E-01  1.56248E-01
 OMEGA(3,1)    4.69225E-02 -7.19785E-03  4.47138E-04  1.96860E-03 -2.98451E-03 -9.78363E-03  5.18953E-01  4.01547E-01  4.68740E-02  7.00695E-03  1.97211E-01  4.77518E-01
 OMEGA(3,2)   -3.50103E-03 -1.27205E-03  1.97836E-03 -3.32114E-04  2.14564E-03 -1.91196E-02  3.81969E-02  3.68088E-01  5.19297E-01  1.97211E-01  5.31482E-03  5.16726E-01
 OMEGA(3,3)   -8.94816E-03  1.19890E-03  2.76175E-03  1.00176E-04 -2.07826E-04 -1.02135E-02  1.28703E-01  2.03346E-01  1.56248E-01  4.77518E-01  5.16726E-01  7.35221E-03
TABLE NO.     3: Objective Function Evaluation by Importance Sampling (No Prior): Problem=1 Subproblem=0 Superproblem1=0 Iteration1=0 Superproblem2=0 Iteration2=0
 NAME         THETA1       THETA2       THETA3       THETA4       THETA5       SIGMA(1,1)   OMEGA(1,1)   OMEGA(2,1)   OMEGA(2,2)   OMEGA(3,1)   OMEGA(3,2)   OMEGA(3,3)
 THETA1        2.24223E-02  8.57278E-02  3.58233E-01  9.54247E-04  1.27140E-02  1.69127E-02  1.51037E-01  3.63925E-02  1.50959E-02  4.59006E-02 -3.95274E-03 -9.65089E-03
 THETA2        8.57278E-02  1.66415E-02  3.95361E-01 -7.63350E-04  1.02510E-02  3.63868E-02 -4.46722E-03  9.19510E-03  4.17834E-03 -9.49295E-03 -2.67837E-03  5.69428E-04
 THETA3        3.58233E-01  3.95361E-01  1.75268E-02 -3.56362E-04  8.00307E-03  2.95547E-02 -1.29607E-03  7.00037E-03  6.68496E-05 -4.28366E-03  4.90532E-04  2.11493E-03
 THETA4        9.54247E-04 -7.63350E-04 -3.56362E-04  9.49520E-02 -6.16360E-01 -1.22113E-04  2.89845E-04  1.41160E-04 -1.38739E-03  1.88909E-03 -1.62316E-04  1.45348E-04
 THETA5        1.27140E-02  1.02510E-02  8.00307E-03 -6.16360E-01  6.16132E-03  6.89714E-03  1.96472E-03  3.06135E-04  5.14649E-03 -2.90653E-03  1.74399E-03 -3.40023E-04
 SIGMA(1,1)    1.69127E-02  3.63868E-02  2.95547E-02 -1.22113E-04  6.89714E-03  7.19940E-04 -8.67335E-02 -1.90572E-02 -1.99373E-02 -9.37527E-03 -2.11065E-02 -1.14781E-02
 OMEGA(1,1)    1.51037E-01 -4.46722E-03 -1.29607E-03  2.89845E-04  1.96472E-03 -8.67335E-02  1.16643E-02  1.17793E-01  1.11149E-02  5.04728E-01  4.08952E-02  1.27250E-01
 OMEGA(2,1)    3.63925E-02  9.19510E-03  7.00037E-03  1.41160E-04  3.06135E-04 -1.90572E-02  1.17793E-01  6.28450E-03  1.21943E-01  4.06510E-01  3.68637E-01  2.03872E-01
 OMEGA(2,2)    1.50959E-02  4.17834E-03  6.68496E-05 -1.38739E-03  5.14649E-03 -1.99373E-02  1.11149E-02  1.21943E-01  6.66344E-03  4.98088E-02  5.20787E-01  1.57782E-01
 OMEGA(3,1)    4.59006E-02 -9.49295E-03 -4.28366E-03  1.88909E-03 -2.90653E-03 -9.37527E-03  5.04728E-01  4.06510E-01  4.98088E-02  7.03244E-03  1.99996E-01  4.76014E-01
 OMEGA(3,2)   -3.95274E-03 -2.67837E-03  4.90532E-04 -1.62316E-04  1.74399E-03 -2.11065E-02  4.08952E-02  3.68637E-01  5.20787E-01  1.99996E-01  5.32835E-03  5.18291E-01
 OMEGA(3,3)   -9.65089E-03  5.69428E-04  2.11493E-03  1.45348E-04 -3.40023E-04 -1.14781E-02  1.27250E-01  2.03872E-01  1.57782E-01  4.76014E-01  5.18291E-01  7.35901E-03
TABLE NO.     4: Stochastic Approximation Expectation-Maximization (No Prior): Problem=1 Subproblem=0 Superproblem1=0 Iteration1=0 Superproblem2=0 Iteration2=0
 NAME         THETA1       THETA2       THETA3       THETA4       THETA5       SIGMA(1,1)   OMEGA(1,1)   OMEGA(2,1)   OMEGA(2,2)   OMEGA(3,1)   OMEGA(3,2)   OMEGA(3,3)
 THETA1        2.42487E-02  8.69161E-02  3.27887E-01 -9.88162E-03  4.74963E-02  4.05119E-02  3.26160E-01  9.63189E-02  5.19069E-02  1.37420E-01  3.83375E-02  1.26766E-02
 THETA2        8.69161E-02  1.67337E-02  3.97273E-01 -5.45586E-02  5.43442E-02  7.86020E-02  1.64552E-02  5.08315E-02 -2.37856E-02  3.31519E-02  1.09577E-02  2.50248E-02
 THETA3        3.27887E-01  3.97273E-01  1.76184E-02 -5.62540E-02  4.50192E-02  1.73211E-02 -2.21315E-02  5.25708E-02  5.73871E-03  6.08042E-03  1.97020E-02  3.78598E-02
 THETA4       -9.88162E-03 -5.45586E-02 -5.62540E-02  9.97139E-02 -6.86292E-01  9.40700E-03  6.91022E-02 -1.46472E-01  5.51041E-03 -2.61364E-02 -5.84858E-02 -8.33414E-02
 THETA5        4.74963E-02  5.43442E-02  4.50192E-02 -6.86292E-01  7.20350E-03  5.41803E-02 -3.42228E-02  9.71631E-02  3.81138E-02  1.49396E-02  9.27235E-02  2.91659E-02
 SIGMA(1,1)    4.05119E-02  7.86020E-02  1.73211E-02  9.40700E-03  5.41803E-02  7.76762E-04  8.09465E-03 -5.09246E-02 -1.30000E-01  3.89394E-02 -1.62809E-01  5.86422E-02
 OMEGA(1,1)    3.26160E-01  1.64552E-02 -2.21315E-02  6.91022E-02 -3.42228E-02  8.09465E-03  1.10778E-02  1.88768E-01  9.60147E-02  7.73513E-01  9.71323E-02  8.76985E-02
 OMEGA(2,1)    9.63189E-02  5.08315E-02  5.25708E-02 -1.46472E-01  9.71631E-02 -5.09246E-02  1.88768E-01  6.67937E-03  1.02617E-01  3.95581E-01  4.53631E-01  2.60636E-01
 OMEGA(2,2)    5.19069E-02 -2.37856E-02  5.73871E-03  5.51041E-03  3.81138E-02 -1.30000E-01  9.60147E-02  1.02617E-01  6.43719E-03  1.07779E-01  4.43834E-01  7.75513E-02
 OMEGA(3,1)    1.37420E-01  3.31519E-02  6.08042E-03 -2.61364E-02  1.49396E-02  3.89394E-02  7.73513E-01  3.95581E-01  1.07779E-01  7.59657E-03  2.52125E-01  3.80841E-01
 OMEGA(3,2)    3.83375E-02  1.09577E-02  1.97020E-02 -5.84858E-02  9.27235E-02 -1.62809E-01  9.71323E-02  4.53631E-01  4.43834E-01  2.52125E-01  5.16576E-03  4.73398E-01
 OMEGA(3,3)    1.26766E-02  2.50248E-02  3.78598E-02 -8.33414E-02  2.91659E-02  5.86422E-02  8.76985E-02  2.60636E-01  7.75513E-02  3.80841E-01  4.73398E-01  7.25421E-03
TABLE NO.     5: Objective Function Evaluation by Importance Sampling (No Prior): Problem=1 Subproblem=0 Superproblem1=0 Iteration1=0 Superproblem2=0 Iteration2=0
 NAME         THETA1       THETA2       THETA3       THETA4       THETA5       SIGMA(1,1)   OMEGA(1,1)   OMEGA(2,1)   OMEGA(2,2)   OMEGA(3,1)   OMEGA(3,2)   OMEGA(3,3)
 THETA1        2.24343E-02  8.43299E-02  3.59557E-01  9.61881E-04  1.26722E-02  1.70631E-02  1.50572E-01  3.46090E-02  1.49025E-02  4.59171E-02 -4.27250E-03 -9.78766E-03
 THETA2        8.43299E-02  1.66184E-02  3.95658E-01 -7.63951E-04  1.02557E-02  3.63880E-02 -4.57526E-03  8.96944E-03  3.01024E-03 -9.53800E-03 -3.35325E-03  3.24606E-04
 THETA3        3.59557E-01  3.95658E-01  1.75348E-02 -3.57295E-04  7.99581E-03  2.95094E-02 -1.39777E-03  6.63925E-03 -3.88603E-04 -4.50323E-03 -3.99970E-04  1.50056E-03
 THETA4        9.61881E-04 -7.63951E-04 -3.57295E-04  9.49565E-02 -6.16364E-01 -1.29918E-04  3.68328E-04  1.59136E-04 -1.34055E-03  1.91031E-03 -1.37987E-04  1.95580E-04
 THETA5        1.26722E-02  1.02557E-02  7.99581E-03 -6.16364E-01  6.16277E-03  6.91497E-03  1.73763E-03  2.39919E-04  5.00037E-03 -2.96867E-03  1.66329E-03 -4.89553E-04
 SIGMA(1,1)    1.70631E-02  3.63880E-02  2.95094E-02 -1.29918E-04  6.91497E-03  7.19276E-04 -8.53233E-02 -1.88598E-02 -1.93903E-02 -9.01698E-03 -2.07608E-02 -1.07751E-02
 OMEGA(1,1)    1.50572E-01 -4.57526E-03 -1.39777E-03  3.68328E-04  1.73763E-03 -8.53233E-02  1.16893E-02  1.12434E-01  1.07508E-02  5.08525E-01  4.00792E-02  1.29027E-01
 OMEGA(2,1)    3.46090E-02  8.96944E-03  6.63925E-03  1.59136E-04  2.39919E-04 -1.88598E-02  1.12434E-01  6.27411E-03  1.17846E-01  4.06290E-01  3.70071E-01  2.05835E-01
 OMEGA(2,2)    1.49025E-02  3.01024E-03 -3.88603E-04 -1.34055E-03  5.00037E-03 -1.93903E-02  1.07508E-02  1.17846E-01  6.62448E-03  4.82945E-02  5.20974E-01  1.57930E-01
 OMEGA(3,1)    4.59171E-02 -9.53800E-03 -4.50323E-03  1.91031E-03 -2.96867E-03 -9.01698E-03  5.08525E-01  4.06290E-01  4.82945E-02  7.05282E-03  1.98728E-01  4.79375E-01
 OMEGA(3,2)   -4.27250E-03 -3.35325E-03 -3.99970E-04 -1.37987E-04  1.66329E-03 -2.07608E-02  4.00792E-02  3.70071E-01  5.20974E-01  1.98728E-01  5.31813E-03  5.18727E-01
 OMEGA(3,3)   -9.78766E-03  3.24606E-04  1.50056E-03  1.95580E-04 -4.89553E-04 -1.07751E-02  1.29027E-01  2.05835E-01  1.57930E-01  4.79375E-01  5.18727E-01  7.37380E-03
TABLE NO.     6: MCMC Bayesian Analysis: Problem=1 Subproblem=0 Superproblem1=0 Iteration1=0 Superproblem2=0 Iteration2=0
 NAME         THETA1       THETA2       THETA3       THETA4       THETA5       SIGMA(1,1)   OMEGA(1,1)   OMEGA(2,1)   OMEGA(2,2)   OMEGA(3,1)   OMEGA(3,2)   OMEGA(3,3)
 THETA1        2.31455E-02  6.12873E-02  3.50969E-01 -2.00247E-02  7.16062E-03  4.36765E-02  1.83753E-01  6.48114E-02  1.50030E-02  6.71267E-02 -1.93766E-02 -1.52586E-02
 THETA2        6.12873E-02  1.65958E-02  3.83532E-01  1.27710E-02  4.07450E-03  2.91239E-02 -2.15657E-02  1.33966E-02 -4.34493E-02  1.42990E-04 -3.14202E-02 -2.23109E-02
 THETA3        3.50969E-01  3.83532E-01  1.74771E-02 -2.53630E-02  1.94776E-02  1.42359E-02  2.68868E-03  7.03300E-03 -7.99937E-03  1.41096E-02 -1.20397E-02 -6.55533E-03
 THETA4       -2.00247E-02  1.27710E-02 -2.53630E-02  9.43913E-02 -6.19037E-01  3.05207E-03  1.15921E-02 -7.11419E-03  6.17911E-03 -3.62195E-04  3.36370E-02  1.66776E-02
 THETA5        7.16062E-03  4.07450E-03  1.94776E-02 -6.19037E-01  6.09811E-03 -3.29457E-03 -1.01846E-02  5.09307E-03  1.63740E-03 -8.46393E-04 -9.62144E-03  7.44043E-04
 SIGMA(1,1)    4.36765E-02  2.91239E-02  1.42359E-02  3.05207E-03 -3.29457E-03  7.01975E-04 -9.82849E-02 -2.84807E-02 -1.80769E-02 -7.72305E-03  1.22734E-02  1.90870E-02
 OMEGA(1,1)    1.83753E-01 -2.15657E-02  2.68868E-03  1.15921E-02 -1.01846E-02 -9.82849E-02  1.19085E-02  1.17934E-01  1.80848E-02  4.85222E-01  3.17901E-02  1.03695E-01
 OMEGA(2,1)    6.48114E-02  1.33966E-02  7.03300E-03 -7.11419E-03  5.09307E-03 -2.84807E-02  1.17934E-01  6.27235E-03  1.29974E-01  4.16827E-01  3.53598E-01  1.96583E-01
 OMEGA(2,2)    1.50030E-02 -4.34493E-02 -7.99937E-03  6.17911E-03  1.63740E-03 -1.80769E-02  1.80848E-02  1.29974E-01  6.72641E-03  5.31265E-02  5.09410E-01  1.60779E-01
 OMEGA(3,1)    6.71267E-02  1.42990E-04  1.41096E-02 -3.62195E-04 -8.46393E-04 -7.72305E-03  4.85222E-01  4.16827E-01  5.31265E-02  7.01315E-03  1.99883E-01  4.56184E-01
 OMEGA(3,2)   -1.93766E-02 -3.14202E-02 -1.20397E-02  3.36370E-02 -9.62144E-03  1.22734E-02  3.17901E-02  3.53598E-01  5.09410E-01  1.99883E-01  5.34131E-03  5.22232E-01
 OMEGA(3,3)   -1.52586E-02 -2.23109E-02 -6.55533E-03  1.66776E-02  7.44043E-04  1.90870E-02  1.03695E-01  1.96583E-01  1.60779E-01  4.56184E-01  5.22232E-01  7.44158E-03
TABLE NO.     7: Laplacian Conditional Estimation with Interaction (No Prior): Problem=1 Subproblem=0 Superproblem1=0 Iteration1=0 Superproblem2=0 Iteration2=0
 NAME         THETA1       THETA2       THETA3       THETA4       THETA5       SIGMA(1,1)   OMEGA(1,1)   OMEGA(2,1)   OMEGA(2,2)   OMEGA(3,1)   OMEGA(3,2)   OMEGA(3,3)
 THETA1        2.18347E-02  8.80002E-02  3.68840E-01  7.22836E-04  1.30236E-02  1.80637E-02  1.36421E-01  3.54717E-02  1.53950E-02  4.77134E-02 -4.81753E-03 -1.13271E-02
 THETA2        8.80002E-02  1.65922E-02  3.95956E-01 -8.62698E-04  1.03934E-02  3.68170E-02 -6.36880E-03  7.16442E-03  3.24358E-03 -1.07026E-02 -3.47694E-03  6.93390E-05
 THETA3        3.68840E-01  3.95956E-01  1.75030E-02 -5.10778E-04  8.16285E-03  2.98995E-02 -3.16642E-03  5.31583E-03  4.78827E-05 -6.20836E-03 -5.74861E-04  1.11670E-03
 THETA4        7.22836E-04 -8.62698E-04 -5.10778E-04  9.49839E-02 -6.16459E-01 -3.77468E-04 -1.03241E-03  2.45070E-03 -1.56721E-03  2.72243E-03  1.43076E-04 -1.43417E-04
 THETA5        1.30236E-02  1.03934E-02  8.16285E-03 -6.16459E-01  6.17115E-03  7.38892E-03  1.65346E-03 -1.46535E-04  4.59461E-03 -3.28344E-03  1.44779E-03 -4.03018E-04
 SIGMA(1,1)    1.80637E-02  3.68170E-02  2.98995E-02 -3.77468E-04  7.38892E-03  7.21641E-04 -1.00368E-01 -1.93925E-02 -1.92190E-02 -7.36495E-03 -1.97264E-02 -1.18661E-02
 OMEGA(1,1)    1.36421E-01 -6.36880E-03 -3.16642E-03 -1.03241E-03  1.65346E-03 -1.00368E-01  1.08068E-02  1.20133E-01  1.03035E-02  5.31107E-01  4.21202E-02  1.32889E-01
 OMEGA(2,1)    3.54717E-02  7.16442E-03  5.31583E-03  2.45070E-03 -1.46535E-04 -1.93925E-02  1.20133E-01  6.05468E-03  1.36294E-01  4.06721E-01  3.83240E-01  2.01068E-01
 OMEGA(2,2)    1.53950E-02  3.24358E-03  4.78827E-05 -1.56721E-03  4.59461E-03 -1.92190E-02  1.03035E-02  1.36294E-01  6.61405E-03  5.49465E-02  5.23933E-01  1.59384E-01
 OMEGA(3,1)    4.77134E-02 -1.07026E-02 -6.20836E-03  2.72243E-03 -3.28344E-03 -7.36495E-03  5.31107E-01  4.06721E-01  5.49465E-02  6.88353E-03  2.06717E-01  4.82062E-01
 OMEGA(3,2)   -4.81753E-03 -3.47694E-03 -5.74861E-04  1.43076E-04  1.44779E-03 -1.97264E-02  4.21202E-02  3.83240E-01  5.23933E-01  2.06717E-01  5.30969E-03  5.16885E-01
 OMEGA(3,3)   -1.13271E-02  6.93390E-05  1.11670E-03 -1.43417E-04 -4.03018E-04 -1.18661E-02  1.32889E-01  2.01068E-01  1.59384E-01  4.82062E-01  5.16885E-01  7.32785E-03
