TABLE NO.     1: Iterative Two Stage: Problem=1 Subproblem=0 Superproblem1=0 Iteration1=0 Superproblem2=0 Iteration2=0
 NAME         THETA1       THETA2       THETA3       THETA4       SIGMA(1,1)   OMEGA(1,1)   OMEGA(2,1)   OMEGA(2,2)
 THETA1        1.29284E-02 -1.87149E-01 -1.57256E-01  4.89824E-02  3.27004E-02 -6.77190E-02  5.12080E-02  2.13605E-02
 THETA2       -1.87149E-01  1.72572E-02  2.21198E-02 -1.93381E-02 -6.04940E-02  2.57112E-02  1.01392E-01 -8.53363E-02
 THETA3       -1.57256E-01  2.21198E-02  1.57955E-02 -1.67876E-02  2.98442E-02  3.28268E-02 -6.89656E-02 -1.77351E-02
 THETA4        4.89824E-02 -1.93381E-02 -1.67876E-02  2.81225E-02 -5.39187E-02  3.47102E-03 -3.47785E-02  2.35861E-01
 SIGMA(1,1)    3.27004E-02 -6.04940E-02  2.98442E-02 -5.39187E-02  3.41352E-04  5.91144E-02 -5.85382E-02 -4.64984E-02
 OMEGA(1,1)   -6.77190E-02  2.57112E-02  3.28268E-02  3.47102E-03  5.91144E-02  4.34182E-03 -4.40491E-01  3.70289E-02
 OMEGA(2,1)    5.12080E-02  1.01392E-01 -6.89656E-02 -3.47785E-02 -5.85382E-02 -4.40491E-01  2.65246E-03 -3.86753E-01
 OMEGA(2,2)    2.13605E-02 -8.53363E-02 -1.77351E-02  2.35861E-01 -4.64984E-02  3.70289E-02 -3.86753E-01  2.99996E-03
TABLE NO.     2: Importance Sampling assisted by MAP Estimation: Problem=1 Subproblem=0 Superproblem1=0 Iteration1=0 Superproblem2=0 Iteration2=0
 NAME         THETA1       THETA2       THETA3       THETA4       SIGMA(1,1)   OMEGA(1,1)   OMEGA(2,1)   OMEGA(2,2)
 THETA1        1.28627E-02 -1.91450E-01 -1.50199E-01  4.46297E-02  2.32820E-02 -1.60195E-04 -8.69134E-03  2.03878E-02
 THETA2       -1.91450E-01  1.74095E-02  6.88849E-03 -2.18097E-02 -7.09445E-02  2.55442E-02  1.24615E-01 -8.97340E-02
 THETA3       -1.50199E-01  6.88849E-03  1.59342E-02 -2.00686E-03  5.34879E-02 -2.46250E-02 -1.06523E-01  5.09898E-02
 THETA4        4.46297E-02 -2.18097E-02 -2.00686E-03  2.84285E-02 -4.76650E-02  2.28388E-02 -3.03973E-02  2.73883E-01
 SIGMA(1,1)    2.32820E-02 -7.09445E-02  5.34879E-02 -4.76650E-02  3.42806E-04 -1.80081E-02 -4.55160E-03 -1.09848E-02
 OMEGA(1,1)   -1.60195E-04  2.55442E-02 -2.46250E-02  2.28388E-02 -1.80081E-02  4.04269E-03 -3.20332E-01  5.78893E-02
 OMEGA(2,1)   -8.69134E-03  1.24615E-01 -1.06523E-01 -3.03973E-02 -4.55160E-03 -3.20332E-01  2.74337E-03 -3.31096E-01
 OMEGA(2,2)    2.03878E-02 -8.97340E-02  5.09898E-02  2.73883E-01 -1.09848E-02  5.78893E-02 -3.31096E-01  3.53997E-03
TABLE NO.     3: Importance Sampling: Problem=1 Subproblem=0 Superproblem1=0 Iteration1=0 Superproblem2=0 Iteration2=0
 NAME         THETA1       THETA2       THETA3       THETA4       SIGMA(1,1)   OMEGA(1,1)   OMEGA(2,1)   OMEGA(2,2)
 THETA1        1.28662E-02 -1.89659E-01 -1.51392E-01  4.37204E-02  2.35968E-02 -1.22410E-03 -5.94150E-03  1.90640E-02
 THETA2       -1.89659E-01  1.73419E-02  7.66931E-03 -1.85812E-02 -6.99117E-02  2.65348E-02  1.20714E-01 -8.52082E-02
 THETA3       -1.51392E-01  7.66931E-03  1.59608E-02 -1.92741E-03  5.25222E-02 -2.49946E-02 -1.04634E-01  5.15268E-02
 THETA4        4.37204E-02 -1.85812E-02 -1.92741E-03  2.84039E-02 -4.50477E-02  2.24018E-02 -2.86122E-02  2.71310E-01
 SIGMA(1,1)    2.35968E-02 -6.99117E-02  5.25222E-02 -4.50477E-02  3.43025E-04 -1.79195E-02 -5.17219E-03 -9.02829E-03
 OMEGA(1,1)   -1.22410E-03  2.65348E-02 -2.49946E-02  2.24018E-02 -1.79195E-02  4.04606E-03 -3.18587E-01  5.73270E-02
 OMEGA(2,1)   -5.94150E-03  1.20714E-01 -1.04634E-01 -2.86122E-02 -5.17219E-03 -3.18587E-01  2.73373E-03 -3.29235E-01
 OMEGA(2,2)    1.90640E-02 -8.52082E-02  5.15268E-02  2.71310E-01 -9.02829E-03  5.73270E-02 -3.29235E-01  3.51356E-03
TABLE NO.     4: Stochastic Approximation Expectation-Maximization: Problem=1 Subproblem=0 Superproblem1=0 Iteration1=0 Superproblem2=0 Iteration2=0
 NAME         THETA1       THETA2       THETA3       THETA4       SIGMA(1,1)   OMEGA(1,1)   OMEGA(2,1)   OMEGA(2,2)
 THETA1        1.29469E-02 -1.87999E-01 -1.58620E-01  4.83738E-02  2.98396E-02 -7.05450E-02  5.35377E-02  2.28256E-02
 THETA2       -1.87999E-01  1.73170E-02  2.26380E-02 -1.90552E-02 -7.11190E-02  2.61710E-02  1.02565E-01 -8.79856E-02
 THETA3       -1.58620E-01  2.26380E-02  1.59175E-02 -1.64750E-02  2.88863E-02  3.30957E-02 -6.60584E-02 -1.84184E-02
 THETA4        4.83738E-02 -1.90552E-02 -1.64750E-02  2.80903E-02 -5.17453E-02  2.90731E-03 -3.32945E-02  2.31727E-01
 SIGMA(1,1)    2.98396E-02 -7.11190E-02  2.88863E-02 -5.17453E-02  3.42336E-04  6.05746E-02 -5.92623E-02 -4.48665E-02
 OMEGA(1,1)   -7.05450E-02  2.61710E-02  3.30957E-02  2.90731E-03  6.05746E-02  4.36460E-03 -4.43749E-01  3.84826E-02
 OMEGA(2,1)    5.35377E-02  1.02565E-01 -6.60584E-02 -3.32945E-02 -5.92623E-02 -4.43749E-01  2.67719E-03 -3.88241E-01
 OMEGA(2,2)    2.28256E-02 -8.79856E-02 -1.84184E-02  2.31727E-01 -4.48665E-02  3.84826E-02 -3.88241E-01  3.03664E-03
TABLE NO.     5: Objective Function Evaluation by Importance Sampling: Problem=1 Subproblem=0 Superproblem1=0 Iteration1=0 Superproblem2=0 Iteration2=0
 NAME         THETA1       THETA2       THETA3       THETA4       SIGMA(1,1)   OMEGA(1,1)   OMEGA(2,1)   OMEGA(2,2)
 THETA1        1.28732E-02 -1.88592E-01 -1.51644E-01  4.41513E-02  2.34654E-02  1.73841E-03 -8.34920E-03  1.97152E-02
 THETA2       -1.88592E-01  1.73221E-02  7.75569E-03 -2.05674E-02 -6.92502E-02  2.65668E-02  1.21950E-01 -8.67657E-02
 THETA3       -1.51644E-01  7.75569E-03  1.59624E-02 -2.75041E-03  5.26043E-02 -2.61548E-02 -1.02513E-01  4.85097E-02
 THETA4        4.41513E-02 -2.05674E-02 -2.75041E-03  2.84041E-02 -4.69853E-02  2.29402E-02 -2.86318E-02  2.71336E-01
 SIGMA(1,1)    2.34654E-02 -6.92502E-02  5.26043E-02 -4.69853E-02  3.44347E-04 -2.28566E-02 -3.49539E-03 -1.38771E-02
 OMEGA(1,1)    1.73841E-03  2.65668E-02 -2.61548E-02  2.29402E-02 -2.28566E-02  4.05591E-03 -3.15954E-01  5.68032E-02
 OMEGA(2,1)   -8.34920E-03  1.21950E-01 -1.02513E-01 -2.86318E-02 -3.49539E-03 -3.15954E-01  2.73241E-03 -3.27021E-01
 OMEGA(2,2)    1.97152E-02 -8.67657E-02  4.85097E-02  2.71336E-01 -1.38771E-02  5.68032E-02 -3.27021E-01  3.50181E-03
TABLE NO.     6: MCMC Bayesian Analysis: Problem=1 Subproblem=0 Superproblem1=0 Iteration1=0 Superproblem2=0 Iteration2=0
 NAME         THETA1       THETA2       THETA3       THETA4       SIGMA(1,1)   OMEGA(1,1)   OMEGA(2,1)   OMEGA(2,2)
 THETA1        1.30109E-02 -2.12918E-01 -1.43592E-01  7.28904E-03  3.75941E-03  1.33430E-02 -2.37245E-02  3.09147E-02
 THETA2       -2.12918E-01  1.45544E-02  2.05227E-02  1.20075E-02 -7.70900E-03 -2.15812E-03 -1.71221E-02 -4.81307E-02
 THETA3       -1.43592E-01  2.05227E-02  1.97132E-02  2.13916E-02 -2.18568E-03  3.34285E-03  2.50833E-02 -1.64257E-02
 THETA4        7.28904E-03  1.20075E-02  2.13916E-02  2.66171E-02  3.24340E-02  1.73806E-02 -4.16218E-03 -1.11459E-02
 SIGMA(1,1)    3.75941E-03 -7.70900E-03 -2.18568E-03  3.24340E-02  3.46929E-04 -4.28722E-04 -3.25513E-03 -1.44045E-02
 OMEGA(1,1)    1.33430E-02 -2.15812E-03  3.34285E-03  1.73806E-02 -4.28722E-04  4.10007E-03 -2.95435E-01  4.06702E-02
 OMEGA(2,1)   -2.37245E-02 -1.71221E-02  2.50833E-02 -4.16218E-03 -3.25513E-03 -2.95435E-01  2.69950E-03 -3.06547E-01
 OMEGA(2,2)    3.09147E-02 -4.81307E-02 -1.64257E-02 -1.11459E-02 -1.44045E-02  4.06702E-02 -3.06547E-01  3.37147E-03
TABLE NO.     7: First Order Conditional Estimation with Interaction: Problem=1 Subproblem=0 Superproblem1=0 Iteration1=0 Superproblem2=0 Iteration2=0
 NAME         THETA1       THETA2       THETA3       THETA4       SIGMA(1,1)   OMEGA(1,1)   OMEGA(2,1)   OMEGA(2,2)
 THETA1        1.28217E-02 -2.00866E-01 -1.33217E-01 -3.01373E-05  2.64745E-02  1.42526E-03 -1.31572E-03  3.39172E-03
 THETA2       -2.00866E-01  1.44083E-02  2.81948E-02  1.38064E-04 -2.02251E-04 -1.51660E-03  2.84024E-02 -2.08385E-02
 THETA3       -1.33217E-01  2.81948E-02  1.95288E-02  3.83578E-05  5.70066E-05  3.84433E-04 -3.14991E-02  9.54062E-03
 THETA4       -3.01373E-05  1.38064E-04  3.83578E-05  2.72140E-02 -2.28164E-08 -2.33000E-07  4.68325E-06  4.47450E-06
 SIGMA(1,1)    2.64745E-02 -2.02251E-04  5.70066E-05 -2.28164E-08  3.41970E-04 -1.51049E-02  8.46900E-03 -8.32572E-03
 OMEGA(1,1)    1.42526E-03 -1.51660E-03  3.84433E-04 -2.33000E-07 -1.51049E-02  4.02337E-03 -3.26534E-01  5.61075E-02
 OMEGA(2,1)   -1.31572E-03  2.84024E-02 -3.14991E-02  4.68325E-06  8.46900E-03 -3.26534E-01  2.67473E-03 -3.22065E-01
 OMEGA(2,2)    3.39172E-03 -2.08385E-02  9.54062E-03  4.47450E-06 -8.32572E-03  5.61075E-02 -3.22065E-01  3.32101E-03
