TABLE NO.     1: MCMC Bayesian Analysis: Problem=1 Subproblem=0 Superproblem1=0 Iteration1=0 Superproblem2=0 Iteration2=0
 NAME         THETA1       THETA2       THETA3       THETA4       THETA5       THETA6       THETA7       THETA8       SIGMA(1,1)   SIGMA(2,1)   SIGMA(2,2)   OMEGA(1,1)   OMEGA(2,1)   OMEGA(2,2)   OMEGA(3,1)   OMEGA(3,2)   OMEGA(3,3)   OMEGA(4,1)   OMEGA(4,2)   OMEGA(4,3)   OMEGA(4,4)   OMEGA(5,1)   OMEGA(5,2)   OMEGA(5,3)   OMEGA(5,4)   OMEGA(5,5)   OMEGA(6,1)   OMEGA(6,2)   OMEGA(6,3)   OMEGA(6,4)   OMEGA(6,5)   OMEGA(6,6)   OMEGA(7,1)   OMEGA(7,2)   OMEGA(7,3)   OMEGA(7,4)   OMEGA(7,5)   OMEGA(7,6)   OMEGA(7,7)   OMEGA(8,1)   OMEGA(8,2)   OMEGA(8,3)   OMEGA(8,4)   OMEGA(8,5)   OMEGA(8,6)   OMEGA(8,7)   OMEGA(8,8)
 THETA1        2.22168E+02  6.16197E+01 -2.36057E+01 -2.28719E+01 -2.77984E+01 -2.00597E+00  7.58958E+00 -9.09210E+01 -2.00913E+02  0.00000E+00 -2.53438E+02  5.53799E+00  2.78666E+00  1.59001E+01  3.27673E+00 -5.00217E+00 -1.91788E+01 -2.32686E+00  2.64541E+00  1.72539E+01  7.85965E+00  7.25366E+00  5.99053E+00  2.13790E+00 -4.93070E+00  3.96178E+00 -5.18448E+00  7.01058E+00 -9.66712E+00 -5.54922E+00  5.96806E+00 -1.30263E-01 -7.60645E+00 -2.10252E+01 -8.28512E+00 -1.46558E+00  3.55872E+00  8.72629E+00 -1.17254E+01 -1.38920E+01 -1.91264E+00  1.28559E+01 -6.85510E+00 -3.65386E+00  2.29516E+00  2.13626E+01  1.53528E+00
 THETA2        6.16197E+01  2.49701E+02  8.61812E+00 -2.40605E+01 -3.32553E+01 -1.35472E+01  7.06319E+01 -1.03002E+02 -3.37225E+01  0.00000E+00 -1.08291E+02 -4.56277E+00  7.55891E-01  4.41753E+01 -7.25963E+00 -2.25354E+01 -9.40897E+00  2.13529E+01  3.27847E+01  6.13305E-01 -5.49815E+00 -5.29135E+00  2.03803E+00  6.28920E-01 -3.93234E+00 -9.26984E-01 -8.68768E+00 -7.63064E+00 -5.11229E+00 -3.18261E+00  5.37613E+00  1.72937E+00 -1.71179E+01 -6.92234E+01 -4.75179E+00  1.88161E+01  1.72244E+01  1.28094E+01 -1.78368E+01  2.10331E+00 -1.99811E+01  6.02475E+00 -1.56174E+01  8.47873E+00  1.90024E+01  4.20090E+01  2.26354E+00
 THETA3       -2.36057E+01  8.61812E+00  3.26293E+02  2.77771E+00  1.97743E+00 -2.10302E+01 -2.54873E+01 -5.76577E+01  1.24289E+02  0.00000E+00  3.91746E+02  3.19225E+00 -3.79155E+00  4.83743E+00 -2.70921E+01 -1.05895E+01  4.53343E+01  2.58837E+01  1.04463E+01 -6.34062E+01 -3.33352E+01  6.95981E+00  7.60976E+00  1.32688E+01 -5.47529E+00  2.16392E+00  6.97884E+00 -7.08856E+00 -1.54148E+01  1.39034E+01 -1.01865E+01  1.06241E+00 -8.47171E-01  1.47450E+01 -5.41521E+00  4.08962E+00  2.70848E+00 -9.92984E+00  4.56966E-01  1.12825E+01 -7.76568E+00 -1.61745E+01  2.29152E+01 -5.60383E-01  3.21385E+00  7.48967E+00 -6.53517E+00
 THETA4       -2.28719E+01 -2.40605E+01  2.77771E+00  2.25916E+02  1.99721E+01 -2.31814E+01  7.40514E+01 -5.52117E+01  3.17536E+02  0.00000E+00  2.55396E+01 -3.29308E+00 -8.50547E+00 -3.43497E+00 -3.88987E+00  4.49737E-02  2.11404E+01 -5.15512E+00 -2.67904E+00 -9.56830E+00 -1.14612E+01  1.33159E+00 -8.23713E+00  3.54221E+00 -9.14190E+00 -1.54746E+00  1.57235E+00 -3.45835E+00 -2.79923E+00  2.04235E+00 -2.96603E-01 -1.21951E+00 -6.07185E+00  4.42995E+00  1.03055E+01  6.78719E-01 -7.42574E+00 -5.19349E+00 -3.08734E+00  1.76062E+01 -3.68439E+00 -1.97081E+01  1.78486E+01  9.47710E+00  2.14200E+00  1.94613E+00 -6.97815E+00
 THETA5       -2.77984E+01 -3.32553E+01  1.97743E+00  1.99721E+01  2.57135E+02  5.57110E+01 -3.56116E+01  2.42221E+01  3.95052E+02  0.00000E+00 -6.18819E+00 -1.26142E+00 -1.83406E+00 -8.24514E+00 -7.11290E+00  3.56907E+00  6.98841E+00  3.48198E+00 -1.53408E+00 -5.05408E+00 -7.43951E+00 -6.30754E+00 -5.98437E+00  3.18647E+00 -8.25166E-01  4.70567E+00 -4.88021E+00  5.36816E+00  8.89840E+00 -1.09007E-01 -1.14738E+01 -1.11531E+01 -2.56564E+00  1.53202E+01  9.03860E-01  3.60015E-01  7.36647E+00  3.77647E+00  2.74517E+00  9.29172E+00  9.85052E+00  4.50041E+00 -1.44380E+00 -1.46247E+01 -1.47782E+01 -5.83628E+00 -1.25207E+01
 THETA6       -2.00597E+00 -1.35472E+01 -2.10302E+01 -2.31814E+01  5.57110E+01  2.03717E+02 -3.20825E+01  6.31867E+01 -3.58011E+01  0.00000E+00  1.83701E+02 -3.24690E-01  1.37563E+00 -1.44833E+01  6.71529E+00  6.54898E+00 -3.51204E+00  7.44745E+00  7.26073E-01  4.80990E+00 -1.20612E+00 -1.60374E+01 -4.22559E+00  2.20866E-01 -8.69201E+00  1.06891E+01 -6.17949E+00  8.61991E+00  6.52008E+00 -1.13144E+01 -5.57152E+00 -5.22993E+00  4.26210E+00  1.47000E+00  2.12251E+00 -4.17380E+00 -1.00398E+00  9.01044E+00 -3.12335E+00 -1.15959E+00  1.80573E+01 -1.55029E-01 -8.93638E+00 -4.82877E+00 -1.31572E+01  6.06017E+00 -1.01316E+01
 THETA7        7.58958E+00  7.06319E+01 -2.54873E+01  7.40514E+01 -3.56116E+01 -3.20825E+01  2.77148E+02 -1.03590E+02 -5.66497E+02  0.00000E+00  1.70289E+02 -3.54114E+00 -2.32143E+00  8.68997E+00  5.25301E+00 -4.50769E+00 -2.40829E+00 -1.11242E+01  6.92781E+00  7.78190E+00 -3.79485E-01 -1.39875E+00 -6.86560E+00 -2.02926E+00  3.20191E+00  1.32907E+00  2.97426E+00 -3.21075E+00  2.19107E+00 -5.55521E+00  4.48071E+00  1.61651E+00 -8.53013E+00 -2.10133E+01  1.00126E+01  3.51110E+00  1.25953E+00 -5.65628E+00 -1.93954E-01  7.68592E+00 -1.44334E+01  2.80431E-01 -1.90869E+00  8.23320E+00  7.37858E+00  3.85087E+00  5.56489E+00
 THETA8       -9.09210E+01 -1.03002E+02 -5.76577E+01 -5.52117E+01  2.42221E+01  6.31867E+01 -1.03590E+02  3.24041E+02  3.25452E+02  0.00000E+00  7.18489E+01  1.86718E-01 -2.20154E+00 -2.82018E+01 -2.56870E+00  1.44093E+01 -6.51552E+00 -1.62046E+01 -1.33396E+01 -2.19381E-01  9.51085E+00 -1.14411E+01 -9.22391E-01 -9.19425E+00  5.00986E+00  1.91200E-01  5.36173E+00  5.70710E+00  2.17946E-01 -8.43013E+00 -2.99034E+00  3.18394E-01  1.10989E+01  3.34363E+01  1.48698E+00 -4.23864E+00 -7.78108E+00 -8.51004E+00  1.36757E+01  1.10260E+01  2.40816E+01  4.54225E-01 -4.80232E+00 -1.37319E+00 -8.77562E+00 -3.07564E+01 -1.12549E+01
 SIGMA(1,1)   -2.00913E+02 -3.37225E+01  1.24289E+02  3.17536E+02  3.95052E+02 -3.58011E+01 -5.66497E+02  3.25452E+02  2.59563E+06  0.00000E+00  3.85156E+04 -1.69196E+02 -2.73207E+02  6.82841E+02 -5.33027E+02  1.47250E+03  9.43112E+01  3.11466E+02 -1.72515E+02  7.32046E+01  8.87862E+02 -1.41761E+02 -8.91004E+02  5.95931E+02 -4.56658E+01  1.16192E+02 -3.73109E+02  1.65831E+02  1.94240E+03 -5.99296E+02 -3.77767E+02 -5.94889E+02  1.00097E+03  6.41974E+02 -2.15082E+03  9.65819E+02 -4.38674E+02  1.58892E+02 -7.21401E+01 -6.09843E+02 -8.63920E+02  8.29120E+02  4.85538E+02 -5.13896E+02 -9.30083E+02  9.06526E+02 -3.53172E+02
 SIGMA(2,1)    0.00000E+00  0.00000E+00  0.00000E+00  0.00000E+00  0.00000E+00  0.00000E+00  0.00000E+00  0.00000E+00  0.00000E+00  0.00000E+00  0.00000E+00  0.00000E+00  0.00000E+00  0.00000E+00  0.00000E+00  0.00000E+00  0.00000E+00  0.00000E+00  0.00000E+00  0.00000E+00  0.00000E+00  0.00000E+00  0.00000E+00  0.00000E+00  0.00000E+00  0.00000E+00  0.00000E+00  0.00000E+00  0.00000E+00  0.00000E+00  0.00000E+00  0.00000E+00  0.00000E+00  0.00000E+00  0.00000E+00  0.00000E+00  0.00000E+00  0.00000E+00  0.00000E+00  0.00000E+00  0.00000E+00  0.00000E+00  0.00000E+00  0.00000E+00  0.00000E+00  0.00000E+00  0.00000E+00
 SIGMA(2,2)   -2.53438E+02 -1.08291E+02  3.91746E+02  2.55396E+01 -6.18819E+00  1.83701E+02  1.70289E+02  7.18489E+01  3.85156E+04  0.00000E+00  7.23828E+05  3.15444E+01 -2.11737E+02 -4.05258E+02 -5.74768E+02 -4.38413E+02 -1.94508E+02  2.51797E+02  3.00269E+02 -1.47072E+02 -4.11602E+01  2.64653E+02  2.61521E+02  1.24897E+03  1.47370E+02  3.02037E+02  5.79025E+02  4.71414E+02  1.76036E+02  3.74726E+02  4.18199E+02  5.71599E+02 -1.95364E+02 -6.71220E+02  3.40689E+01  1.37932E+02  2.29016E+02  1.93764E+02  1.72282E+02 -2.90195E+02  2.93864E+02  1.27105E+03  2.40173E+02 -3.22003E+02 -7.32050E+02  5.52777E+01 -1.04038E+02
 OMEGA(1,1)    5.53799E+00 -4.56277E+00  3.19225E+00 -3.29308E+00 -1.26142E+00 -3.24690E-01 -3.54114E+00  1.86718E-01 -1.69196E+02  0.00000E+00  3.15444E+01  4.77406E+02  3.00523E+02  4.69789E+01 -1.21997E+02 -4.91140E+01  5.22551E+00 -8.47963E+01 -2.22150E+01  1.67462E+01 -7.54875E+00 -1.43839E+02 -5.28485E+01  3.60953E+01  1.88851E+01 -5.55625E-01 -3.30531E+01 -2.87931E+01  1.80161E+01  1.74113E+01 -5.37007E+00 -1.09284E+01  6.07527E+01  1.12794E+01 -1.27146E+01 -1.73335E+01 -2.15628E+01 -1.47464E+01 -6.33158E+00 -4.44687E+02 -1.46372E+02  8.44316E+01  5.52361E+01  7.13369E+01  1.04546E+01 -2.49246E+01  9.03550E+01
 OMEGA(2,1)    2.78666E+00  7.55891E-01 -3.79155E+00 -8.50547E+00 -1.83406E+00  1.37563E+00 -2.32143E+00 -2.20154E+00 -2.73207E+02  0.00000E+00 -2.11737E+02  3.00523E+02  1.32974E+03  4.85967E+02  2.77118E+01 -1.36056E+02 -1.90075E+01 -1.22858E+02 -1.28246E+02  4.18171E+00 -1.47069E+01 -2.38084E+02 -2.90530E+02  5.67502E+01  4.54129E+01  4.77667E+01 -1.31226E+02 -1.56694E+02  2.78069E+01  2.24286E+01  2.90749E+01  1.31266E+01  3.89189E+02  2.31095E+02 -4.55407E+01 -6.10600E+01 -7.87600E+01 -4.41008E+01  2.23661E+01 -7.36509E+02 -8.63292E+02  6.82583E+01  1.34731E+02  2.18498E+02  1.30063E+02 -2.17910E+02  2.90875E+02
 OMEGA(2,2)    1.59001E+01  4.41753E+01  4.83743E+00 -3.43497E+00 -8.24514E+00 -1.44833E+01  8.68997E+00 -2.82018E+01  6.82841E+02  0.00000E+00 -4.05258E+02  4.69789E+01  4.85967E+02  8.18734E+02  5.60789E+01  1.33952E+02  2.62121E+00 -2.95969E+01 -1.54384E+02 -1.17285E+01 -1.72796E+01 -9.43376E+01 -3.08396E+02 -3.95894E+01  1.63014E+01  2.45726E+01 -1.00562E+02 -2.53045E+02 -2.92228E+01  1.43084E+01  4.90831E+01  3.11316E+01  1.45486E+02  5.01131E+02  4.32240E+01 -5.30972E+01 -9.24186E+01 -6.54236E+01  6.24007E+01 -2.63420E+02 -8.83750E+02 -9.77839E+01  1.09207E+02  1.96118E+02  1.74943E+02 -2.46795E+02  2.33717E+02
 OMEGA(3,1)    3.27673E+00 -7.25963E+00 -2.70921E+01 -3.88987E+00 -7.11290E+00  6.71529E+00  5.25301E+00 -2.56870E+00 -5.33027E+02  0.00000E+00 -5.74768E+02 -1.21997E+02  2.77118E+01  5.60789E+01  1.53967E+03  5.53527E+02 -1.93616E+02  8.50561E+01  1.56430E+01 -2.16181E+02 -8.93818E+00  2.65531E+01 -4.28887E+01 -2.86427E+02 -7.15252E+00  9.64116E+00 -1.25657E+02 -1.00701E+02 -8.47914E+01 -6.09526E+00  4.95044E+01  2.47928E+01 -8.69015E+01  3.22894E+00  1.76738E+02  2.05982E+01  2.88548E+00 -5.13918E+01  5.53781E+00 -2.08017E+02 -1.50377E+02 -7.69504E+02 -3.87068E+01  5.00191E+01  1.49161E+02 -1.06361E+01  1.58553E+02
 OMEGA(3,2)   -5.00217E+00 -2.25354E+01 -1.05895E+01  4.49737E-02  3.56907E+00  6.54898E+00 -4.50769E+00  1.44093E+01  1.47250E+03  0.00000E+00 -4.38413E+02 -4.91140E+01 -1.36056E+02  1.33952E+02  5.53527E+02  2.05826E+03  9.58961E+01  2.85101E+01  9.00289E+01 -1.52162E+02 -5.37811E+00  4.33600E+01 -9.06208E+01 -3.97634E+02 -3.02387E+01  1.15126E+01 -4.57636E+01 -2.83642E+02 -2.96048E+02 -1.59661E+01  1.10357E+02  6.53944E+01 -1.02485E+02 -6.82788E+01  6.19191E+02  6.06219E+01  5.86256E+00 -9.36925E+01 -3.60805E+01  8.70851E+00 -4.57686E+02 -1.10060E+03 -5.15179E+01  7.46352E+01  2.17172E+02 -5.01540E+01  2.11098E+02
 OMEGA(3,3)   -1.91788E+01 -9.40897E+00  4.53343E+01  2.11404E+01  6.98841E+00 -3.51204E+00 -2.40829E+00 -6.51552E+00  9.43112E+01  0.00000E+00 -1.94508E+02  5.22551E+00 -1.90075E+01  2.62121E+00 -1.93616E+02  9.58961E+01  1.07482E+03 -4.44177E+01  1.19127E+01  1.78626E+02  2.26927E+01 -3.18163E+00 -4.70221E+00 -2.66421E+01  5.06291E+00 -2.67121E+01  2.64973E+01 -2.19621E+01 -2.18871E+02 -1.46726E+01 -2.11713E+01  9.89257E+00 -2.84363E+01 -1.35340E+01 -7.72166E+01 -6.54915E+00  3.01627E+01 -1.04562E+00 -2.88666E+01  6.65840E+01 -2.32598E+01 -4.71362E+02 -5.98170E+01 -2.87943E+01  3.48573E+01  4.74906E+01  4.05233E+01
 OMEGA(4,1)   -2.32686E+00  2.13529E+01  2.58837E+01 -5.15512E+00  3.48198E+00  7.44745E+00 -1.11242E+01 -1.62046E+01  3.11466E+02  0.00000E+00  2.51797E+02 -8.47963E+01 -1.22858E+02 -2.95969E+01  8.50561E+01  2.85101E+01 -4.44177E+01  1.00122E+03  3.24888E+02 -1.01969E+02 -9.08321E+01  1.32277E+02  3.75494E+01 -2.49724E+01 -1.62302E+02 -1.87384E+00 -7.71608E+01 -2.69835E+01  1.84643E+00 -1.05424E+01  6.76762E+00  1.13589E+01  3.10940E+02  1.10227E+02 -3.04211E+00  4.16772E+01 -5.18059E+01 -5.03199E+00  2.76896E+01 -1.93388E+02 -3.40633E+01 -1.76061E+01 -4.23175E+02 -1.55627E+01  4.50687E+01 -1.53553E+02  1.01940E+02
 OMEGA(4,2)    2.64541E+00  3.27847E+01  1.04463E+01 -2.67904E+00 -1.53408E+00  7.26073E-01  6.92781E+00 -1.33396E+01 -1.72515E+02  0.00000E+00  3.00269E+02 -2.22150E+01 -1.28246E+02 -1.54384E+02  1.56430E+01  9.00289E+01  1.19127E+01  3.24888E+02  1.22086E+03  3.99019E+01 -9.83333E+01  6.25117E+01  1.87989E+02 -3.71339E+01 -2.02730E+02 -2.50330E+01  5.99382E+00 -8.10943E+01 -5.05783E+01 -9.78411E+01  5.67857E-01  1.33194E+01  8.52771E+01  4.13190E+02  6.06206E+01  3.13696E+02 -2.02000E+01 -7.42970E+01  1.33252E+02 -5.99517E+00 -2.19738E+02 -9.62145E+01 -5.31431E+02 -4.35966E+01  7.21515E+01 -2.62298E+02  1.23305E+02
 OMEGA(4,3)    1.72539E+01  6.13305E-01 -6.34062E+01 -9.56830E+00 -5.05408E+00  4.80990E+00  7.78190E+00 -2.19381E-01  7.32046E+01  0.00000E+00 -1.47072E+02  1.67462E+01  4.18171E+00 -1.17285E+01 -2.16181E+02 -1.52162E+02  1.78626E+02 -1.01969E+02  3.99019E+01  1.44560E+03  4.48857E+01 -2.17445E+01  2.65015E+01  1.87965E+02  2.07443E+00  1.55521E+01  3.58653E+01  3.36528E+01 -1.73955E+02 -1.25125E+02 -4.72328E+01  1.14155E+01 -3.37121E+01  3.80830E+01  4.77341E+02 -7.79797E+01 -8.91164E+00 -1.50883E+01 -4.02784E+01  6.18625E+01  1.32208E+01 -4.21886E+02 -2.93393E+02 -4.20529E+01  7.38984E+01 -5.28850E+01  8.81582E+01
 OMEGA(4,4)    7.85965E+00 -5.49815E+00 -3.33352E+01 -1.14612E+01 -7.43951E+00 -1.20612E+00 -3.79485E-01  9.51085E+00  8.87862E+02  0.00000E+00 -4.11602E+01 -7.54875E+00 -1.47069E+01 -1.72796E+01 -8.93818E+00 -5.37811E+00  2.26927E+01 -9.08321E+01 -9.83333E+01  4.48857E+01  4.62006E+02  1.54722E+00 -9.86618E-01  3.07010E+01  1.07161E+02 -6.41086E+00  2.54750E+01  1.38329E+01  9.38276E+00 -8.39773E+01 -2.33745E+01 -1.51658E+01 -5.41377E+01 -6.56586E+01  1.50846E+01  3.06281E+02  4.13636E+01 -1.58106E+01  2.80607E+01  5.44643E+01  6.93980E+01 -1.32339E+01 -2.22327E+02 -4.72685E+01 -1.00309E+01 -3.60710E+01 -1.15337E+01
 OMEGA(5,1)    7.25366E+00 -5.29135E+00  6.95981E+00  1.33159E+00 -6.30754E+00 -1.60374E+01 -1.39875E+00 -1.14411E+01 -1.41761E+02  0.00000E+00  2.64653E+02 -1.43839E+02 -2.38084E+02 -9.43376E+01  2.65531E+01  4.33600E+01 -3.18163E+00  1.32277E+02  6.25117E+01 -2.17445E+01  1.54722E+00  1.17085E+03  4.73268E+02 -1.17107E+02 -1.53734E+02 -2.01657E+02  3.01962E+02  1.55416E+02 -4.93543E+01 -4.68311E+01 -1.21268E+02 -3.32858E+01 -1.64089E+02 -8.54002E+01  1.44364E+01  4.34928E+01  1.12616E+02  3.27672E+01 -1.48946E+01  2.25209E+02  1.84082E+02 -1.65448E+01 -8.61071E+01 -6.09371E+02 -1.96061E+02  1.01907E+02 -9.24883E+01
 OMEGA(5,2)    5.99053E+00  2.03803E+00  7.60976E+00 -8.23713E+00 -5.98437E+00 -4.22559E+00 -6.86560E+00 -9.22391E-01 -8.91004E+02  0.00000E+00  2.61521E+02 -5.28485E+01 -2.90530E+02 -3.08396E+02 -4.28887E+01 -9.06208E+01 -4.70221E+00  3.75494E+01  1.87989E+02  2.65015E+01 -9.86618E-01  4.73268E+02  1.63170E+03  1.05677E+02 -1.67978E+02 -2.75859E+02  2.04819E+02  5.29700E+02  3.43151E+01 -5.50373E+01 -3.02786E+02 -8.12624E+01 -1.17960E+02 -3.13528E+02 -3.13774E+01  7.61320E+01  4.96378E+02  1.82275E+02 -5.45389E+01  1.98115E+02  4.44441E+02  7.55976E+01 -1.14197E+02 -8.36945E+02 -3.44125E+02  1.73767E+02 -1.54330E+02
 OMEGA(5,3)    2.13790E+00  6.28920E-01  1.32688E+01  3.54221E+00  3.18647E+00  2.20866E-01 -2.02926E+00 -9.19425E+00  5.95931E+02  0.00000E+00  1.24897E+03  3.60953E+01  5.67502E+01 -3.95894E+01 -2.86427E+02 -3.97634E+02 -2.66421E+01 -2.49724E+01 -3.71339E+01  1.87965E+02  3.07010E+01 -1.17107E+02  1.05677E+02  1.74526E+03  7.60005E+01 -1.20846E+01 -6.78281E+00  1.38545E+02  5.24368E+02  3.15722E+01 -2.05669E+02 -8.30473E+01  3.57955E+01 -2.90187E+01 -2.45644E+02 -9.44924E+00 -9.03277E+01  2.37130E+01  2.17150E+01  1.74299E+01  1.25930E+02  3.35377E+02 -1.31513E+01 -3.47531E+02 -1.84736E+02  2.81473E+01 -7.44613E+01
 OMEGA(5,4)   -4.93070E+00 -3.93234E+00 -5.47529E+00 -9.14190E+00 -8.25166E-01 -8.69201E+00  3.20191E+00  5.00986E+00 -4.56658E+01  0.00000E+00  1.47370E+02  1.88851E+01  4.54129E+01  1.63014E+01 -7.15252E+00 -3.02387E+01  5.06291E+00 -1.62302E+02 -2.02730E+02  2.07443E+00  1.07161E+02 -1.53734E+02 -1.67978E+02  7.60005E+01  1.19042E+03  1.26946E+02 -2.41461E+01 -2.65055E+01  4.39153E+01  2.76520E+02 -6.89175E+01 -2.45003E+01 -3.00513E+01 -6.40945E+01 -1.53430E+01 -1.10401E+02  3.66455E+02  1.19095E+02 -5.27163E+01  1.09592E+01  3.24117E+01  2.94907E+01  1.23536E+02 -2.54664E+02 -8.84937E+01  6.89154E+01 -4.13965E+01
 OMEGA(5,5)    3.96178E+00 -9.26984E-01  2.16392E+00 -1.54746E+00  4.70567E+00  1.06891E+01  1.32907E+00  1.91200E-01  1.16192E+02  0.00000E+00  3.02037E+02 -5.55625E-01  4.77667E+01  2.45726E+01  9.64116E+00  1.15126E+01 -2.67121E+01 -1.87384E+00 -2.50330E+01  1.55521E+01 -6.41086E+00 -2.01657E+02 -2.75859E+02 -1.20846E+01  1.26946E+02  6.92609E+02 -8.46276E+01 -1.13792E+02 -8.35775E+00  2.27941E+01  3.88862E+02  7.13962E+01  5.08033E+01  4.97908E+01  1.72475E+00 -3.03372E+01 -2.13039E+02 -8.92044E+01  7.36208E+00 -4.50907E+01 -6.30516E+01 -9.16741E+00  2.96779E+01  2.45300E+02  1.23195E+02 -3.96942E+01  1.50363E+01
 OMEGA(6,1)   -5.18448E+00 -8.68768E+00  6.97884E+00  1.57235E+00 -4.88021E+00 -6.17949E+00  2.97426E+00  5.36173E+00 -3.73109E+02  0.00000E+00  5.79025E+02 -3.30531E+01 -1.31226E+02 -1.00562E+02 -1.25657E+02 -4.57636E+01  2.64973E+01 -7.71608E+01  5.99382E+00  3.58653E+01  2.54750E+01  3.01962E+02  2.04819E+02 -6.78281E+00 -2.41461E+01 -8.46276E+01  1.00701E+03  4.00101E+02 -9.09950E+01 -8.73909E+01 -2.44584E+02 -7.61809E+01 -1.63462E+02 -1.08149E+02 -1.50170E+01  3.65436E+01  7.53868E+01  1.11250E+02 -1.46559E+01  3.69140E+02  2.61074E+02  4.94631E+01 -3.12719E+01 -2.62890E+02 -5.60828E+02  1.33067E+02 -1.90973E+02
 OMEGA(6,2)    7.01058E+00 -7.63064E+00 -7.08856E+00 -3.45835E+00  5.36816E+00  8.61991E+00 -3.21075E+00  5.70710E+00  1.65831E+02  0.00000E+00  4.71414E+02 -2.87931E+01 -1.56694E+02 -2.53045E+02 -1.00701E+02 -2.83642E+02 -2.19621E+01 -2.69835E+01 -8.10943E+01  3.36528E+01  1.38329E+01  1.55416E+02  5.29700E+02  1.38545E+02 -2.65055E+01 -1.13792E+02  4.00101E+02  1.35116E+03  1.54973E+02 -5.63431E+01 -3.54604E+02 -1.74570E+02 -8.71015E+01 -3.01346E+02 -1.24209E+02 -3.23677E+01  2.12389E+02  4.79173E+02 -6.91108E+01  2.05557E+02  7.25218E+02  2.23832E+02 -2.00622E+00 -3.98263E+02 -8.03127E+02  2.81870E+02 -3.05733E+02
 OMEGA(6,3)   -9.66712E+00 -5.11229E+00 -1.54148E+01 -2.79923E+00  8.89840E+00  6.52008E+00  2.19107E+00  2.17946E-01  1.94240E+03  0.00000E+00  1.76036E+02  1.80161E+01  2.78069E+01 -2.92228E+01 -8.47914E+01 -2.96048E+02 -2.18871E+02  1.84643E+00 -5.05783E+01 -1.73955E+02  9.38276E+00 -4.93543E+01  3.43151E+01  5.24368E+02  4.39153E+01 -8.35775E+00 -9.09950E+01  1.54973E+02  1.61022E+03  8.84688E+01 -1.15025E+02 -1.77055E+02  2.21919E+01 -3.80294E+01 -2.13915E+02  8.48690E+00 -5.92505E+00 -9.82800E-01  2.78179E+01 -4.15798E+01  1.26564E+02  6.41959E+02  6.73634E+01 -1.18891E+02 -4.24690E+02  6.29642E+00 -1.25337E+02
 OMEGA(6,4)   -5.54922E+00 -3.18261E+00  1.39034E+01  2.04235E+00 -1.09007E-01 -1.13144E+01 -5.55521E+00 -8.43013E+00 -5.99296E+02  0.00000E+00  3.74726E+02  1.74113E+01  2.24286E+01  1.43084E+01 -6.09526E+00 -1.59661E+01 -1.46726E+01 -1.05424E+01 -9.78411E+01 -1.25125E+02 -8.39773E+01 -4.68311E+01 -5.50373E+01  3.15722E+01  2.76520E+02  2.27941E+01 -8.73909E+01 -5.63431E+01  8.84688E+01  9.23485E+02  8.75104E+01 -8.00650E+01  8.49239E+00 -4.50615E+01 -3.76917E+01 -1.62693E+02  9.83722E+01  3.26053E+02 -4.61331E+01 -3.96281E+01 -5.97105E+00  6.66260E+01  3.14446E+02 -4.01299E+01 -2.57702E+02  1.40020E+02 -6.31141E+01
 OMEGA(6,5)    5.96806E+00  5.37613E+00 -1.01865E+01 -2.96603E-01 -1.14738E+01 -5.57152E+00  4.48071E+00 -2.99034E+00 -3.77767E+02  0.00000E+00  4.18199E+02 -5.37007E+00  2.90749E+01  4.90831E+01  4.95044E+01  1.10357E+02 -2.11713E+01  6.76762E+00  5.67857E-01 -4.72328E+01 -2.33745E+01 -1.21268E+02 -3.02786E+02 -2.05669E+02 -6.89175E+01  3.88862E+02 -2.44584E+02 -3.54604E+02 -1.15025E+02  8.75104E+01  1.32922E+03  3.35197E+02  3.96078E+01  8.41856E+01  3.87980E+01 -2.51569E+01 -2.83582E+02 -2.62756E+02  2.45599E+01 -8.96642E+01 -1.95656E+02 -8.71554E+01  5.03946E+01  5.53795E+02  4.06497E+02 -9.30953E+01  9.53740E+01
 OMEGA(6,6)   -1.30263E-01  1.72937E+00  1.06241E+00 -1.21951E+00 -1.11531E+01 -5.22993E+00  1.61651E+00  3.18394E-01 -5.94889E+02  0.00000E+00  5.71599E+02 -1.09284E+01  1.31266E+01  3.11316E+01  2.47928E+01  6.53944E+01  9.89257E+00  1.13589E+01  1.33194E+01  1.14155E+01 -1.51658E+01 -3.32858E+01 -8.12624E+01 -8.30473E+01 -2.45003E+01  7.13962E+01 -7.61809E+01 -1.74570E+02 -1.77055E+02 -8.00650E+01  3.35197E+02  4.62168E+02  1.33399E+01  3.94587E+01  3.77384E+01 -8.12692E+00 -6.09834E+01 -1.48675E+02 -4.93642E+00 -2.32756E+01 -1.19027E+02 -9.53927E+01 -1.28746E+01  1.57018E+02  3.79044E+02 -5.32322E+01  7.83202E+01
 OMEGA(7,1)   -7.60645E+00 -1.71179E+01 -8.47171E-01 -6.07185E+00 -2.56564E+00  4.26210E+00 -8.53013E+00  1.10989E+01  1.00097E+03  0.00000E+00 -1.95364E+02  6.07527E+01  3.89189E+02  1.45486E+02 -8.69015E+01 -1.02485E+02 -2.84363E+01  3.10940E+02  8.52771E+01 -3.37121E+01 -5.41377E+01 -1.64089E+02 -1.17960E+02  3.57955E+01 -3.00513E+01  5.08033E+01 -1.63462E+02 -8.71015E+01  2.21919E+01  8.49239E+00  3.96078E+01  1.33399E+01  1.17155E+03  3.92101E+02 -1.41021E+02 -1.02097E+02 -2.06241E+02 -4.84332E+01  6.94075E+01 -5.38515E+02 -3.58377E+02  1.25371E+02 -8.79956E+01  1.54662E+02  1.08458E+02 -5.53277E+02  2.41470E+02
 OMEGA(7,2)   -2.10252E+01 -6.92234E+01  1.47450E+01  4.42995E+00  1.53202E+01  1.47000E+00 -2.10133E+01  3.34363E+01  6.41974E+02  0.00000E+00 -6.71220E+02  1.12794E+01  2.31095E+02  5.01131E+02  3.22894E+00 -6.82788E+01 -1.35340E+01  1.10227E+02  4.13190E+02  3.80830E+01 -6.56586E+01 -8.54002E+01 -3.13528E+02 -2.90187E+01 -6.40945E+01  4.97908E+01 -1.08149E+02 -3.01346E+02 -3.80294E+01 -4.50615E+01  8.41856E+01  3.94587E+01  3.92101E+02  1.58451E+03  2.73534E+01 -4.70993E+00 -2.73953E+02 -1.93687E+02  3.90059E+02 -2.24619E+02 -9.76826E+02 -9.28372E+00 -1.17462E+02  2.34400E+02  2.24734E+02 -8.05376E+02  3.22127E+02
 OMEGA(7,3)   -8.28512E+00 -4.75179E+00 -5.41521E+00  1.03055E+01  9.03860E-01  2.12251E+00  1.00126E+01  1.48698E+00 -2.15082E+03  0.00000E+00  3.40689E+01 -1.27146E+01 -4.55407E+01  4.32240E+01  1.76738E+02  6.19191E+02 -7.72166E+01 -3.04211E+00  6.06206E+01  4.77341E+02  1.50846E+01  1.44364E+01 -3.13774E+01 -2.45644E+02 -1.53430E+01  1.72475E+00 -1.50170E+01 -1.24209E+02 -2.13915E+02 -3.76917E+01  3.87980E+01  3.77384E+01 -1.41021E+02  2.73534E+01  1.77067E+03  4.77078E+01  1.64281E+01 -1.65465E+02 -9.00220E+01  2.98336E+01 -1.53605E+02 -7.70383E+02 -1.31220E+02  5.76085E+01  1.46390E+02 -2.68044E+02  1.46867E+02
 OMEGA(7,4)   -1.46558E+00  1.88161E+01  4.08962E+00  6.78719E-01  3.60015E-01 -4.17380E+00  3.51110E+00 -4.23864E+00  9.65819E+02  0.00000E+00  1.37932E+02 -1.73335E+01 -6.10600E+01 -5.30972E+01  2.05982E+01  6.06219E+01 -6.54915E+00  4.16772E+01  3.13696E+02 -7.79797E+01  3.06281E+02  4.34928E+01  7.61320E+01 -9.44924E+00 -1.10401E+02 -3.03372E+01  3.65436E+01 -3.23677E+01  8.48690E+00 -1.62693E+02 -2.51569E+01 -8.12692E+00 -1.02097E+02 -4.70993E+00  4.77078E+01  1.28267E+03  9.54582E+01 -1.24973E+02  3.85509E+02  5.89574E+01 -1.60689E+01 -8.40632E+00 -5.44960E+02 -5.81115E+01  4.02935E+01 -4.12748E+02  8.15149E+01
 OMEGA(7,5)    3.55872E+00  1.72244E+01  2.70848E+00 -7.42574E+00  7.36647E+00 -1.00398E+00  1.25953E+00 -7.78108E+00 -4.38674E+02  0.00000E+00  2.29016E+02 -2.15628E+01 -7.87600E+01 -9.24186E+01  2.88548E+00  5.86256E+00  3.01627E+01 -5.18059E+01 -2.02000E+01 -8.91164E+00  4.13636E+01  1.12616E+02  4.96378E+02 -9.03277E+01  3.66455E+02 -2.13039E+02  7.53868E+01  2.12389E+02 -5.92505E+00  9.83722E+01 -2.83582E+02 -6.09834E+01 -2.06241E+02 -2.73953E+02  1.64281E+01  9.54582E+01  1.46070E+03  4.17794E+02 -1.79728E+02  1.15093E+02  1.83702E+02 -6.55177E-01 -1.40381E+01 -6.57175E+02 -2.25603E+02  2.62851E+02 -9.11195E+01
 OMEGA(7,6)    8.72629E+00  1.28094E+01 -9.92984E+00 -5.19349E+00  3.77647E+00  9.01044E+00 -5.65628E+00 -8.51004E+00  1.58892E+02  0.00000E+00  1.93764E+02 -1.47464E+01 -4.41008E+01 -6.54236E+01 -5.13918E+01 -9.36925E+01 -1.04562E+00 -5.03199E+00 -7.42970E+01 -1.50883E+01 -1.58106E+01  3.27672E+01  1.82275E+02  2.37130E+01  1.19095E+02 -8.92044E+01  1.11250E+02  4.79173E+02 -9.82800E-01  3.26053E+02 -2.62756E+02 -1.48675E+02 -4.84332E+01 -1.93687E+02 -1.65465E+02 -1.24973E+02  4.17794E+02  1.22747E+03 -1.71551E+02  5.82715E+01  2.54651E+02  8.64425E+01  1.29638E+02 -2.46231E+02 -6.02068E+02  4.69794E+02 -1.71483E+02
 OMEGA(7,7)   -1.17254E+01 -1.78368E+01  4.56966E-01 -3.08734E+00  2.74517E+00 -3.12335E+00 -1.93954E-01  1.36757E+01 -7.21401E+01  0.00000E+00  1.72282E+02 -6.33158E+00  2.23661E+01  6.24007E+01  5.53781E+00 -3.60805E+01 -2.88666E+01  2.76896E+01  1.33252E+02 -4.02784E+01  2.80607E+01 -1.48946E+01 -5.45389E+01  2.17150E+01 -5.27163E+01  7.36208E+00 -1.46559E+01 -6.91108E+01  2.78179E+01 -4.61331E+01  2.45599E+01 -4.93642E+00  6.94075E+01  3.90059E+02 -9.00220E+01  3.85509E+02 -1.79728E+02 -1.71551E+02  6.97272E+02 -2.41099E+01 -1.97490E+02  6.13178E+01 -1.49855E+02  6.54155E+01  7.65669E+01 -5.63372E+02  1.05723E+02
 OMEGA(8,1)   -1.38920E+01  2.10331E+00  1.12825E+01  1.76062E+01  9.29172E+00 -1.15959E+00  7.68592E+00  1.10260E+01 -6.09843E+02  0.00000E+00 -2.90195E+02 -4.44687E+02 -7.36509E+02 -2.63420E+02 -2.08017E+02  8.70851E+00  6.65840E+01 -1.93388E+02 -5.99517E+00  6.18625E+01  5.44643E+01  2.25209E+02  1.98115E+02  1.74299E+01  1.09592E+01 -4.50907E+01  3.69140E+02  2.05557E+02 -4.15798E+01 -3.96281E+01 -8.96642E+01 -2.32756E+01 -5.38515E+02 -2.24619E+02  2.98336E+01  5.89574E+01  1.15093E+02  5.82715E+01 -2.41099E+01  1.75800E+03  8.80151E+02 -7.10103E+01 -7.55523E+01 -3.77495E+02 -2.77723E+02  3.48772E+02 -7.30273E+02
 OMEGA(8,2)   -1.91264E+00 -1.99811E+01 -7.76568E+00 -3.68439E+00  9.85052E+00  1.80573E+01 -1.44334E+01  2.40816E+01 -8.63920E+02  0.00000E+00  2.93864E+02 -1.46372E+02 -8.63292E+02 -8.83750E+02 -1.50377E+02 -4.57686E+02 -2.32598E+01 -3.40633E+01 -2.19738E+02  1.32208E+01  6.93980E+01  1.84082E+02  4.44441E+02  1.25930E+02  3.24117E+01 -6.30516E+01  2.61074E+02  7.25218E+02  1.26564E+02 -5.97105E+00 -1.95656E+02 -1.19027E+02 -3.58377E+02 -9.76826E+02 -1.53605E+02 -1.60689E+01  1.83702E+02  2.54651E+02 -1.97490E+02  8.80151E+02  2.58067E+03  3.50964E+02 -8.76573E+01 -5.17594E+02 -6.12538E+02  8.92297E+02 -1.01405E+03
 OMEGA(8,3)    1.28559E+01  6.02475E+00 -1.61745E+01 -1.97081E+01  4.50041E+00 -1.55029E-01  2.80431E-01  4.54225E-01  8.29120E+02  0.00000E+00  1.27105E+03  8.44316E+01  6.82583E+01 -9.77839E+01 -7.69504E+02 -1.10060E+03 -4.71362E+02 -1.76061E+01 -9.62145E+01 -4.21886E+02 -1.32339E+01 -1.65448E+01  7.55976E+01  3.35377E+02  2.94907E+01 -9.16741E+00  4.94631E+01  2.23832E+02  6.41959E+02  6.66260E+01 -8.71554E+01 -9.53927E+01  1.25371E+02 -9.28372E+00 -7.70383E+02 -8.40632E+00 -6.55177E-01  8.64425E+01  6.13178E+01 -7.10103E+01  3.50964E+02  2.60786E+03  2.37069E+02 -7.19942E+01 -4.13475E+02 -7.85774E+00 -4.92427E+02
 OMEGA(8,4)   -6.85510E+00 -1.56174E+01  2.29152E+01  1.78486E+01 -1.44380E+00 -8.93638E+00 -1.90869E+00 -4.80232E+00  4.85538E+02  0.00000E+00  2.40173E+02  5.52361E+01  1.34731E+02  1.09207E+02 -3.87068E+01 -5.15179E+01 -5.98170E+01 -4.23175E+02 -5.31431E+02 -2.93393E+02 -2.22327E+02 -8.61071E+01 -1.14197E+02 -1.31513E+01  1.23536E+02  2.96779E+01 -3.12719E+01 -2.00622E+00  6.73634E+01  3.14446E+02  5.03946E+01 -1.28746E+01 -8.79956E+01 -1.17462E+02 -1.31220E+02 -5.44960E+02 -1.40381E+01  1.29638E+02 -1.49855E+02 -7.55523E+01 -8.76573E+01  2.37069E+02  1.54861E+03  1.54569E+02 -2.00067E+02  5.75069E+02 -3.45707E+02
 OMEGA(8,5)   -3.65386E+00  8.47873E+00 -5.60383E-01  9.47710E+00 -1.46247E+01 -4.82877E+00  8.23320E+00 -1.37319E+00 -5.13896E+02  0.00000E+00 -3.22003E+02  7.13369E+01  2.18498E+02  1.96118E+02  5.00191E+01  7.46352E+01 -2.87943E+01 -1.55627E+01 -4.35966E+01 -4.20529E+01 -4.72685E+01 -6.09371E+02 -8.36945E+02 -3.47531E+02 -2.54664E+02  2.45300E+02 -2.62890E+02 -3.98263E+02 -1.18891E+02 -4.01299E+01  5.53795E+02  1.57018E+02  1.54662E+02  2.34400E+02  5.76085E+01 -5.81115E+01 -6.57175E+02 -2.46231E+02  6.54155E+01 -3.77495E+02 -5.17594E+02 -7.19942E+01  1.54569E+02  1.92181E+03  6.61725E+02 -3.24618E+02  2.97943E+02
 OMEGA(8,6)    2.29516E+00  1.90024E+01  3.21385E+00  2.14200E+00 -1.47782E+01 -1.31572E+01  7.37858E+00 -8.77562E+00 -9.30083E+02  0.00000E+00 -7.32050E+02  1.04546E+01  1.30063E+02  1.74943E+02  1.49161E+02  2.17172E+02  3.48573E+01  4.50687E+01  7.21515E+01  7.38984E+01 -1.00309E+01 -1.96061E+02 -3.44125E+02 -1.84736E+02 -8.84937E+01  1.23195E+02 -5.60828E+02 -8.03127E+02 -4.24690E+02 -2.57702E+02  4.06497E+02  3.79044E+02  1.08458E+02  2.24734E+02  1.46390E+02  4.02935E+01 -2.25603E+02 -6.02068E+02  7.65669E+01 -2.77723E+02 -6.12538E+02 -4.13475E+02 -2.00067E+02  6.61725E+02  1.80406E+03 -4.49855E+02  5.96611E+02
 OMEGA(8,7)    2.13626E+01  4.20090E+01  7.48967E+00  1.94613E+00 -5.83628E+00  6.06017E+00  3.85087E+00 -3.07564E+01  9.06526E+02  0.00000E+00  5.52777E+01 -2.49246E+01 -2.17910E+02 -2.46795E+02 -1.06361E+01 -5.01540E+01  4.74906E+01 -1.53553E+02 -2.62298E+02 -5.28850E+01 -3.60710E+01  1.01907E+02  1.73767E+02  2.81473E+01  6.89154E+01 -3.96942E+01  1.33067E+02  2.81870E+02  6.29642E+00  1.40020E+02 -9.30953E+01 -5.32322E+01 -5.53277E+02 -8.05376E+02 -2.68044E+02 -4.12748E+02  2.62851E+02  4.69794E+02 -5.63372E+02  3.48772E+02  8.92297E+02 -7.85774E+00  5.75069E+02 -3.24618E+02 -4.49855E+02  1.98990E+03 -7.54512E+02
 OMEGA(8,8)    1.53528E+00  2.26354E+00 -6.53517E+00 -6.97815E+00 -1.25207E+01 -1.01316E+01  5.56489E+00 -1.12549E+01 -3.53172E+02  0.00000E+00 -1.04038E+02  9.03550E+01  2.90875E+02  2.33717E+02  1.58553E+02  2.11098E+02  4.05233E+01  1.01940E+02  1.23305E+02  8.81582E+01 -1.15337E+01 -9.24883E+01 -1.54330E+02 -7.44613E+01 -4.13965E+01  1.50363E+01 -1.90973E+02 -3.05733E+02 -1.25337E+02 -6.31141E+01  9.53740E+01  7.83202E+01  2.41470E+02  3.22127E+02  1.46867E+02  8.15149E+01 -9.11195E+01 -1.71483E+02  1.05723E+02 -7.30273E+02 -1.01405E+03 -4.92427E+02 -3.45707E+02  2.97943E+02  5.96611E+02 -7.54512E+02  1.20205E+03
