TABLE NO.     1: MCMC Bayesian Analysis: Problem=1 Subproblem=0 Superproblem1=0 Iteration1=0 Superproblem2=0 Iteration2=0
 NAME         THETA1       THETA2       THETA3       THETA4       THETA5       THETA6       THETA7       THETA8       SIGMA(1,1)   SIGMA(2,1)   SIGMA(2,2)   OMEGA(1,1)   OMEGA(2,1)   OMEGA(2,2)   OMEGA(3,1)   OMEGA(3,2)   OMEGA(3,3)   OMEGA(4,1)   OMEGA(4,2)   OMEGA(4,3)   OMEGA(4,4)   OMEGA(5,1)   OMEGA(5,2)   OMEGA(5,3)   OMEGA(5,4)   OMEGA(5,5)   OMEGA(6,1)   OMEGA(6,2)   OMEGA(6,3)   OMEGA(6,4)   OMEGA(6,5)   OMEGA(6,6)   OMEGA(7,1)   OMEGA(7,2)   OMEGA(7,3)   OMEGA(7,4)   OMEGA(7,5)   OMEGA(7,6)   OMEGA(7,7)   OMEGA(8,1)   OMEGA(8,2)   OMEGA(8,3)   OMEGA(8,4)   OMEGA(8,5)   OMEGA(8,6)   OMEGA(8,7)   OMEGA(8,8)
 THETA1        7.53316E-02 -1.33231E-01  1.66073E-01  1.12586E-01  9.40637E-02 -7.88146E-02  1.20483E-01  3.49108E-01  3.84645E-03  0.00000E+00  1.38109E-02 -1.41487E-02  1.01687E-02 -1.28065E-02  1.12887E-03 -1.46997E-02  2.99848E-02  2.05440E-02 -7.32686E-04 -1.70684E-02 -1.83843E-02 -1.60608E-02 -7.41801E-04 -6.39684E-03  1.16639E-02 -1.43348E-02  1.29936E-02 -1.53313E-02  2.88966E-02  5.01439E-03 -5.67365E-03  5.45480E-03  6.70711E-03 -7.01975E-03  1.94943E-02  1.05066E-02 -1.63901E-03  4.37300E-03  1.05672E-02  1.28062E-02 -5.57591E-03 -8.59508E-03  7.72162E-03  3.14614E-03  2.21456E-03  1.06965E-03  5.80909E-03
 THETA2       -1.33231E-01  7.41633E-02 -1.66548E-02  2.07580E-01  5.35837E-02 -3.81862E-02 -2.21689E-01  2.37469E-01 -1.38201E-02  0.00000E+00  1.20144E-02  3.25207E-04  5.67401E-02 -1.69065E-01  1.46518E-02  7.66706E-02  1.22610E-02 -1.70160E-02 -1.18705E-01  1.70007E-02  1.59474E-02  1.86660E-02  6.38859E-03 -1.03286E-03 -9.68823E-03  7.06750E-03  3.58639E-03 -2.48009E-03  6.31510E-03  1.21387E-02 -1.17307E-02  1.31562E-02 -1.30584E-02  1.76228E-01 -1.35837E-02 -9.59660E-03 -5.31010E-03 -1.56987E-02 -1.56931E-02 -1.08367E-02  1.70121E-02  1.37496E-02 -4.83044E-04 -5.75228E-03 -2.23416E-02 -1.41043E-02  8.29838E-03
 THETA3        1.66073E-01 -1.66548E-02  5.89613E-02  2.65464E-02  5.69880E-03  3.53845E-02  1.62228E-01  2.40423E-01 -6.45736E-03  0.00000E+00 -2.68982E-02 -1.78830E-02 -3.11819E-03  1.38607E-02  3.85810E-02  3.22501E-02 -6.48659E-02 -2.69397E-02  2.58324E-02  1.10595E-01  7.82461E-02 -8.46652E-03 -1.80186E-02 -3.51932E-02 -6.79763E-03 -2.35076E-02 -5.29077E-03  1.12104E-03  2.40072E-02 -8.88801E-03  2.71972E-02 -2.63695E-03  5.31464E-03 -3.67461E-02 -3.14264E-02 -3.86373E-02 -7.91688E-03  2.42881E-02  1.36408E-02 -1.49093E-02  6.82803E-03  3.53761E-02 -4.58456E-04 -1.81916E-02 -1.16325E-03 -1.15285E-02  1.02700E-02
 THETA4        1.12586E-01  2.07580E-01  2.65464E-02  7.37639E-02 -1.14828E-01  5.88254E-02 -2.74285E-01  1.92583E-01 -2.22371E-02  0.00000E+00  2.77175E-03 -5.09114E-03  1.20574E-02  1.65913E-03  1.17441E-02  2.71251E-02 -2.82341E-02 -1.57377E-03  5.81992E-03  3.26476E-02  3.57144E-02 -2.08137E-03  5.84337E-03 -1.53746E-02  1.07879E-02  3.47909E-03  4.20675E-03 -3.58206E-03  4.52559E-03  2.52562E-03  2.15023E-03  7.35569E-03 -2.35214E-04  7.15906E-04 -1.63891E-02 -2.96796E-02  6.36043E-03 -1.14982E-03  2.37224E-02 -1.32593E-02  1.66103E-02  3.00230E-02 -1.23597E-02 -1.01109E-02 -7.36476E-03  4.40721E-03  1.93942E-02
 THETA5        9.40637E-02  5.35837E-02  5.69880E-03 -1.14828E-01  6.59878E-02 -2.41139E-01  1.23401E-01  4.73017E-02 -1.11431E-02  0.00000E+00  4.30338E-03  4.16256E-03 -5.28352E-03  6.92736E-03  1.38378E-02 -7.88451E-03 -3.97062E-03 -2.22944E-03  9.90772E-03  4.99078E-03  2.14598E-02  6.61917E-03  1.50997E-02  3.13478E-03  4.47143E-03 -1.15142E-02  1.35529E-02 -5.56465E-03 -1.42755E-03  1.87422E-03  4.06683E-03  2.12044E-02  1.74902E-02 -1.44295E-02  1.64922E-03 -6.25729E-03 -1.33059E-02  2.05411E-03  5.18175E-03  1.77205E-03  2.77607E-03 -1.26052E-03  1.01121E-02  1.73125E-02 -5.30091E-04  1.15696E-02  1.47715E-02
 THETA6       -7.88146E-02 -3.81862E-02  3.53845E-02  5.88254E-02 -2.41139E-01  7.52450E-02  1.54885E-02 -2.04851E-01  8.57350E-03  0.00000E+00 -1.96464E-02  5.92319E-03 -1.60013E-02  3.04553E-02 -9.98632E-03 -9.57399E-03 -5.24109E-03 -1.75822E-02  1.24962E-02 -3.08355E-03  1.00644E-02  2.69137E-02  6.58006E-03  2.88592E-03  2.20889E-02 -2.68650E-02  1.12948E-02  3.85090E-03 -7.36686E-03  2.51718E-02  9.05275E-03  3.93079E-03  2.23611E-03 -1.42110E-02 -5.14179E-03  4.05735E-05  1.16271E-03 -1.60689E-02  6.68394E-03  2.51886E-03  4.26022E-04  4.72049E-04  6.39744E-03  1.17088E-02  1.01818E-02 -7.75667E-03  5.40026E-03
 THETA7        1.20483E-01 -2.21689E-01  1.62228E-01 -2.74285E-01  1.23401E-01  1.54885E-02  6.97275E-02  2.45382E-01  2.28219E-02  0.00000E+00 -1.92574E-02 -2.61430E-04  1.44030E-03  2.19504E-02 -1.21681E-02 -5.32550E-03  9.71434E-04  3.16858E-02  3.67215E-03 -9.89156E-04 -1.67418E-03 -5.92035E-04  8.90655E-03  4.71999E-03 -6.84269E-03 -6.73094E-03 -4.29270E-03 -6.15957E-03 -2.12132E-03  9.71397E-03  1.63538E-03 -8.93936E-04 -9.52058E-03 -1.17460E-03 -1.14937E-02  1.65970E-02 -6.73570E-03  1.25546E-02 -1.86944E-02 -7.76062E-03  1.42622E-02 -1.43528E-02  1.33799E-02 -7.60861E-04  6.05275E-03 -2.44111E-03 -3.03651E-03
 THETA8        3.49108E-01  2.37469E-01  2.40423E-01  1.92583E-01  4.73017E-02 -2.04851E-01  2.45382E-01  7.03859E-02 -1.05651E-02  0.00000E+00 -3.80456E-03 -3.41867E-04 -3.56016E-03  1.80866E-02  2.31879E-02 -5.26413E-03  1.35740E-02  2.25818E-02  1.01613E-02  2.31430E-02  3.01871E-03  1.01824E-02 -5.57953E-03  4.43743E-03 -5.30704E-03  3.87790E-03 -3.33766E-03 -3.10257E-03  1.25725E-02  8.39842E-03  1.39862E-03 -1.07276E-03  1.57382E-03 -1.74927E-02  3.91686E-03  3.06406E-03 -1.87852E-04  8.01846E-03  2.52596E-03 -2.09309E-03  4.72645E-04  1.70665E-02  1.20637E-02 -4.57121E-03 -2.15923E-03  1.77110E-02  2.24721E-02
 SIGMA(1,1)    3.84645E-03 -1.38201E-02 -6.45736E-03 -2.22371E-02 -1.11431E-02  8.57350E-03  2.28219E-02 -1.05651E-02  6.23641E-04  0.00000E+00 -2.97155E-02  6.68875E-03  1.56554E-02 -5.86578E-03  9.54095E-03 -3.68614E-02  3.60862E-03 -6.80227E-03  2.11725E-03 -2.61465E-02 -2.05808E-02  3.37631E-03  1.49866E-02  7.86495E-03  1.81275E-03  4.34727E-04  5.66271E-03 -8.02434E-03 -2.59329E-02  1.41423E-02 -2.02740E-03  1.18029E-02 -1.61904E-02 -1.11203E-02  3.73455E-02 -2.17165E-02  7.31972E-03  1.71876E-03  1.14256E-02  9.24219E-03  6.56450E-03 -4.17457E-03 -1.70643E-02  1.47129E-02  4.93556E-04 -1.36808E-02  1.65420E-03
 SIGMA(2,1)    0.00000E+00  0.00000E+00  0.00000E+00  0.00000E+00  0.00000E+00  0.00000E+00  0.00000E+00  0.00000E+00  0.00000E+00  0.00000E+00  0.00000E+00  0.00000E+00  0.00000E+00  0.00000E+00  0.00000E+00  0.00000E+00  0.00000E+00  0.00000E+00  0.00000E+00  0.00000E+00  0.00000E+00  0.00000E+00  0.00000E+00  0.00000E+00  0.00000E+00  0.00000E+00  0.00000E+00  0.00000E+00  0.00000E+00  0.00000E+00  0.00000E+00  0.00000E+00  0.00000E+00  0.00000E+00  0.00000E+00  0.00000E+00  0.00000E+00  0.00000E+00  0.00000E+00  0.00000E+00  0.00000E+00  0.00000E+00  0.00000E+00  0.00000E+00  0.00000E+00  0.00000E+00  0.00000E+00
 SIGMA(2,2)    1.38109E-02  1.20144E-02 -2.68982E-02  2.77175E-03  4.30338E-03 -1.96464E-02 -1.92574E-02 -3.80456E-03 -2.97155E-02  0.00000E+00  1.18112E-03  3.31976E-03  7.37122E-03 -5.18426E-03  1.27088E-03  1.19154E-03 -1.07765E-03 -5.90128E-03 -2.19833E-02  2.03738E-03 -8.53019E-03 -9.44412E-03  6.17746E-03 -3.69396E-02  1.65935E-03 -1.27391E-02 -1.34419E-02 -5.09732E-03  1.19296E-02 -1.19566E-02 -3.55943E-03 -3.90793E-02  4.84322E-03  2.80948E-02 -1.60375E-02  8.90114E-03 -1.19284E-02  1.66916E-03 -1.87664E-02  1.13484E-02  1.35828E-03 -2.31705E-02 -9.39748E-03 -3.84909E-03  1.81600E-02  2.21907E-03 -8.55581E-03
 OMEGA(1,1)   -1.41487E-02  3.25207E-04 -1.78830E-02 -5.09114E-03  4.16256E-03  5.92319E-03 -2.61430E-04 -3.41867E-04  6.68875E-03  0.00000E+00  3.31976E-03  5.91413E-02 -2.00774E-01  5.85308E-02  2.55244E-01 -5.16509E-02  3.72677E-02  1.31447E-01 -1.02880E-02  1.70636E-02  2.49967E-02  1.55150E-01 -1.65719E-02  2.50413E-02  1.08398E-02  4.56466E-02 -1.10911E-01  3.61513E-02 -1.27457E-02 -2.75554E-02 -1.05370E-02  2.30557E-02  1.76846E-01 -3.48390E-02  2.94089E-02  1.05845E-02  3.82876E-02  6.41311E-03  3.07758E-02  4.86848E-01 -6.76907E-02  8.24882E-02  5.40331E-02  6.92856E-02 -3.49987E-02  6.36829E-02  1.45713E-01
 OMEGA(2,1)    1.01687E-02  5.67401E-02 -3.11819E-03  1.20574E-02 -5.28352E-03 -1.60013E-02  1.44030E-03 -3.56016E-03  1.56554E-02  0.00000E+00  7.37122E-03 -2.00774E-01  3.96398E-02 -2.80929E-01 -7.29239E-02  2.04310E-01 -4.02768E-03  2.04623E-01 -9.46014E-03  3.05346E-02  1.84474E-02  2.90836E-02  9.82515E-02 -2.93984E-02  2.49832E-02 -1.69394E-02 -2.92197E-02 -7.45235E-02  5.00303E-03 -1.21709E-02  7.07485E-03  1.05990E-03 -2.60280E-01  1.99598E-01 -4.86805E-02  1.57501E-02 -3.17888E-02  2.19325E-02 -4.66716E-02  1.96225E-01  2.91202E-01  2.35612E-02  9.49708E-02  3.60424E-02 -2.25123E-02 -5.49708E-02  1.31822E-01
 OMEGA(2,2)   -1.28065E-02 -1.69065E-01  1.38607E-02  1.65913E-03  6.92736E-03  3.04553E-02  2.19504E-02  1.80866E-02 -5.86578E-03  0.00000E+00 -5.18426E-03  5.85308E-02 -2.80929E-01  5.34083E-02  1.95316E-02 -8.68533E-02  4.12559E-03 -5.21208E-02  3.70280E-01  3.12833E-03  6.22326E-02 -3.48170E-03  6.07569E-02  9.94694E-03  1.48894E-02  2.52825E-02  1.50036E-02 -5.42656E-04 -1.37679E-02 -5.04562E-03  2.14375E-02  4.89269E-03  6.28389E-02 -3.75016E-01  8.70243E-03 -7.67340E-02  4.81291E-03 -9.86035E-03  7.65439E-02 -3.24225E-02  3.62462E-01  1.99359E-02  7.12216E-02  1.05534E-02 -1.08802E-02 -5.22834E-02  9.60163E-02
 OMEGA(3,1)    1.12887E-03  1.46518E-02  3.85810E-02  1.17441E-02  1.38378E-02 -9.98632E-03 -1.21681E-02  2.31879E-02  9.54095E-03  0.00000E+00  1.27088E-03  2.55244E-01 -7.29239E-02  1.95316E-02  3.21274E-02 -1.12216E-01  2.76930E-01 -4.76019E-03  2.08702E-02  1.64968E-01  8.72835E-03  2.80305E-02 -5.87332E-03  1.07619E-01 -6.11314E-03  7.63042E-03  2.03279E-02 -1.00288E-03 -6.47973E-02 -1.52200E-03  1.30746E-02  7.40956E-03  1.79440E-01 -3.99575E-02  9.61632E-02  1.89089E-02  1.86704E-02  9.27894E-03  2.08037E-02  2.75642E-01 -4.63036E-02  4.18690E-01  4.40210E-02  4.13596E-02 -2.16093E-02  7.86655E-02  1.28194E-01
 OMEGA(3,2)   -1.46997E-02  7.66706E-02  3.22501E-02  2.71251E-02 -7.88451E-03 -9.57399E-03 -5.32550E-03 -5.26413E-03 -3.68614E-02  0.00000E+00  1.19154E-03 -5.16509E-02  2.04310E-01 -8.68533E-02 -1.12216E-01  2.84781E-02 -1.47952E-02  5.72437E-02 -5.94573E-02  2.32024E-01  7.37031E-03 -8.17118E-03  3.10109E-02  6.34001E-02  7.85169E-03 -7.58462E-03 -8.31110E-03  4.89270E-02  7.66757E-03  2.09196E-02 -1.25847E-02 -1.16394E-03 -6.66293E-02  1.97364E-01 -2.38341E-01  2.55557E-02  5.00964E-03 -1.68264E-02 -4.14478E-02  7.14126E-04  2.15755E-01  3.04196E-01  5.18810E-02  2.73883E-02  1.31920E-02 -1.22466E-02  8.85554E-02
 OMEGA(3,3)    2.99848E-02  1.22610E-02 -6.48659E-02 -2.82341E-02 -3.97062E-03 -5.24109E-03  9.71434E-04  1.35740E-02  3.60862E-03  0.00000E+00 -1.07765E-03  3.72677E-02 -4.02768E-03  4.12559E-03  2.76930E-01 -1.47952E-02  3.44578E-02  2.51524E-02 -2.54995E-03 -6.88356E-02 -2.21790E-02  1.62544E-02  1.55355E-02  2.85857E-02  7.32981E-03  2.90104E-02  1.04148E-02  4.21561E-03  6.67245E-02 -1.69468E-02  1.07352E-02  3.90539E-03  5.00069E-02  9.83585E-04  2.18157E-01  7.42575E-03 -1.31083E-02  3.30677E-02  4.18281E-02  6.31197E-02  6.00099E-03  3.39829E-01  2.27754E-02  1.70313E-02  2.38000E-02  5.10782E-02  6.84547E-02
 OMEGA(4,1)    2.05440E-02 -1.70160E-02 -2.69397E-02 -1.57377E-03 -2.22944E-03 -1.75822E-02  3.16858E-02  2.25818E-02 -6.80227E-03  0.00000E+00 -5.90128E-03  1.31447E-01  2.04623E-01 -5.21208E-02 -4.76019E-03  5.72437E-02  2.51524E-02  3.99601E-02 -1.15030E-01  1.55989E-01  1.43179E-01 -1.33028E-01  5.98197E-02 -3.58725E-02  8.98722E-02 -3.69861E-02  4.05665E-02 -1.20562E-02  9.30763E-03 -7.77134E-02  3.78570E-02 -2.51871E-02 -2.66820E-01  6.67075E-02 -6.42879E-02  6.74854E-02 -3.78802E-02  1.41307E-02 -4.40756E-02  2.02549E-01  6.33953E-02  2.96474E-02  3.68354E-01 -2.68156E-02  1.26537E-02 -8.24171E-02  1.07954E-01
 OMEGA(4,2)   -7.32686E-04 -1.18705E-01  2.58324E-02  5.81992E-03  9.90772E-03  1.24962E-02  3.67215E-03  1.01613E-02  2.11725E-03  0.00000E+00 -2.19833E-02 -1.02880E-02 -9.46014E-03  3.70280E-01  2.08702E-02 -5.94573E-02 -2.54995E-03 -1.15030E-01  3.93200E-02  7.25182E-03  2.83793E-01  3.54580E-02 -1.42714E-01  7.68888E-03  3.01167E-02  1.53857E-03 -1.36696E-02  4.24101E-02 -1.02740E-03 -1.54612E-02  7.97910E-03  6.95573E-03  2.06188E-02 -3.93630E-01 -5.59513E-04 -2.58101E-01  2.18603E-02  7.75670E-03  9.10362E-02  2.96257E-03  2.02133E-01  1.34430E-02  3.05667E-01 -2.13745E-02  9.96996E-03 -1.10557E-01  8.60376E-02
 OMEGA(4,3)   -1.70684E-02  1.70007E-02  1.10595E-01  3.26476E-02  4.99078E-03 -3.08355E-03 -9.89156E-04  2.31430E-02 -2.61465E-02  0.00000E+00  2.03738E-03  1.70636E-02  3.05346E-02  3.12833E-03  1.64968E-01  2.32024E-01 -6.88356E-02  1.55989E-01  7.25182E-03  3.17454E-02  4.81244E-03 -1.68723E-02 -5.33487E-03 -1.51813E-01  6.20546E-03 -3.85128E-02  5.65556E-03 -6.51466E-03  7.02782E-02  5.36737E-02  2.07390E-02 -6.47663E-04 -1.89406E-02  7.10035E-03 -3.13485E-01  1.39136E-01 -1.31180E-02 -2.33972E-02 -5.04357E-02  4.73670E-02  5.22183E-02  2.01811E-01  2.30313E-01 -2.22641E-02  1.45631E-03 -4.72214E-02  5.28585E-02
 OMEGA(4,4)   -1.83843E-02  1.59474E-02  7.82461E-02  3.57144E-02  2.14598E-02  1.00644E-02 -1.67418E-03  3.01871E-03 -2.05808E-02  0.00000E+00 -8.53019E-03  2.49967E-02  1.84474E-02  6.22326E-02  8.72835E-03  7.37031E-03 -2.21790E-02  1.43179E-01  2.83793E-01  4.81244E-03  5.73126E-02 -1.78782E-02 -3.50285E-02 -2.27782E-02 -1.89287E-01  3.57093E-02  1.22919E-03  1.67034E-02 -4.37134E-03  8.11871E-02 -2.15771E-02  3.40831E-02 -2.35250E-02 -7.91359E-02 -6.03067E-03 -3.94967E-01  6.09133E-02 -1.47850E-02  1.11505E-01  3.11398E-02  5.97604E-02  1.32812E-02  2.58652E-01 -3.09656E-02  8.87159E-03 -6.63511E-02  7.02324E-02
 OMEGA(5,1)   -1.60608E-02  1.86660E-02 -8.46652E-03 -2.08137E-03  6.61917E-03  2.69137E-02 -5.92035E-04  1.01824E-02  3.37631E-03  0.00000E+00 -9.44412E-03  1.55150E-01  2.90836E-02 -3.48170E-03  2.80305E-02 -8.17118E-03  1.62544E-02 -1.33028E-01  3.54580E-02 -1.68723E-02 -1.78782E-02  3.65770E-02 -1.42225E-01  1.66110E-01  1.02545E-01  1.51069E-01 -2.51264E-01  3.20615E-02 -3.04376E-02 -7.61327E-03 -1.15099E-01  4.28755E-02  1.34771E-01 -2.05099E-02  2.44997E-02 -8.70763E-03  1.32155E-01 -2.45217E-02  3.70506E-02  8.45529E-02  9.77129E-03  2.73976E-03 -3.95257E-02  3.71547E-01 -9.11022E-02  4.33481E-02  2.73974E-02
 OMEGA(5,2)   -7.41801E-04  6.38859E-03 -1.80186E-02  5.84337E-03  1.50997E-02  6.58006E-03  8.90655E-03 -5.57953E-03  1.49866E-02  0.00000E+00  6.17746E-03 -1.65719E-02  9.82515E-02  6.07569E-02 -5.87332E-03  3.10109E-02  1.55355E-02  5.98197E-02 -1.42714E-01 -5.33487E-03 -3.50285E-02 -1.42225E-01  3.26846E-02 -2.35367E-02  2.05305E-01  8.71769E-02  2.04174E-02 -2.62154E-01  1.40944E-02 -3.01266E-02 -1.98429E-02  1.35532E-03 -5.11409E-02  1.28319E-01 -4.02359E-03  5.04221E-02 -2.09434E-01  5.13236E-02 -3.43257E-02  2.75124E-02  5.98601E-02 -1.04060E-03 -2.89904E-02  2.85431E-01 -6.13748E-02  3.26220E-02  1.79881E-02
 OMEGA(5,3)   -6.39684E-03 -1.03286E-03 -3.51932E-02 -1.53746E-02  3.13478E-03  2.88592E-03  4.71999E-03  4.43743E-03  7.86495E-03  0.00000E+00 -3.69396E-02  2.50413E-02 -2.93984E-02  9.94694E-03  1.07619E-01  6.34001E-02  2.85857E-02 -3.58725E-02  7.68888E-03 -1.51813E-01 -2.27782E-02  1.66110E-01 -2.35367E-02  2.74874E-02 -1.36416E-02  4.99269E-03 -2.18104E-02 -1.79802E-02 -2.84017E-01 -2.85280E-02  5.12726E-02 -5.99261E-03  4.49785E-02  7.51124E-03  1.16705E-01 -1.93482E-02  1.64254E-01 -1.54005E-02  2.22064E-02  2.31595E-02  8.30751E-03  2.98606E-02 -3.05306E-02  2.30021E-01 -6.45853E-02  3.17477E-02  1.37008E-02
 OMEGA(5,4)    1.16639E-02 -9.68823E-03 -6.79763E-03  1.07879E-02  4.47143E-03  2.20889E-02 -6.84269E-03 -5.30704E-03  1.81275E-03  0.00000E+00  1.65935E-03  1.08398E-02  2.49832E-02  1.48894E-02 -6.11314E-03  7.85169E-03  7.32981E-03  8.98722E-02  3.01167E-02  6.20546E-03 -1.89287E-01  1.02545E-01  2.05305E-01 -1.36416E-02  3.48581E-02 -1.90447E-01 -2.53806E-02 -1.24090E-02  2.71012E-04 -2.53826E-01  8.61694E-02 -3.35239E-02 -1.15694E-02  1.63792E-02  3.05503E-03  1.44777E-01 -2.85995E-01  5.58852E-02 -4.29266E-02  3.05774E-02  8.78054E-03  2.60000E-03  6.12512E-03  1.83098E-01 -2.92654E-02  3.59289E-02  1.55789E-02
 OMEGA(5,5)   -1.43348E-02  7.06750E-03 -2.35076E-02  3.47909E-03 -1.15142E-02 -2.68650E-02 -6.73094E-03  3.87790E-03  4.34727E-04  0.00000E+00 -1.27391E-02  4.56466E-02 -1.69394E-02  2.52825E-02  7.63042E-03 -7.58462E-03  2.90104E-02 -3.69861E-02  1.53857E-03 -3.85128E-02  3.57093E-02  1.51069E-01  8.71769E-02  4.99269E-03 -1.90447E-01  4.44083E-02 -4.13902E-02 -2.77629E-02 -1.13014E-02  5.72913E-02 -3.67829E-01  6.76161E-02  1.30398E-02 -7.03726E-03  1.83200E-02 -3.62170E-02  1.62296E-01 -2.85553E-02  3.84763E-02  2.19829E-02  5.76839E-03  8.90634E-03 -1.29934E-02  4.71741E-02 -3.53439E-02  1.48213E-02  3.20902E-02
 OMEGA(6,1)    1.29936E-02  3.58639E-03 -5.29077E-03  4.20675E-03  1.35529E-02  1.12948E-02 -4.29270E-03 -3.33766E-03  5.66271E-03  0.00000E+00 -1.34419E-02 -1.10911E-01 -2.92197E-02  1.50036E-02  2.03279E-02 -8.31110E-03  1.04148E-02  4.05665E-02 -1.36696E-02  5.65556E-03  1.22919E-03 -2.51264E-01  2.04174E-02 -2.18104E-02 -2.53806E-02 -4.13902E-02  3.97766E-02 -1.40012E-01  1.82620E-01  9.28935E-02  1.39714E-01 -9.66280E-02 -3.34651E-03  1.52333E-02  5.23900E-03  1.40681E-03 -2.52176E-02  1.12734E-01 -1.43189E-02 -2.34679E-01  3.51447E-02 -2.75482E-02  1.87745E-02 -1.24915E-01  3.77142E-01 -3.79017E-02 -1.13605E-01
 OMEGA(6,2)   -1.53313E-02 -2.48009E-03  1.12104E-03 -3.58206E-03 -5.56465E-03  3.85090E-03 -6.15957E-03 -3.10257E-03 -8.02434E-03  0.00000E+00 -5.09732E-03  3.61513E-02 -7.45235E-02 -5.42656E-04 -1.00288E-03  4.89270E-02  4.21561E-03 -1.20562E-02  4.24101E-02 -6.51466E-03  1.67034E-02  3.20615E-02 -2.62154E-01 -1.79802E-02 -1.24090E-02 -2.77629E-02 -1.40012E-01  3.75355E-02 -2.04042E-02  1.86977E-01  6.64619E-02 -1.91941E-02  3.17686E-02 -8.06368E-03  6.89470E-03  2.57395E-02  2.96239E-02 -2.52693E-01 -1.02650E-02  3.11523E-02 -2.32516E-01  1.57170E-02 -1.67148E-02 -6.74127E-02  2.88239E-01  6.15448E-02 -6.34275E-02
 OMEGA(6,3)    2.88966E-02  6.31510E-03  2.40072E-02  4.52559E-03 -1.42755E-03 -7.36686E-03 -2.12132E-03  1.25725E-02 -2.59329E-02  0.00000E+00  1.19296E-02 -1.27457E-02  5.00303E-03 -1.37679E-02 -6.47973E-02  7.66757E-03  6.67245E-02  9.30763E-03 -1.02740E-03  7.02782E-02 -4.37134E-03 -3.04376E-02  1.40944E-02 -2.84017E-01  2.71012E-04 -1.13014E-02  1.82620E-01 -2.04042E-02  2.92715E-02 -1.16546E-02  5.58523E-03  8.45767E-02 -3.46411E-03  1.96191E-02 -1.35830E-02  1.23215E-02 -4.71294E-02  1.34091E-01 -1.30493E-02 -4.45418E-02  1.45896E-03 -1.88324E-01  2.08554E-02 -6.69874E-02  2.32791E-01 -2.28459E-02 -7.22399E-02
 OMEGA(6,4)    5.01439E-03  1.21387E-02 -8.88801E-03  2.52562E-03  1.87422E-03  2.51718E-02  9.71397E-03  8.39842E-03  1.41423E-02  0.00000E+00 -1.19566E-02 -2.75554E-02 -1.21709E-02 -5.04562E-03 -1.52200E-03  2.09196E-02 -1.69468E-02 -7.77134E-02 -1.54612E-02  5.36737E-02  8.11871E-02 -7.61327E-03 -3.01266E-02 -2.85280E-02 -2.53826E-01  5.72913E-02  9.28935E-02  1.86977E-01 -1.16546E-02  3.95090E-02 -1.71407E-01  9.82366E-02  1.20502E-02  3.06524E-02 -3.79703E-02  1.16362E-02  4.60580E-02 -2.88382E-01 -1.94182E-02 -3.95064E-02 -3.38527E-02  7.50918E-03 -1.75250E-01 -5.93859E-03  1.55730E-01  4.31511E-02 -5.61358E-02
 OMEGA(6,5)   -5.67365E-03 -1.17307E-02  2.71972E-02  2.15023E-03  4.06683E-03  9.05275E-03  1.63538E-03  1.39862E-03 -2.02740E-03  0.00000E+00 -3.55943E-03 -1.05370E-02  7.07485E-03  2.14375E-02  1.30746E-02 -1.25847E-02  1.07352E-02  3.78570E-02  7.97910E-03  2.07390E-02 -2.15771E-02 -1.15099E-01 -1.98429E-02  5.12726E-02  8.61694E-02 -3.67829E-01  1.39714E-01  6.64619E-02  5.58523E-03 -1.71407E-01  3.59574E-02 -3.82853E-01 -9.06895E-03 -6.36823E-03  1.07524E-02  1.35745E-02 -1.81196E-02  1.25730E-01 -1.78976E-02 -2.09897E-02  1.62680E-03  6.53355E-03  3.82642E-02 -2.22733E-01  8.47277E-02 -3.54815E-02 -9.54650E-03
 OMEGA(6,6)    5.45480E-03  1.31562E-02 -2.63695E-03  7.35569E-03  2.12044E-02  3.93079E-03 -8.93936E-04 -1.07276E-03  1.18029E-02  0.00000E+00 -3.90793E-02  2.30557E-02  1.05990E-03  4.89269E-03  7.40956E-03 -1.16394E-03  3.90539E-03 -2.51871E-02  6.95573E-03 -6.47663E-04  3.40831E-02  4.28755E-02  1.35532E-03 -5.99261E-03 -3.35239E-02  6.76161E-02 -9.66280E-02 -1.91941E-02  8.45767E-02  9.82366E-02 -3.82853E-01  5.65278E-02  2.00291E-03 -3.98455E-03 -6.80513E-04 -1.53315E-02  3.93097E-03 -2.00183E-02  3.50953E-02  1.54213E-02  2.72075E-02 -2.68702E-03 -2.35193E-02  7.68997E-02 -2.94557E-01  3.40614E-03  5.29003E-02
 OMEGA(7,1)    6.70711E-03 -1.30584E-02  5.31464E-03 -2.35214E-04  1.74902E-02  2.23611E-03 -9.52058E-03  1.57382E-03 -1.61904E-02  0.00000E+00  4.84322E-03  1.76846E-01 -2.60280E-01  6.28389E-02  1.79440E-01 -6.66293E-02  5.00069E-02 -2.66820E-01  2.06188E-02 -1.89406E-02 -2.35250E-02  1.34771E-01 -5.11409E-02  4.49785E-02 -1.15694E-02  1.30398E-02 -3.34651E-03  3.17686E-02 -3.46411E-03  1.20502E-02 -9.06895E-03  2.00291E-03  3.91552E-02 -1.66257E-01  1.83058E-01  7.01020E-02  1.27047E-01 -7.80704E-02  1.53408E-01  2.74427E-01 -1.24901E-01  9.43502E-02 -6.49970E-02  8.35675E-02 -1.59011E-02  3.66682E-01  1.11878E-01
 OMEGA(7,2)   -7.01975E-03  1.76228E-01 -3.67461E-02  7.15906E-04 -1.44295E-02 -1.42110E-02 -1.17460E-03 -1.74927E-02 -1.11203E-02  0.00000E+00  2.80948E-02 -3.48390E-02  1.99598E-01 -3.75016E-01 -3.99575E-02  1.97364E-01  9.83585E-04  6.67075E-02 -3.93630E-01  7.10035E-03 -7.91359E-02 -2.05099E-02  1.28319E-01  7.51124E-03  1.63792E-02 -7.03726E-03  1.52333E-02 -8.06368E-03  1.96191E-02  3.06524E-02 -6.36823E-03 -3.98455E-03 -1.66257E-01  3.87116E-02 -4.02956E-02  2.40034E-01  1.18844E-02 -2.69295E-02 -2.84995E-01 -2.44815E-02  2.03185E-01  2.14345E-02 -2.61759E-02  3.87389E-02  1.18179E-02  1.76375E-01  7.96103E-02
 OMEGA(7,3)    1.94943E-02 -1.35837E-02 -3.14264E-02 -1.63891E-02  1.64922E-03 -5.14179E-03 -1.14937E-02  3.91686E-03  3.73455E-02  0.00000E+00 -1.60375E-02  2.94089E-02 -4.86805E-02  8.70243E-03  9.61632E-02 -2.38341E-01  2.18157E-01 -6.42879E-02 -5.59513E-04 -3.13485E-01 -6.03067E-03  2.44997E-02 -4.02359E-03  1.16705E-01  3.05503E-03  1.83200E-02  5.23900E-03  6.89470E-03 -1.35830E-02 -3.79703E-02  1.07524E-02 -6.80513E-04  1.83058E-01 -4.02956E-02  2.95971E-02 -5.83824E-02  4.85719E-03  6.74263E-02  2.03027E-01  6.72761E-02 -6.01382E-02  2.39228E-01 -7.60179E-02  1.94700E-02  1.81250E-02  2.58182E-01  8.39490E-02
 OMEGA(7,4)    1.05066E-02 -9.59660E-03 -3.86373E-02 -2.96796E-02 -6.25729E-03  4.05735E-05  1.65970E-02  3.06406E-03 -2.17165E-02  0.00000E+00  8.90114E-03  1.05845E-02  1.57501E-02 -7.67340E-02  1.89089E-02  2.55557E-02  7.42575E-03  6.74854E-02 -2.58101E-01  1.39136E-01 -3.94967E-01 -8.70763E-03  5.04221E-02 -1.93482E-02  1.44777E-01 -3.62170E-02  1.40681E-03  2.57395E-02  1.23215E-02  1.16362E-02  1.35745E-02 -1.53315E-02  7.01020E-02  2.40034E-01 -5.83824E-02  3.89330E-02 -1.61988E-01  1.67563E-02 -4.00159E-01  4.23895E-02  1.30348E-02  1.14529E-02  1.72258E-01 -8.36695E-03  3.32280E-02  9.72859E-02  4.89921E-02
 OMEGA(7,5)   -1.63901E-03 -5.31010E-03 -7.91688E-03  6.36043E-03 -1.33059E-02  1.16271E-03 -6.73570E-03 -1.87852E-04  7.31972E-03  0.00000E+00 -1.19284E-02  3.82876E-02 -3.17888E-02  4.81291E-03  1.86704E-02  5.00964E-03 -1.31083E-02 -3.78802E-02  2.18603E-02 -1.31180E-02  6.09133E-02  1.32155E-01 -2.09434E-01  1.64254E-01 -2.85995E-01  1.62296E-01 -2.52176E-02  2.96239E-02 -4.71294E-02  4.60580E-02 -1.81196E-02  3.93097E-03  1.27047E-01  1.18844E-02  4.85719E-03 -1.61988E-01  3.35787E-02 -2.61582E-01  1.68658E-01  3.19319E-02  2.34244E-02 -1.68139E-03 -2.86272E-02  2.56996E-01 -9.04346E-02  5.12676E-02  2.26886E-02
 OMEGA(7,6)    4.37300E-03 -1.56987E-02  2.42881E-02 -1.14982E-03  2.05411E-03 -1.60689E-02  1.25546E-02  8.01846E-03  1.71876E-03  0.00000E+00  1.66916E-03  6.41311E-03  2.19325E-02 -9.86035E-03  9.27894E-03 -1.68264E-02  3.30677E-02  1.41307E-02  7.75670E-03 -2.33972E-02 -1.47850E-02 -2.45217E-02  5.13236E-02 -1.54005E-02  5.58852E-02 -2.85553E-02  1.12734E-01 -2.52693E-01  1.34091E-01 -2.88382E-01  1.25730E-01 -2.00183E-02 -7.80704E-02 -2.69295E-02  6.74263E-02  1.67563E-02 -2.61582E-01  3.71925E-02  1.18549E-02 -3.75389E-02  3.87650E-02 -1.63725E-02  6.29583E-02 -1.04361E-01  2.31949E-01 -2.11281E-01 -8.92376E-02
 OMEGA(7,7)    1.05672E-02 -1.56931E-02  1.36408E-02  2.37224E-02  5.18175E-03  6.68394E-03 -1.86944E-02  2.52596E-03  1.14256E-02  0.00000E+00 -1.87664E-02  3.07758E-02 -4.66716E-02  7.65439E-02  2.08037E-02 -4.14478E-02  4.18281E-02 -4.40756E-02  9.10362E-02 -5.04357E-02  1.11505E-01  3.70506E-02 -3.43257E-02  2.22064E-02 -4.29266E-02  3.84763E-02 -1.43189E-02 -1.02650E-02 -1.30493E-02 -1.94182E-02 -1.78976E-02  3.50953E-02  1.53408E-01 -2.84995E-01  2.03027E-01 -4.00159E-01  1.68658E-01  1.18549E-02  5.11736E-02  4.22243E-02 -5.11611E-02  5.92829E-02 -8.86076E-02  5.54944E-02 -2.60406E-02  3.42843E-01  8.67884E-02
 OMEGA(8,1)    1.28062E-02 -1.08367E-02 -1.49093E-02 -1.32593E-02  1.77205E-03  2.51886E-03 -7.76062E-03 -2.09309E-03  9.24219E-03  0.00000E+00  1.13484E-02  4.86848E-01  1.96225E-01 -3.24225E-02  2.75642E-01  7.14126E-04  6.31197E-02  2.02549E-01  2.96257E-03  4.73670E-02  3.11398E-02  8.45529E-02  2.75124E-02  2.31595E-02  3.05774E-02  2.19829E-02 -2.34679E-01  3.11523E-02 -4.45418E-02 -3.95064E-02 -2.09897E-02  1.54213E-02  2.74427E-01 -2.44815E-02  6.72761E-02  4.23895E-02  3.19319E-02 -3.75389E-02  4.22243E-02  4.07231E-02 -4.83604E-02  2.42637E-01  1.60609E-01  1.33457E-01 -1.35364E-01  1.82540E-01  4.78413E-01
 OMEGA(8,2)   -5.57591E-03  1.70121E-02  6.82803E-03  1.66103E-02  2.77607E-03  4.26022E-04  1.42622E-02  4.72645E-04  6.56450E-03  0.00000E+00  1.35828E-03 -6.76907E-02  2.91202E-01  3.62462E-01 -4.63036E-02  2.15755E-01  6.00099E-03  6.33953E-02  2.02133E-01  5.22183E-02  5.97604E-02  9.77129E-03  5.98601E-02  8.30751E-03  8.78054E-03  5.76839E-03  3.51447E-02 -2.32516E-01  1.45896E-03 -3.38527E-02  1.62680E-03  2.72075E-02 -1.24901E-01  2.03185E-01 -6.01382E-02  1.30348E-02  2.34244E-02  3.87650E-02 -5.11611E-02 -4.83604E-02  3.65777E-02  4.76772E-02  2.67976E-01  5.11590E-02 -5.55085E-02 -1.32407E-01  3.96350E-01
 OMEGA(8,3)   -8.59508E-03  1.37496E-02  3.53761E-02  3.00230E-02 -1.26052E-03  4.72049E-04 -1.43528E-02  1.70665E-02 -4.17457E-03  0.00000E+00 -2.31705E-02  8.24882E-02  2.35612E-02  1.99359E-02  4.18690E-01  3.04196E-01  3.39829E-01  2.96474E-02  1.34430E-02  2.01811E-01  1.32812E-02  2.73976E-03 -1.04060E-03  2.98606E-02  2.60000E-03  8.90634E-03 -2.75482E-02  1.57170E-02 -1.88324E-01  7.50918E-03  6.53355E-03 -2.68702E-03  9.43502E-02  2.14345E-02  2.39228E-01  1.14529E-02 -1.68139E-03 -1.63725E-02  5.92829E-02  2.42637E-01  4.76772E-02  2.98314E-02  2.31470E-02  1.15304E-02 -5.91009E-03  2.13775E-01  3.36166E-01
 OMEGA(8,4)    7.72162E-03 -4.83044E-04 -4.58456E-04 -1.23597E-02  1.01121E-02  6.39744E-03  1.33799E-02  1.20637E-02 -1.70643E-02  0.00000E+00 -9.39748E-03  5.40331E-02  9.49708E-02  7.12216E-02  4.40210E-02  5.18810E-02  2.27754E-02  3.68354E-01  3.05667E-01  2.30313E-01  2.58652E-01 -3.95257E-02 -2.89904E-02 -3.05306E-02  6.12512E-03 -1.29934E-02  1.87745E-02 -1.67148E-02  2.08554E-02 -1.75250E-01  3.82642E-02 -2.35193E-02 -6.49970E-02 -2.61759E-02 -7.60179E-02  1.72258E-01 -2.86272E-02  6.29583E-02 -8.86076E-02  1.60609E-01  2.67976E-01  2.31470E-02  3.80952E-02 -1.15099E-01  3.34641E-02 -2.31024E-01  2.72525E-01
 OMEGA(8,5)    3.14614E-03 -5.75228E-03 -1.81916E-02 -1.01109E-02  1.73125E-02  1.17088E-02 -7.60861E-04 -4.57121E-03  1.47129E-02  0.00000E+00 -3.84909E-03  6.92856E-02  3.60424E-02  1.05534E-02  4.13596E-02  2.73883E-02  1.70313E-02 -2.68156E-02 -2.13745E-02 -2.22641E-02 -3.09656E-02  3.71547E-01  2.85431E-01  2.30021E-01  1.83098E-01  4.71741E-02 -1.24915E-01 -6.74127E-02 -6.69874E-02 -5.93859E-03 -2.22733E-01  7.68997E-02  8.35675E-02  3.87389E-02  1.94700E-02 -8.36695E-03  2.56996E-01 -1.04361E-01  5.54944E-02  1.33457E-01  5.11590E-02  1.15304E-02 -1.15099E-01  3.34548E-02 -2.73251E-01  1.21973E-01  5.48221E-02
 OMEGA(8,6)    2.21456E-03 -2.23416E-02 -1.16325E-03 -7.36476E-03 -5.30091E-04  1.01818E-02  6.05275E-03 -2.15923E-03  4.93556E-04  0.00000E+00  1.81600E-02 -3.49987E-02 -2.25123E-02 -1.08802E-02 -2.16093E-02  1.31920E-02  2.38000E-02  1.26537E-02  9.96996E-03  1.45631E-03  8.87159E-03 -9.11022E-02 -6.13748E-02 -6.45853E-02 -2.92654E-02 -3.53439E-02  3.77142E-01  2.88239E-01  2.32791E-01  1.55730E-01  8.47277E-02 -2.94557E-01 -1.59011E-02  1.18179E-02  1.81250E-02  3.32280E-02 -9.04346E-02  2.31949E-01 -2.60406E-02 -1.35364E-01 -5.55085E-02 -5.91009E-03  3.34641E-02 -2.73251E-01  3.75423E-02 -4.38238E-02 -2.83410E-01
 OMEGA(8,7)    1.06965E-03 -1.41043E-02 -1.15285E-02  4.40721E-03  1.15696E-02 -7.75667E-03 -2.44111E-03  1.77110E-02 -1.36808E-02  0.00000E+00  2.21907E-03  6.36829E-02 -5.49708E-02 -5.22834E-02  7.86655E-02 -1.22466E-02  5.10782E-02 -8.24171E-02 -1.10557E-01 -4.72214E-02 -6.63511E-02  4.33481E-02  3.26220E-02  3.17477E-02  3.59289E-02  1.48213E-02 -3.79017E-02  6.15448E-02 -2.28459E-02  4.31511E-02 -3.54815E-02  3.40614E-03  3.66682E-01  1.76375E-01  2.58182E-01  9.72859E-02  5.12676E-02 -2.11281E-01  3.42843E-01  1.82540E-01 -1.32407E-01  2.13775E-01 -2.31024E-01  1.21973E-01 -4.38238E-02  3.69250E-02  3.36957E-01
 OMEGA(8,8)    5.80909E-03  8.29838E-03  1.02700E-02  1.93942E-02  1.47715E-02  5.40026E-03 -3.03651E-03  2.24721E-02  1.65420E-03  0.00000E+00 -8.55581E-03  1.45713E-01  1.31822E-01  9.60163E-02  1.28194E-01  8.85554E-02  6.84547E-02  1.07954E-01  8.60376E-02  5.28585E-02  7.02324E-02  2.73974E-02  1.79881E-02  1.37008E-02  1.55789E-02  3.20902E-02 -1.13605E-01 -6.34275E-02 -7.22399E-02 -5.61358E-02 -9.54650E-03  5.29003E-02  1.11878E-01  7.96103E-02  8.39490E-02  4.89921E-02  2.26886E-02 -8.92376E-02  8.67884E-02  4.78413E-01  3.96350E-01  3.36166E-01  2.72525E-01  5.48221E-02 -2.83410E-01  3.36957E-01  5.08323E-02
