TABLE NO.     1: Iterative Two Stage (No Prior): Problem=1 Subproblem=0 Superproblem1=0 Iteration1=0 Superproblem2=0 Iteration2=0
 NAME         THETA1       THETA2       THETA3       THETA4       SIGMA(1,1)   OMEGA(1,1)   OMEGA(2,1)   OMEGA(2,2)   OMEGA(3,1)   OMEGA(3,2)   OMEGA(3,3)
 THETA1        1.68141E-04 -3.52938E-05 -3.71564E-05  1.51002E-05  1.54266E-07 -4.24399E-06  1.97398E-06  2.20377E-06  1.97827E-06  2.14327E-01 -2.20729E-06
 THETA2       -3.52938E-05  1.62398E-04  7.75792E-06  9.36431E-07 -5.07882E-08  9.66201E-07  4.52974E-06 -2.63300E-06 -4.23216E-07  4.64369E+00  4.93159E-07
 THETA3       -3.71564E-05  7.75792E-06  5.93967E-04 -3.96356E-06  2.78882E-07  2.52246E-06 -8.84222E-07 -3.84880E-07 -1.12778E-05  1.98161E-01 -2.78363E-06
 THETA4        1.51002E-05  9.36431E-07 -3.96356E-06  7.45460E-04 -3.08645E-07  1.87641E-06 -5.98432E-07  1.58122E-06 -2.08186E-07  2.19531E+00  3.62041E-07
 SIGMA(1,1)    1.54266E-07 -5.07882E-08  2.78882E-07 -3.08645E-07  1.21587E-07  6.78163E-08 -3.18121E-08  4.47738E-08 -1.03192E-07  1.12859E-01 -1.63293E-07
 OMEGA(1,1)   -4.24399E-06  9.66201E-07  2.52246E-06  1.87641E-06  6.78163E-08  1.90709E-05 -4.95270E-06 -1.38071E-07 -5.23780E-06 -3.90471E-01  1.12340E-06
 OMEGA(2,1)    1.97398E-06  4.52974E-06 -8.84222E-07 -5.98432E-07 -3.18121E-08 -4.95270E-06  7.01250E-06 -2.50034E-06  1.37534E-06 -1.83536E-01 -2.81423E-07
 OMEGA(2,2)    2.20377E-06 -2.63300E-06 -3.84880E-07  1.58122E-06  4.47738E-08 -1.38071E-07 -2.50034E-06  7.39480E-06  1.78280E-08  1.80291E+00 -9.22117E-08
 OMEGA(3,1)    1.97827E-06 -4.23216E-07 -1.12778E-05 -2.08186E-07 -1.03192E-07 -5.23780E-06  1.37534E-06  1.78280E-08  2.87444E-05  2.72059E-02 -1.86368E-05
 OMEGA(3,2)    2.14327E-01  4.64369E+00  1.98161E-01  2.19531E+00  1.12859E-01 -3.90471E-01 -1.83536E-01  1.80291E+00  2.72059E-02  3.06910E+06 -1.69885E-01
 OMEGA(3,3)   -2.20729E-06  4.93159E-07 -2.78363E-06  3.62041E-07 -1.63293E-07  1.12340E-06 -2.81423E-07 -9.22117E-08 -1.86368E-05 -1.69885E-01  7.81885E-05
TABLE NO.     2: Importance Sampling (No Prior): Problem=1 Subproblem=0 Superproblem1=0 Iteration1=0 Superproblem2=0 Iteration2=0
 NAME         THETA1       THETA2       THETA3       THETA4       SIGMA(1,1)   OMEGA(1,1)   OMEGA(2,1)   OMEGA(2,2)   OMEGA(3,1)   OMEGA(3,2)   OMEGA(3,3)
 THETA1        1.64901E-04 -3.43463E-05 -3.68220E-05  1.45746E-05  8.87302E-08 -5.51271E-08  1.55665E-07  1.69045E-07 -7.81295E-08  7.18578E-07  1.52754E-07
 THETA2       -3.43463E-05  1.51504E-04  7.49977E-06 -3.97469E-06 -2.83409E-08 -1.43328E-08  1.01574E-06 -1.38607E-06  2.06606E-07 -4.69443E-06 -1.57241E-07
 THETA3       -3.68220E-05  7.49977E-06  5.87872E-04 -5.65776E-06 -2.92599E-08 -2.57144E-08  5.84566E-07 -4.54420E-07 -7.99450E-06  5.68763E-05  1.42552E-06
 THETA4        1.45746E-05 -3.97469E-06 -5.65776E-06  7.44755E-04 -4.13659E-07  2.55573E-06 -8.79814E-07  9.03318E-07  8.25495E-07 -1.70134E-05 -1.96169E-08
 SIGMA(1,1)    8.87302E-08 -2.83409E-08 -2.92599E-08 -4.13659E-07  1.17783E-07 -2.42858E-08  1.41525E-08 -2.97590E-08  1.08130E-08 -6.78480E-08 -8.81309E-09
 OMEGA(1,1)   -5.51271E-08 -1.43328E-08 -2.57144E-08  2.55573E-06 -2.42858E-08  1.61953E-05 -3.28683E-06  6.79684E-07 -3.50444E-06  5.04917E-07  7.87428E-07
 OMEGA(2,1)    1.55665E-07  1.01574E-06  5.84566E-07 -8.79814E-07  1.41525E-08 -3.28683E-06  8.04777E-06 -3.07775E-06  6.90708E-07  1.62024E-06 -4.31468E-08
 OMEGA(2,2)    1.69045E-07 -1.38607E-06 -4.54420E-07  9.03318E-07 -2.97590E-08  6.79684E-07 -3.07775E-06  9.84630E-06 -6.87003E-08 -2.11248E-06 -1.29996E-07
 OMEGA(3,1)   -7.81295E-08  2.06606E-07 -7.99450E-06  8.25495E-07  1.08130E-08 -3.50444E-06  6.90708E-07 -6.87003E-08  2.75781E-05 -1.45259E-05 -1.19986E-05
 OMEGA(3,2)    7.18578E-07 -4.69443E-06  5.68763E-05 -1.70134E-05 -6.78480E-08  5.04917E-07  1.62024E-06 -2.11248E-06 -1.45259E-05  4.08297E-04  1.91065E-05
 OMEGA(3,3)    1.52754E-07 -1.57241E-07  1.42552E-06 -1.96169E-08 -8.81309E-09  7.87428E-07 -4.31468E-08 -1.29996E-07 -1.19986E-05  1.91065E-05  7.05003E-05
TABLE NO.     3: Stochastic Approximation Expectation-Maximization (No Prior): Problem=1 Subproblem=0 Superproblem1=0 Iteration1=0 Superproblem2=0 Iteration2=0
 NAME         THETA1       THETA2       THETA3       THETA4       SIGMA(1,1)   OMEGA(1,1)   OMEGA(2,1)   OMEGA(2,2)   OMEGA(3,1)   OMEGA(3,2)   OMEGA(3,3)
 THETA1        1.68290E-04 -3.77512E-05 -4.03806E-05  1.33030E-05  1.26819E-07 -4.54557E-06  2.12581E-06  2.15108E-06  2.07497E-06 -3.19202E-05 -2.29924E-06
 THETA2       -3.77512E-05  1.65075E-04  1.81845E-05 -1.31280E-07 -2.51841E-07  2.65410E-06  4.64446E-06 -6.12067E-06 -4.46611E-07  1.60610E-04  2.24202E-06
 THETA3       -4.03806E-05  1.81845E-05  5.94679E-04  6.56117E-06  2.88619E-07  4.25626E-06 -1.39872E-06 -7.60736E-07 -1.01842E-05  2.70048E-04 -2.20123E-06
 THETA4        1.33030E-05 -1.31280E-07  6.56117E-06  7.45593E-04 -3.89042E-07  2.62158E-06 -8.12583E-07  2.90413E-07  1.30651E-07  7.60715E-05  3.77034E-06
 SIGMA(1,1)    1.26819E-07 -2.51841E-07  2.88619E-07 -3.89042E-07  1.16449E-07  8.22040E-08 -2.50886E-08 -2.15696E-08 -9.24639E-08  5.35937E-07 -1.59890E-07
 OMEGA(1,1)   -4.54557E-06  2.65410E-06  4.25626E-06  2.62158E-06  8.22040E-08  1.91198E-05 -5.08110E-06  8.56074E-08 -5.38897E-06  2.41878E-05  1.50122E-06
 OMEGA(2,1)    2.12581E-06  4.64446E-06 -1.39872E-06 -8.12583E-07 -2.50886E-08 -5.08110E-06  7.12685E-06 -2.49763E-06  1.39853E-06 -6.82551E-06 -2.63020E-07
 OMEGA(2,2)    2.15108E-06 -6.12067E-06 -7.60736E-07  2.90413E-07 -2.15696E-08  8.56074E-08 -2.49763E-06  6.59925E-06 -7.59023E-08 -9.55727E-06 -5.56390E-08
 OMEGA(3,1)    2.07497E-06 -4.46611E-07 -1.01842E-05  1.30651E-07 -9.24639E-08 -5.38897E-06  1.39853E-06 -7.59023E-08  2.79988E-05 -2.01016E-06 -1.85811E-05
 OMEGA(3,2)   -3.19202E-05  1.60610E-04  2.70048E-04  7.60715E-05  5.35937E-07  2.41878E-05 -6.82551E-06 -9.55727E-06 -2.01016E-06  3.67101E-03  2.49314E-05
 OMEGA(3,3)   -2.29924E-06  2.24202E-06 -2.20123E-06  3.77034E-06 -1.59890E-07  1.50122E-06 -2.63020E-07 -5.56390E-08 -1.85811E-05  2.49314E-05  7.46901E-05
TABLE NO.     4: Objective Function Evaluation by Importance Sampling (No Prior): Problem=1 Subproblem=0 Superproblem1=0 Iteration1=0 Superproblem2=0 Iteration2=0
 NAME         THETA1       THETA2       THETA3       THETA4       SIGMA(1,1)   OMEGA(1,1)   OMEGA(2,1)   OMEGA(2,2)   OMEGA(3,1)   OMEGA(3,2)   OMEGA(3,3)
 THETA1        1.65064E-04 -3.48299E-05 -3.73428E-05  1.48650E-05  8.90865E-08  4.56168E-08 -1.52124E-07  2.66047E-07 -3.85157E-07 -1.66653E-06  3.57667E-07
 THETA2       -3.48299E-05  1.50628E-04  9.54424E-06 -3.33267E-06 -3.27539E-08 -9.41529E-08  1.36333E-06 -1.97610E-06 -1.52296E-07 -3.25886E-05  3.36166E-07
 THETA3       -3.73428E-05  9.54424E-06  5.85980E-04  7.91679E-07 -1.70521E-08  5.41443E-08 -1.96507E-07  5.43517E-08 -7.16912E-06 -8.04755E-05  9.10270E-07
 THETA4        1.48650E-05 -3.33267E-06  7.91679E-07  7.44072E-04 -4.09010E-07  2.49704E-06 -7.45824E-07  1.57493E-07  1.33130E-07 -5.68764E-06  1.64466E-06
 SIGMA(1,1)    8.90865E-08 -3.27539E-08 -1.70521E-08 -4.09010E-07  1.17184E-07 -2.03983E-08  1.43351E-08 -2.82709E-08  2.90462E-09 -6.29839E-08  6.72181E-09
 OMEGA(1,1)    4.56168E-08 -9.41529E-08  5.41443E-08  2.49704E-06 -2.03983E-08  1.62491E-05 -3.43070E-06  7.18571E-07 -3.74988E-06  1.08183E-06  8.65096E-07
 OMEGA(2,1)   -1.52124E-07  1.36333E-06 -1.96507E-07 -7.45824E-07  1.43351E-08 -3.43070E-06  7.93266E-06 -3.16679E-06  8.05860E-07  3.50535E-06 -2.85812E-07
 OMEGA(2,2)    2.66047E-07 -1.97610E-06  5.43517E-08  1.57493E-07 -2.82709E-08  7.18571E-07 -3.16679E-06  9.44003E-06 -1.60573E-07 -3.00843E-06  6.44617E-08
 OMEGA(3,1)   -3.85157E-07 -1.52296E-07 -7.16912E-06  1.33130E-07  2.90462E-09 -3.74988E-06  8.05860E-07 -1.60573E-07  2.76106E-05  8.99010E-06 -1.31093E-05
 OMEGA(3,2)   -1.66653E-06 -3.25886E-05 -8.04755E-05 -5.68764E-06 -6.29839E-08  1.08183E-06  3.50535E-06 -3.00843E-06  8.99010E-06  2.02432E-03 -3.81567E-05
 OMEGA(3,3)    3.57667E-07  3.36166E-07  9.10270E-07  1.64466E-06  6.72181E-09  8.65096E-07 -2.85812E-07  6.44617E-08 -1.31093E-05 -3.81567E-05  6.90802E-05
TABLE NO.     5: MCMC Bayesian Analysis: Problem=1 Subproblem=0 Superproblem1=0 Iteration1=0 Superproblem2=0 Iteration2=0
 NAME         THETA1       THETA2       THETA3       THETA4       SIGMA(1,1)   OMEGA(1,1)   OMEGA(2,1)   OMEGA(2,2)   OMEGA(3,1)   OMEGA(3,2)   OMEGA(3,3)
 THETA1        1.63446E-04 -3.58487E-05 -3.68981E-05 -2.89388E-06  1.64920E-07  7.42657E-07 -1.49665E-07  2.79206E-08 -4.23867E-07 -4.22106E-07  2.64770E-08
 THETA2       -3.58487E-05  1.62617E-04  1.36740E-05  4.66070E-06 -2.73495E-08 -1.85436E-07  2.10828E-06 -9.79449E-07 -5.57979E-07  3.53011E-07 -1.33253E-06
 THETA3       -3.68981E-05  1.36740E-05  6.32631E-04  1.38885E-07  7.40794E-08  2.56923E-06 -3.58139E-07  3.44656E-06 -6.56385E-06 -1.14856E-05 -6.16135E-06
 THETA4       -2.89388E-06  4.66070E-06  1.38885E-07  7.29687E-04  1.85457E-07 -1.90439E-06  2.13374E-06 -2.44527E-07  4.89140E-06 -4.93090E-06 -7.37853E-06
 SIGMA(1,1)    1.64920E-07 -2.73495E-08  7.40794E-08  1.85457E-07  1.20036E-07 -3.25381E-08  1.45301E-08 -1.14467E-08  4.11997E-08 -9.00621E-08 -1.50672E-07
 OMEGA(1,1)    7.42657E-07 -1.85436E-07  2.56923E-06 -1.90439E-06 -3.25381E-08  1.71429E-05 -3.53652E-06  9.06658E-07 -3.79854E-06  9.08807E-07  1.44347E-06
 OMEGA(2,1)   -1.49665E-07  2.10828E-06 -3.58139E-07  2.13374E-06  1.45301E-08 -3.53652E-06  8.48615E-06 -3.49953E-06  1.08206E-06 -2.14845E-06 -8.38765E-07
 OMEGA(2,2)    2.79206E-08 -9.79449E-07  3.44656E-06 -2.44527E-07 -1.14467E-08  9.06658E-07 -3.49953E-06  1.00870E-05 -5.97077E-07 -1.96880E-06  6.35136E-07
 OMEGA(3,1)   -4.23867E-07 -5.57979E-07 -6.56385E-06  4.89140E-06  4.11997E-08 -3.79854E-06  1.08206E-06 -5.97077E-07  2.91223E-05 -3.75184E-06 -1.27567E-05
 OMEGA(3,2)   -4.22106E-07  3.53011E-07 -1.14856E-05 -4.93090E-06 -9.00621E-08  9.08807E-07 -2.14845E-06 -1.96880E-06 -3.75184E-06  1.37877E-04  1.08684E-06
 OMEGA(3,3)    2.64770E-08 -1.33253E-06 -6.16135E-06 -7.37853E-06 -1.50672E-07  1.44347E-06 -8.38765E-07  6.35136E-07 -1.27567E-05  1.08684E-06  8.56934E-05
TABLE NO.     6: First Order Conditional Estimation with Interaction (No Prior): Problem=1 Subproblem=0 Superproblem1=0 Iteration1=0 Superproblem2=0 Iteration2=0
 NAME         THETA1       THETA2       THETA3       THETA4       SIGMA(1,1)   OMEGA(1,1)   OMEGA(2,1)   OMEGA(2,2)   OMEGA(3,1)   OMEGA(3,2)   OMEGA(3,3)
 THETA1        1.64332E-04 -3.41742E-05 -3.62593E-05 -1.06019E-09  1.14869E-07  3.97676E-08 -4.85768E-08  1.91600E-07 -1.00206E-08 -8.34580E-06  1.19264E-07
 THETA2       -3.41742E-05  1.48271E-04  7.58863E-06  8.41878E-09  1.61776E-08 -1.03803E-07  1.36043E-06 -1.60214E-06  1.93871E-08 -9.32982E-07 -5.80607E-08
 THETA3       -3.62593E-05  7.58863E-06  5.85939E-04  3.55349E-08  1.04896E-09 -2.55081E-08  1.39523E-08 -3.69095E-08 -7.32703E-06  3.44809E-06  2.94861E-06
 THETA4       -1.06019E-09  8.41878E-09  3.55349E-08  7.40748E-04 -5.01722E-12 -2.03640E-11 -4.91362E-10  2.64221E-09 -3.15918E-09  1.77107E-07 -2.56851E-08
 SIGMA(1,1)    1.14869E-07  1.61776E-08  1.04896E-09 -5.01722E-12  1.17761E-07 -2.11759E-08  1.45026E-08 -3.02021E-08  3.34550E-09 -7.77379E-06 -7.80250E-10
 OMEGA(1,1)    3.97676E-08 -1.03803E-07 -2.55081E-08 -2.03640E-11 -2.11759E-08  1.61866E-05 -3.37420E-06  6.94219E-07 -3.57800E-06  2.08542E-06  7.99955E-07
 OMEGA(2,1)   -4.85768E-08  1.36043E-06  1.39523E-08 -4.91362E-10  1.45026E-08 -3.37420E-06  7.80875E-06 -3.07414E-06  7.46182E-07 -2.68081E-06 -1.65061E-07
 OMEGA(2,2)    1.91600E-07 -1.60214E-06 -3.69095E-08  2.64221E-09 -3.02021E-08  6.94219E-07 -3.07414E-06  9.17113E-06 -1.54297E-07  2.12732E-06  2.52082E-08
 OMEGA(3,1)   -1.00206E-08  1.93871E-08 -7.32703E-06 -3.15918E-09  3.34550E-09 -3.57800E-06  7.46182E-07 -1.54297E-07  2.80857E-05 -6.45181E-06 -1.22359E-05
 OMEGA(3,2)   -8.34580E-06 -9.32982E-07  3.44809E-06  1.77107E-07 -7.77379E-06  2.08542E-06 -2.68081E-06  2.12732E-06 -6.45181E-06  2.90061E+00 -4.29699E-04
 OMEGA(3,3)    1.19264E-07 -5.80607E-08  2.94861E-06 -2.56851E-08 -7.80250E-10  7.99955E-07 -1.65061E-07  2.52082E-08 -1.22359E-05 -4.29699E-04  7.18570E-05
