TABLE NO.     1: Iterative Two Stage (No Prior): Problem=1 Subproblem=0 Superproblem1=0 Iteration1=0 Superproblem2=0 Iteration2=0
 NAME         THETA1       THETA2       THETA3       THETA4       THETA5       THETA6       THETA7       THETA8       SIGMA(1,1)   SIGMA(2,1)   SIGMA(2,2)   OMEGA(1,1)   OMEGA(2,1)   OMEGA(2,2)   OMEGA(3,1)   OMEGA(3,2)   OMEGA(3,3)   OMEGA(4,1)   OMEGA(4,2)   OMEGA(4,3)   OMEGA(4,4)   OMEGA(5,1)   OMEGA(5,2)   OMEGA(5,3)   OMEGA(5,4)   OMEGA(5,5)   OMEGA(6,1)   OMEGA(6,2)   OMEGA(6,3)   OMEGA(6,4)   OMEGA(6,5)   OMEGA(6,6)   OMEGA(7,1)   OMEGA(7,2)   OMEGA(7,3)   OMEGA(7,4)   OMEGA(7,5)   OMEGA(7,6)   OMEGA(7,7)   OMEGA(8,1)   OMEGA(8,2)   OMEGA(8,3)   OMEGA(8,4)   OMEGA(8,5)   OMEGA(8,6)   OMEGA(8,7)   OMEGA(8,8)
 THETA1        3.07586E+02  1.63107E+02 -5.89910E+01 -3.02131E+01 -8.10332E+01 -2.04035E+01  5.31654E+01 -1.98685E+02 -1.70061E+03  0.00000E+00 -2.63298E+03  8.20091E+01  7.76166E+01  9.38283E+01 -2.31930E+02  1.75246E+01 -1.15029E+02  3.84173E+01  4.82074E+02  1.19934E+02  6.76355E+01  8.04400E+01  1.11832E+02 -1.75199E+02 -1.01797E+02 -2.03734E+02  2.45057E+02  1.82452E+01 -3.31799E+01  6.13775E+01 -3.30095E+02 -1.35147E+02  1.63104E+02  2.39491E+02  1.78602E+02  1.30636E+02  1.40622E+01  1.47119E+02  4.88548E+01 -7.22532E+01 -3.69153E+02  1.58435E+02 -1.69415E+02 -7.57261E+01 -2.00679E+02 -2.40117E+02  1.49794E+02
 THETA2        1.63107E+02  4.52087E+02  2.04940E+01 -1.19922E+01 -1.29642E+02 -7.69935E+01  1.52504E+02 -2.87295E+02  6.61746E+03  0.00000E+00 -3.21784E+03  3.21017E+01  4.59768E+01  1.78298E+02 -3.56303E+01 -1.28598E+02 -5.92549E+01  4.75957E+02  6.52641E+02 -1.09796E+02 -1.17159E+01  1.68053E+02  8.66663E+01 -1.30557E+02 -7.75739E+01 -1.29658E+02  6.78599E+01 -3.29273E+01  1.67094E+02  1.15512E+02 -4.32604E+02 -2.10275E+02  1.90334E+02  1.52208E+02 -2.78905E+02  2.09256E+02  1.59926E+02  3.57123E+02  6.88399E+01 -2.69282E+02 -4.65819E+02  2.71777E+02 -4.95920E+02 -2.64177E+02 -7.98702E+01 -1.04324E+02  4.07441E+02
 THETA3       -5.89910E+01  2.04940E+01  5.45642E+02  6.08738E+01 -7.25252E+00 -8.17713E+01 -1.83110E+01 -1.00003E+02 -1.96311E+03  0.00000E+00  2.67946E+03 -1.02433E+02  4.59283E+01  2.04633E+01 -2.83248E+02 -2.01769E+02  5.14879E+01  1.08827E+02 -1.22765E+02  2.63690E+01 -1.86212E+02 -1.80483E+02 -2.02425E+02  8.75661E+01  9.79866E+01  1.35294E+02 -2.86564E+01  1.21436E+02  1.20914E+02  1.46943E+02  9.39605E+01  8.66297E+00  1.90064E+02 -2.11648E+02 -4.01940E+01 -1.92127E+02  1.11025E+02  1.72012E+02 -1.25150E+02  1.42661E+02  1.52057E+02 -1.35248E+02  2.05409E+02  3.30649E+02 -1.15648E+02  5.54375E+01 -5.32829E+01
 THETA4       -3.02131E+01 -1.19922E+01  6.08738E+01  2.83417E+02  2.17738E+01 -5.55382E+01  1.12908E+02 -9.85719E+01 -1.12497E+03  0.00000E+00  4.31208E+03  1.47438E+01  4.29422E+02  2.65494E+02  5.53257E+01 -1.14608E+02  1.51594E+02  9.11659E+01 -6.39684E+01 -2.71784E+02  1.40409E+02 -9.08609E+01 -5.18886E+01  1.02283E+02 -1.79063E+02  5.74085E+01  8.54054E+01  1.31007E+02  7.47132E+01 -9.72102E+01  1.44989E+02  2.47140E+01  9.98527E+01  1.54406E+02 -1.68916E+02  2.37172E+02 -2.16762E+02 -1.46178E+02  1.02796E+02 -1.08997E+02 -3.92701E+02  1.38703E+02 -1.94271E+02  2.38229E+02  4.77284E+00 -4.03925E+02  1.46840E+02
 THETA5       -8.10332E+01 -1.29642E+02 -7.25252E+00  2.17738E+01  3.64257E+02  1.21552E+02 -8.58575E+01  1.23968E+02 -2.79051E+03  0.00000E+00  2.06463E+03  2.38403E+01  1.05256E+02 -4.06546E+01 -1.46212E+02 -1.68538E+02 -5.82312E+00 -9.64079E+01 -8.41875E+01  7.90470E+01 -1.09096E+02 -4.36534E+02 -2.31036E+02  2.50230E+02  1.17932E+02  2.29249E+02 -3.48772E+02 -3.77486E+02  1.07286E+02  1.50523E+02  2.33716E+02  4.76740E+01  1.88658E+01  1.09560E+02  1.28362E+02 -2.41969E+02 -3.60222E+02 -8.12679E+01 -5.97536E+01 -6.44985E+01 -1.27282E+02  3.18795E+02  2.72331E+02  3.06296E+02  2.61407E+02  1.81103E+01 -6.76864E+01
 THETA6       -2.04035E+01 -7.69935E+01 -8.17713E+01 -5.55382E+01  1.21552E+02  2.90698E+02 -8.23178E+01  1.49955E+02  1.81023E+03  0.00000E+00  8.38630E+02  1.17857E+02  5.65430E+01 -3.33614E+01  1.13198E+01  1.86580E+02  1.20073E+01  7.63453E+01  1.19727E+02  1.15677E+02 -5.71847E+01 -3.76075E+02 -4.52488E+02  5.87774E+01  1.34280E+02  1.45921E+02 -3.23087E+02 -4.56610E+02  1.88629E+01  2.57196E+01  1.93227E+02  9.63957E+01  1.67617E+02  3.43762E+02  1.88464E+02 -1.58510E+02 -1.16680E+02 -2.15756E+02  2.66954E+01 -2.44657E+02 -7.84535E+01 -1.39977E+02  6.77134E+00  3.52751E+02  2.74718E+02 -1.91765E+02  1.41167E+01
 THETA7        5.31654E+01  1.52504E+02 -1.83110E+01  1.12908E+02 -8.58575E+01 -8.23178E+01  3.63225E+02 -2.18141E+02  9.21307E+03  0.00000E+00 -1.41273E+03  1.10194E+02  3.51401E+02  2.74098E+02  1.85082E+02 -2.23631E+02 -3.60911E+00  1.15172E+02  1.82086E+02 -1.96179E+02  1.18561E+02 -1.36528E+01  1.61241E+01  1.07432E+02 -2.20181E+02 -1.66570E+02  1.27159E+02  2.40438E+02  1.64620E+02 -1.36337E+02 -7.92243E+01 -9.55735E+01  1.08290E+02  2.22832E+02 -2.60448E+02  2.16867E+02 -1.13082E+02  5.66752E+01  1.37275E+02 -3.17498E+02 -4.00394E+02  6.15738E+01 -4.18379E+02  6.72672E+01 -1.25628E+02 -1.35632E+02  2.27067E+02
 THETA8       -1.98685E+02 -2.87295E+02 -1.00003E+02 -9.85719E+01  1.23968E+02  1.49955E+02 -2.18141E+02  5.55988E+02 -2.71393E+03  0.00000E+00  3.94648E+03 -4.02446E+01 -3.24657E+02 -3.27174E+02  2.08050E+02  2.71379E+02 -1.29806E+02 -1.49292E+02 -4.80666E+02  1.64880E+02 -1.11620E+02 -1.20537E+02 -2.26015E+02  2.87107E+02  2.56344E+02  1.72316E+02 -2.49288E+02 -6.03114E+01 -1.16789E+02  8.94308E+00  3.33220E+02  1.22546E+02 -2.11645E+02 -1.60158E+02  8.46042E+01 -4.48303E+02 -2.12847E+01 -1.90588E+02 -5.05780E+01  2.28542E+02  8.90551E+02 -1.66856E+02  3.67308E+02  3.74281E+00  3.06255E+01  2.71983E+02 -4.07941E+02
 SIGMA(1,1)   -1.70061E+03  6.61746E+03 -1.96311E+03 -1.12497E+03 -2.79051E+03  1.81023E+03  9.21307E+03 -2.71393E+03  2.40831E+06  0.00000E+00  1.82427E+05  5.63335E+03  1.79760E+04  2.31931E+04  1.76988E+04  1.27451E+04 -1.01770E+04  6.88854E+03 -1.94708E+04 -3.57347E+02  1.03500E+04 -8.75401E+03 -1.57258E+04 -9.47665E+03 -9.59895E+03  2.83102E+02 -5.31165E+03  1.88301E+04 -8.70698E+03 -2.04632E+04  2.48457E+04  1.12920E+04  9.92255E+03  5.15491E+03 -1.10639E+02  6.53013E+03 -1.57408E+04 -2.83362E+03  6.25220E+03 -1.92294E+04 -8.63921E+03 -1.46675E+04 -1.30341E+04  1.70757E+04  5.13618E+03 -4.46608E+03  8.75252E+03
 SIGMA(2,1)    0.00000E+00  0.00000E+00  0.00000E+00  0.00000E+00  0.00000E+00  0.00000E+00  0.00000E+00  0.00000E+00  0.00000E+00  0.00000E+00  0.00000E+00  0.00000E+00  0.00000E+00  0.00000E+00  0.00000E+00  0.00000E+00  0.00000E+00  0.00000E+00  0.00000E+00  0.00000E+00  0.00000E+00  0.00000E+00  0.00000E+00  0.00000E+00  0.00000E+00  0.00000E+00  0.00000E+00  0.00000E+00  0.00000E+00  0.00000E+00  0.00000E+00  0.00000E+00  0.00000E+00  0.00000E+00  0.00000E+00  0.00000E+00  0.00000E+00  0.00000E+00  0.00000E+00  0.00000E+00  0.00000E+00  0.00000E+00  0.00000E+00  0.00000E+00  0.00000E+00  0.00000E+00  0.00000E+00
 SIGMA(2,2)   -2.63298E+03 -3.21784E+03  2.67946E+03  4.31208E+03  2.06463E+03  8.38630E+02 -1.41273E+03  3.94648E+03  1.82427E+05  0.00000E+00  8.36528E+05  6.28438E+03  6.38069E+03 -1.44363E+02 -6.45265E+03 -2.80834E+03  2.32199E+03 -8.77009E+03 -1.93507E+04  2.20431E+03  3.00420E+03 -6.05885E+03 -5.96559E+03  1.60570E+04  6.29584E+03  3.73605E+03  5.44367E+03  1.01444E+04  4.36003E+03 -2.77344E+03  7.06357E+02 -2.30028E+03  5.80497E+02 -5.92795E+03 -8.16528E+03 -6.75707E+03 -9.46695E+03  3.13425E+02 -9.74999E+02 -2.22703E+03  1.40719E+04 -5.42137E+03  7.31363E+03  6.91311E+03 -2.10621E+03 -1.15494E+03 -4.44943E+02
 OMEGA(1,1)    8.20091E+01  3.21017E+01 -1.02433E+02  1.47438E+01  2.38403E+01  1.17857E+02  1.10194E+02 -4.02446E+01  5.63335E+03  0.00000E+00  6.28438E+03  9.91846E+02  8.71252E+02  3.54930E+02 -9.17065E+02 -5.55865E+02  2.95830E+01 -3.22837E+02  2.16163E+02  2.28400E+01  2.15693E+02 -6.97754E+02 -6.31757E+02  6.23732E+02 -1.49326E+02  1.33203E+02  2.02456E+02 -3.16014E+01 -2.70900E+01 -2.43318E+02  9.62580E+01  2.16927E+01  5.17079E+02  6.10526E+02 -7.09760E+02  1.55308E+02 -5.60168E+02  3.35134E+01  1.51048E+02 -1.10709E+03 -9.28171E+02  9.10812E+02 -1.00113E+02  8.05011E+02 -9.40686E+01 -6.33619E+02  3.56986E+02
 OMEGA(2,1)    7.76166E+01  4.59768E+01  4.59283E+01  4.29422E+02  1.05256E+02  5.65430E+01  3.51401E+02 -3.24657E+02  1.79760E+04  0.00000E+00  6.38069E+03  8.71252E+02  3.50776E+03  2.12935E+03 -8.02265E+02 -1.08949E+03 -8.50120E+00  3.59422E+02  3.48845E+02 -4.84975E+02  5.02270E+02 -1.76709E+03 -1.82396E+03  9.02385E+02 -8.91947E+02  8.04976E+02 -4.11655E+02 -4.24445E+02  1.50670E+02 -1.74357E+02  7.44280E+02  2.28862E+02  1.92723E+03  1.97585E+03 -6.80232E+02  1.02978E+03 -1.70558E+03 -4.85206E+02  5.40762E+02 -2.87804E+03 -4.27856E+03  1.48473E+03 -7.68570E+02  2.49004E+03  6.47159E+02 -2.17940E+03  1.77484E+03
 OMEGA(2,2)    9.38283E+01  1.78298E+02  2.04633E+01  2.65494E+02 -4.06546E+01 -3.33614E+01  2.74098E+02 -3.27174E+02  2.31931E+04  0.00000E+00 -1.44363E+02  3.54930E+02  2.12935E+03  2.00501E+03 -2.12632E+02 -3.06265E+02 -3.18243E+02  1.57218E+02 -1.45173E+02 -3.47605E+02  4.75888E+02 -8.01405E+02 -1.13642E+03 -9.25619E+01 -3.95411E+02  6.21405E+02 -2.18672E+02 -5.65589E+02  1.51033E+01 -3.57953E+02  5.56092E+02  3.18806E+02  9.80864E+02  1.14529E+03 -2.85356E+02  7.97171E+02 -9.24836E+02 -5.50168E+02  4.00574E+02 -1.74593E+03 -3.19087E+03  7.68958E+02 -6.20120E+02  1.31854E+03  8.60489E+02 -1.18615E+03  1.32203E+03
 OMEGA(3,1)   -2.31930E+02 -3.56303E+01 -2.83248E+02  5.53257E+01 -1.46212E+02  1.13198E+01  1.85082E+02  2.08050E+02  1.76988E+04  0.00000E+00 -6.45265E+03 -9.17065E+02 -8.02265E+02 -2.12632E+02  3.58640E+03  1.75537E+03  2.22373E+02  3.69058E+02 -4.19245E+02 -1.85879E+02 -3.31876E+02  1.04981E+03  5.85435E+02 -9.27759E+02  1.04689E+02 -3.87521E+02 -6.66029E+02 -2.99223E+02  2.94482E+02  1.41525E+02  5.92246E+02  1.71345E+02 -1.46889E+03 -5.98477E+02  9.81343E+02 -2.76601E+02  6.63052E+02 -5.41682E+02 -1.46402E+02  9.82753E+02  1.02681E+03 -3.56242E+03 -1.10250E+02 -9.90683E+02  6.44913E+02  1.08470E+03  7.78677E+01
 OMEGA(3,2)    1.75246E+01 -1.28598E+02 -2.01769E+02 -1.14608E+02 -1.68538E+02  1.86580E+02 -2.23631E+02  2.71379E+02  1.27451E+04  0.00000E+00 -2.80834E+03 -5.55865E+02 -1.08949E+03 -3.06265E+02  1.75537E+03  3.75792E+03 -1.34107E+02 -4.15205E+02 -3.46377E+02  2.29101E+02 -1.49842E+02  8.56464E+02 -2.78449E+02 -2.00334E+03  7.94808E+02 -3.34426E+02 -6.59329E+01 -7.01783E+02 -7.46267E+02  1.18658E+02  7.73621E+02  1.23503E+02 -8.26100E+02 -9.45177E+02  2.47450E+03 -3.25601E+02  1.30838E+03 -5.27899E+02 -3.82647E+02  1.52850E+03  1.41709E+03 -2.96591E+03  7.37396E+02 -1.06081E+02  3.68591E+02  7.09767E+02 -1.03655E+03
 OMEGA(3,3)   -1.15029E+02 -5.92549E+01  5.14879E+01  1.51594E+02 -5.82312E+00  1.20073E+01 -3.60911E+00 -1.29806E+02 -1.01770E+04  0.00000E+00  2.32199E+03  2.95830E+01 -8.50120E+00 -3.18243E+02  2.22373E+02 -1.34107E+02  2.90176E+03  6.71422E+01  2.24990E+02  6.63485E+02  1.49110E+02  9.24908E+01 -1.29052E+02  9.05198E+02  3.16188E+02 -1.34249E+01  4.52171E+02  1.51430E+02 -9.40988E+01  3.47258E+01 -2.03468E+02 -3.39628E+02  1.66595E+02  4.00256E+02 -1.24387E+02  2.42655E+02 -4.08988E+02 -7.52291E+01  1.03169E+02 -4.60044E+02  1.54876E+02 -2.44192E+03 -6.09357E+02 -4.15285E+02 -5.81912E+02 -4.90498E+02  8.25862E+02
 OMEGA(4,1)    3.84173E+01  4.75957E+02  1.08827E+02  9.11659E+01 -9.64079E+01  7.63453E+01  1.15172E+02 -1.49292E+02  6.88854E+03  0.00000E+00 -8.77009E+03 -3.22837E+02  3.59422E+02  1.57218E+02  3.69058E+02 -4.15205E+02  6.71422E+01  2.63682E+03  1.91129E+03 -8.37044E+02 -3.03701E+02 -1.94626E+02 -8.33455E+02  4.75816E+01 -4.16738E+02  1.07692E+02 -8.32884E+02 -2.96133E+02  1.20402E+02  5.44589E+02  5.39783E+00 -1.85084E+02  1.04585E+03  1.43992E+03 -3.48964E+02  5.44918E+02 -1.50409E+02  1.36688E+02  4.59863E+02 -8.88019E+02 -1.03973E+03 -1.22629E+02 -1.76668E+03  5.81948E+02  3.39571E+02 -1.17125E+03  9.58298E+02
 OMEGA(4,2)    4.82074E+02  6.52641E+02 -1.22765E+02 -6.39684E+01 -8.41875E+01  1.19727E+02  1.82086E+02 -4.80666E+02 -1.94708E+04  0.00000E+00 -1.93507E+04  2.16163E+02  3.48845E+02 -1.45173E+02 -4.19245E+02 -3.46377E+02  2.24990E+02  1.91129E+03  4.50803E+03 -1.79593E+02 -3.68653E+02 -8.27121E+02 -6.03848E+02  7.43475E+02 -2.92078E+02 -2.74040E+02 -2.89702E+02 -1.09838E+03  7.26063E+01  5.96121E+02 -1.02765E+03 -5.65605E+02  1.46027E+03  2.81237E+03 -2.40184E+02  1.07352E+03 -1.82436E+02  2.46994E+02  6.76920E+02 -1.09900E+03 -2.18426E+03  6.53565E+02 -2.32771E+03  9.86649E+02 -1.09356E+02 -2.41482E+03  1.10665E+03
 OMEGA(4,3)    1.19934E+02 -1.09796E+02  2.63690E+01 -2.71784E+02  7.90470E+01  1.15677E+02 -1.96179E+02  1.64880E+02 -3.57347E+02  0.00000E+00  2.20431E+03  2.28400E+01 -4.84975E+02 -3.47605E+02 -1.85879E+02  2.29101E+02  6.63485E+02 -8.37044E+02 -1.79593E+02  3.03225E+03  1.37833E+02  1.62697E+02  9.37915E+02  9.92788E+02  5.24201E+02 -1.90284E+02  2.51092E+02  1.95517E+02 -2.49419E+02 -2.82381E+02 -1.67683E+02  2.51047E+01 -3.76237E+02 -3.42170E+02  1.38861E+03 -8.25092E+02  2.54100E+02  2.20765E+02 -6.45058E+02  1.84623E+02  8.59349E+02 -1.74309E+03  2.58687E+02 -1.26269E+03 -5.05305E+02  1.19653E+03 -2.07045E+02
 OMEGA(4,4)    6.76355E+01 -1.17159E+01 -1.86212E+02  1.40409E+02 -1.09096E+02 -5.71847E+01  1.18561E+02 -1.11620E+02  1.03500E+04  0.00000E+00  3.00420E+03  2.15693E+02  5.02270E+02  4.75888E+02 -3.31876E+02 -1.49842E+02  1.49110E+02 -3.03701E+02 -3.68653E+02  1.37833E+02  7.48399E+02  1.84575E+01  2.25494E+02  3.03677E+02 -1.52113E+02 -1.34518E+02  3.70236E+02  5.24929E+02 -6.32741E+00 -5.73296E+02 -4.88943E+01  3.81502E+01  9.28775E+01  8.99368E+01 -3.25232E+02  6.88225E+02 -1.51358E+02 -1.75805E+02  1.79444E+02 -2.63465E+02 -3.47458E+02  3.48914E+02 -4.68907E+02 -6.87847E+01 -1.89296E+02 -3.71930E+02  9.28195E+01
 OMEGA(5,1)    8.04400E+01  1.68053E+02 -1.80483E+02 -9.08609E+01 -4.36534E+02 -3.76075E+02 -1.36528E+01 -1.20537E+02 -8.75401E+03  0.00000E+00 -6.05885E+03 -6.97754E+02 -1.76709E+03 -8.01405E+02  1.04981E+03  8.56464E+02  9.24908E+01 -1.94626E+02 -8.27121E+02  1.62697E+02  1.84575E+01  2.77272E+03  2.89585E+03 -1.23352E+03  1.92067E+01 -1.17591E+03  8.81056E+02  9.97985E+02  2.21934E+02 -1.62005E+02 -1.26334E+03 -3.73635E+02 -1.59089E+03 -1.85176E+03  7.21025E+02  8.75903E+01  1.65424E+03  3.46480E+02 -3.22349E+02  1.98725E+03  2.34959E+03 -1.32542E+03  3.70917E+02 -3.49834E+03 -7.65286E+02  1.75621E+03 -8.96196E+02
 OMEGA(5,2)    1.11832E+02  8.66663E+01 -2.02425E+02 -5.18886E+01 -2.31036E+02 -4.52488E+02  1.61241E+01 -2.26015E+02 -1.57258E+04  0.00000E+00 -5.96559E+03 -6.31757E+02 -1.82396E+03 -1.13642E+03  5.85435E+02 -2.78449E+02 -1.29052E+02 -8.33455E+02 -6.03848E+02  9.37915E+02  2.25494E+02  2.89585E+03  6.18428E+03 -4.93104E+02 -6.17523E+02 -1.77035E+03  1.05323E+03  1.95377E+03  5.15363E+02 -1.17021E+03 -2.72381E+03 -3.93135E+02 -1.91042E+03 -2.42352E+03  1.14108E+03  1.82200E+02  1.96657E+03  5.39389E+02 -6.73588E+02  2.28887E+03  2.66767E+03 -1.49124E+02  7.04406E+02 -5.58664E+03 -1.27758E+03  2.45174E+03 -1.32950E+03
 OMEGA(5,3)   -1.75199E+02 -1.30557E+02  8.75661E+01  1.02283E+02  2.50230E+02  5.87774E+01  1.07432E+02  2.87107E+02 -9.47665E+03  0.00000E+00  1.60570E+04  6.23732E+02  9.02385E+02 -9.25619E+01 -9.27759E+02 -2.00334E+03  9.05198E+02  4.75816E+01  7.43475E+02  9.92788E+02  3.03677E+02 -1.23352E+03 -4.93104E+02  4.24831E+03  5.45676E+01  1.38744E+02  3.68647E+02  7.66874E+02  1.14883E+03  4.63836E+01 -1.34794E+03 -8.67325E+02  7.65990E+02  1.22951E+03 -1.84214E+03  1.71932E+02 -1.07254E+03  3.31195E+02  3.94321E+02 -1.30540E+03 -2.33244E+02  8.50865E+02 -1.08074E+03  2.25668E+02 -1.15038E+03 -8.98478E+02  5.63649E+02
 OMEGA(5,4)   -1.01797E+02 -7.75739E+01  9.79866E+01 -1.79063E+02  1.17932E+02  1.34280E+02 -2.20181E+02  2.56344E+02 -9.59895E+03  0.00000E+00  6.29584E+03 -1.49326E+02 -8.91947E+02 -3.95411E+02  1.04689E+02  7.94808E+02  3.16188E+02 -4.16738E+02 -2.92078E+02  5.24201E+02 -1.52113E+02  1.92067E+01 -6.17523E+02  5.45676E+01  1.54518E+03  2.03942E+02 -7.00377E+01 -1.03053E+03  7.39677E+01  6.19647E+02  1.06484E+02 -4.06764E+01 -1.58900E+02 -2.49680E+02  1.76370E+02 -8.52204E+02  2.96973E+02 -1.02344E+02 -1.83232E+02  6.24766E+02  1.09515E+03 -1.05509E+03  6.15526E+02 -1.96022E+02  3.06021E+02  6.79603E+02 -5.38702E+02
 OMEGA(5,5)   -2.03734E+02 -1.29658E+02  1.35294E+02  5.74085E+01  2.29249E+02  1.45921E+02 -1.66570E+02  1.72316E+02  2.83102E+02  0.00000E+00  3.73605E+03  1.33203E+02  8.04976E+02  6.21405E+02 -3.87521E+02 -3.34426E+02 -1.34249E+01  1.07692E+02 -2.74040E+02 -1.90284E+02 -1.34518E+02 -1.17591E+03 -1.77035E+03  1.38744E+02  2.03942E+02  1.21908E+03 -6.00891E+02 -1.11838E+03 -3.47415E+02  2.62215E+02  1.35568E+03  6.26998E+02  6.88738E+02  4.93865E+02 -4.49214E+02 -2.88947E+02 -7.38233E+02 -3.25684E+02  4.00955E+01 -9.83384E+02 -1.53958E+03  4.66905E+02  2.76404E+02  1.70268E+03  1.02929E+03 -4.91170E+02  6.00578E+02
 OMEGA(6,1)    2.45057E+02  6.78599E+01 -2.86564E+01  8.54054E+01 -3.48772E+02 -3.23087E+02  1.27159E+02 -2.49288E+02 -5.31165E+03  0.00000E+00  5.44367E+03  2.02456E+02 -4.11655E+02 -2.18672E+02 -6.66029E+02 -6.59329E+01  4.52171E+02 -8.32884E+02 -2.89702E+02  2.51092E+02  3.70236E+02  8.81056E+02  1.05323E+03  3.68647E+02 -7.00377E+01 -6.00891E+02  1.89796E+03  1.31150E+03 -1.74462E+02 -5.84881E+02 -1.17755E+03 -5.10114E+02 -3.88294E+02 -6.33929E+02 -4.37602E+02  2.51341E+02  3.71748E+02  5.45106E+02  2.87233E+01  6.22664E+02  8.80002E+02  3.70658E+02  2.00395E+02 -9.71808E+02 -1.41098E+03  2.79258E+02 -5.07425E+02
 OMEGA(6,2)    1.82452E+01 -3.29273E+01  1.21436E+02  1.31007E+02 -3.77486E+02 -4.56610E+02  2.40438E+02 -6.03114E+01  1.88301E+04  0.00000E+00  1.01444E+04 -3.16014E+01 -4.24445E+02 -5.65589E+02 -2.99223E+02 -7.01783E+02  1.51430E+02 -2.96133E+02 -1.09838E+03  1.95517E+02  5.24929E+02  9.97985E+02  1.95377E+03  7.66874E+02 -1.03053E+03 -1.11838E+03  1.31150E+03  3.66159E+03  1.24519E+02 -1.22798E+03 -1.37201E+03 -7.28084E+02 -6.14732E+02 -1.50569E+03 -5.57642E+02  4.89804E+02  4.62222E+02  8.31425E+02 -8.74860E+01  7.62511E+02  2.41332E+03  4.54785E+02 -2.88050E+02 -1.52472E+03 -2.33807E+03  8.20778E+02 -9.41973E+02
 OMEGA(6,3)   -3.31799E+01  1.67094E+02  1.20914E+02  7.47132E+01  1.07286E+02  1.88629E+01  1.64620E+02 -1.16789E+02 -8.70698E+03  0.00000E+00  4.36003E+03 -2.70900E+01  1.50670E+02  1.51033E+01  2.94482E+02 -7.46267E+02 -9.40988E+01  1.20402E+02  7.26063E+01 -2.49419E+02 -6.32741E+00  2.21934E+02  5.15363E+02  1.14883E+03  7.39677E+01 -3.47415E+02 -1.74462E+02  1.24519E+02  1.91170E+03  4.34094E+02 -1.50783E+03 -7.17195E+02 -3.50950E+02 -2.78400E+02 -9.18364E+02  2.60359E+02  1.22319E+02  7.78446E+01  1.49486E+02 -1.25373E+01 -1.16779E+02  4.43916E+02 -3.90360E+02 -9.20685E+02 -4.88933E+02  1.19819E+02  3.20563E+02
 OMEGA(6,4)    6.13775E+01  1.15512E+02  1.46943E+02 -9.72102E+01  1.50523E+02  2.57196E+01 -1.36337E+02  8.94308E+00 -2.04632E+04  0.00000E+00 -2.77344E+03 -2.43318E+02 -1.74357E+02 -3.57953E+02  1.41525E+02  1.18658E+02  3.47258E+01  5.44589E+02  5.96121E+02 -2.82381E+02 -5.73296E+02 -1.62005E+02 -1.17021E+03  4.63836E+01  6.19647E+02  2.62215E+02 -5.84881E+02 -1.22798E+03  4.34094E+02  1.72199E+03  1.68945E+02 -3.11591E+02  1.92717E+02  3.81816E+02  1.57794E+02 -7.01615E+02 -2.34927E+02  2.40088E+02  1.84188E+00  6.78423E+01 -3.41842E+02 -4.30162E+02  3.47251E+02  4.89938E+02  4.23817E+02  4.50464E+01  3.17730E+02
 OMEGA(6,5)   -3.30095E+02 -4.32604E+02  9.39605E+01  1.44989E+02  2.33716E+02  1.93227E+02 -7.92243E+01  3.33220E+02  2.48457E+04  0.00000E+00  7.06357E+02  9.62580E+01  7.44280E+02  5.56092E+02  5.92246E+02  7.73621E+02 -2.03468E+02  5.39783E+00 -1.02765E+03 -1.67683E+02 -4.88943E+01 -1.26334E+03 -2.72381E+03 -1.34794E+03  1.06484E+02  1.35568E+03 -1.17755E+03 -1.37201E+03 -1.50783E+03  1.68945E+02  4.40150E+03  1.64977E+03  3.61865E+02  3.72202E+02  3.49639E+02 -4.19068E+02 -9.81485E+02 -7.13350E+02 -8.72370E+01 -5.34267E+02 -9.20378E+02 -9.85954E+02  6.14330E+02  3.06953E+03  1.83323E+03 -3.45213E+02  1.27354E+02
 OMEGA(6,6)   -1.35147E+02 -2.10275E+02  8.66297E+00  2.47140E+01  4.76740E+01  9.63957E+01 -9.55735E+01  1.22546E+02  1.12920E+04  0.00000E+00 -2.30028E+03  2.16927E+01  2.28862E+02  3.18806E+02  1.71345E+02  1.23503E+02 -3.39628E+02 -1.85084E+02 -5.65605E+02  2.51047E+01  3.81502E+01 -3.73635E+02 -3.93135E+02 -8.67325E+02 -4.06764E+01  6.26998E+02 -5.10114E+02 -7.28084E+02 -7.17195E+02 -3.11591E+02  1.64977E+03  1.16833E+03  1.49971E+02  2.43685E+01  1.21996E+02 -1.55258E+02 -1.35606E+02 -5.22128E+02 -9.49567E+01 -1.64992E+02 -4.51578E+02 -1.06807E+02  4.30447E+02  7.48559E+02  1.04699E+03  2.68594E+01 -6.08535E+01
 OMEGA(7,1)    1.63104E+02  1.90334E+02  1.90064E+02  9.98527E+01  1.88658E+01  1.67617E+02  1.08290E+02 -2.11645E+02  9.92255E+03  0.00000E+00  5.80497E+02  5.17079E+02  1.92723E+03  9.80864E+02 -1.46889E+03 -8.26100E+02  1.66595E+02  1.04585E+03  1.46027E+03 -3.76237E+02  9.28775E+01 -1.59089E+03 -1.91042E+03  7.65990E+02 -1.58900E+02  6.88738E+02 -3.88294E+02 -6.14732E+02 -3.50950E+02  1.92717E+02  3.61865E+02  1.49971E+02  2.81932E+03  2.09417E+03 -6.50309E+02  6.00012E+02 -1.11806E+03 -4.67055E+01  5.37934E+02 -2.37818E+03 -2.56891E+03  1.32274E+03 -1.02992E+03  1.98764E+03  2.53624E+02 -2.22454E+03  1.10028E+03
 OMEGA(7,2)    2.39491E+02  1.52208E+02 -2.11648E+02  1.54406E+02  1.09560E+02  3.43762E+02  2.22832E+02 -1.60158E+02  5.15491E+03  0.00000E+00 -5.92795E+03  6.10526E+02  1.97585E+03  1.14529E+03 -5.98477E+02 -9.45177E+02  4.00256E+02  1.43992E+03  2.81237E+03 -3.42170E+02  8.99368E+01 -1.85176E+03 -2.42352E+03  1.22951E+03 -2.49680E+02  4.93865E+02 -6.33929E+02 -1.50569E+03 -2.78400E+02  3.81816E+02  3.72202E+02  2.43685E+01  2.09417E+03  4.42716E+03 -5.03255E+02  8.67793E+02 -1.97109E+03 -5.29336E+02  1.04538E+03 -2.32421E+03 -3.54242E+03  7.12591E+02 -2.06231E+03  2.76382E+03  7.66531E+02 -3.19874E+03  1.61338E+03
 OMEGA(7,3)    1.78602E+02 -2.78905E+02 -4.01940E+01 -1.68916E+02  1.28362E+02  1.88464E+02 -2.60448E+02  8.46042E+01 -1.10639E+02  0.00000E+00 -8.16528E+03 -7.09760E+02 -6.80232E+02 -2.85356E+02  9.81343E+02  2.47450E+03 -1.24387E+02 -3.48964E+02 -2.40184E+02  1.38861E+03 -3.25232E+02  7.21025E+02  1.14108E+03 -1.84214E+03  1.76370E+02 -4.49214E+02 -4.37602E+02 -5.57642E+02 -9.18364E+02  1.57794E+02  3.49639E+02  1.21996E+02 -6.50309E+02 -5.03255E+02  4.23978E+03 -8.80929E+02  7.34126E+02 -2.74178E+02 -8.25441E+02  1.20187E+03  4.40954E+02 -3.04656E+03  1.07008E+03 -8.12446E+02  4.19925E+02  1.22669E+03 -7.39691E+02
 OMEGA(7,4)    1.30636E+02  2.09256E+02 -1.92127E+02  2.37172E+02 -2.41969E+02 -1.58510E+02  2.16867E+02 -4.48303E+02  6.53013E+03  0.00000E+00 -6.75707E+03  1.55308E+02  1.02978E+03  7.97171E+02 -2.76601E+02 -3.25601E+02  2.42655E+02  5.44918E+02  1.07352E+03 -8.25092E+02  6.88225E+02  8.75903E+01  1.82200E+02  1.71932E+02 -8.52204E+02 -2.88947E+02  2.51341E+02  4.89804E+02  2.60359E+02 -7.01615E+02 -4.19068E+02 -1.55258E+02  6.00012E+02  8.67793E+02 -8.80929E+02  2.57501E+03  2.66009E+01 -1.81988E+02  9.40313E+02 -6.11903E+02 -1.60710E+03  1.30633E+03 -1.73426E+03  2.52984E+02 -1.27431E+02 -2.03546E+03  6.48075E+02
 OMEGA(7,5)    1.40622E+01  1.59926E+02  1.11025E+02 -2.16762E+02 -3.60222E+02 -1.16680E+02 -1.13082E+02 -2.12847E+01 -1.57408E+04  0.00000E+00 -9.46695E+03 -5.60168E+02 -1.70558E+03 -9.24836E+02  6.63052E+02  1.30838E+03 -4.08988E+02 -1.50409E+02 -1.82436E+02  2.54100E+02 -1.51358E+02  1.65424E+03  1.96657E+03 -1.07254E+03  2.96973E+02 -7.38233E+02  3.71748E+02  4.62222E+02  1.22319E+02 -2.34927E+02 -9.81485E+02 -1.35606E+02 -1.11806E+03 -1.97109E+03  7.34126E+02  2.66009E+01  2.68040E+03  5.18397E+02 -4.82123E+02  1.66487E+03  2.32979E+03 -1.02025E+03  3.95126E+02 -2.42312E+03 -4.52944E+02  1.69675E+03 -1.21198E+03
 OMEGA(7,6)    1.47119E+02  3.57123E+02  1.72012E+02 -1.46178E+02 -8.12679E+01 -2.15756E+02  5.66752E+01 -1.90588E+02 -2.83362E+03  0.00000E+00  3.13425E+02  3.35134E+01 -4.85206E+02 -5.50168E+02 -5.41682E+02 -5.27899E+02 -7.52291E+01  1.36688E+02  2.46994E+02  2.20765E+02 -1.75805E+02  3.46480E+02  5.39389E+02  3.31195E+02 -1.02344E+02 -3.25684E+02  5.45106E+02  8.31425E+02  7.78446E+01  2.40088E+02 -7.13350E+02 -5.22128E+02 -4.67055E+01 -5.29336E+02 -2.74178E+02 -1.81988E+02  5.18397E+02  1.63187E+03 -3.15819E+02  9.67737E+01  7.70927E+02  3.36296E+02  6.74996E+01 -6.89981E+02 -9.54570E+02  9.89971E+02 -1.41270E+02
 OMEGA(7,7)    4.88548E+01  6.88399E+01 -1.25150E+02  1.02796E+02 -5.97536E+01  2.66954E+01  1.37275E+02 -5.05780E+01  6.25220E+03  0.00000E+00 -9.74999E+02  1.51048E+02  5.40762E+02  4.00574E+02 -1.46402E+02 -3.82647E+02  1.03169E+02  4.59863E+02  6.76920E+02 -6.45058E+02  1.79444E+02 -3.22349E+02 -6.73588E+02  3.94321E+02 -1.83232E+02  4.00955E+01  2.87233E+01 -8.74860E+01  1.49486E+02  1.84188E+00 -8.72370E+01 -9.49567E+01  5.37934E+02  1.04538E+03 -8.25441E+02  9.40313E+02 -4.82123E+02 -3.15819E+02  8.77269E+02 -5.03032E+02 -9.10610E+02  9.91122E+02 -9.15311E+02  6.38107E+02  1.18726E+02 -1.53222E+03  4.67516E+02
 OMEGA(8,1)   -7.22532E+01 -2.69282E+02  1.42661E+02 -1.08997E+02 -6.44985E+01 -2.44657E+02 -3.17498E+02  2.28542E+02 -1.92294E+04  0.00000E+00 -2.22703E+03 -1.10709E+03 -2.87804E+03 -1.74593E+03  9.82753E+02  1.52850E+03 -4.60044E+02 -8.88019E+02 -1.09900E+03  1.84623E+02 -2.63465E+02  1.98725E+03  2.28887E+03 -1.30540E+03  6.24766E+02 -9.83384E+02  6.22664E+02  7.62511E+02 -1.25373E+01  6.78423E+01 -5.34267E+02 -1.64992E+02 -2.37818E+03 -2.32421E+03  1.20187E+03 -6.11903E+02  1.66487E+03  9.67737E+01 -5.03032E+02  4.05027E+03  4.18116E+03 -8.28748E+02  1.28492E+03 -2.25406E+03 -7.04956E+02  1.91376E+03 -2.53692E+03
 OMEGA(8,2)   -3.69153E+02 -4.65819E+02  1.52057E+02 -3.92701E+02 -1.27282E+02 -7.84535E+01 -4.00394E+02  8.90551E+02 -8.63921E+03  0.00000E+00  1.40719E+04 -9.28171E+02 -4.27856E+03 -3.19087E+03  1.02681E+03  1.41709E+03  1.54876E+02 -1.03973E+03 -2.18426E+03  8.59349E+02 -3.47458E+02  2.34959E+03  2.66767E+03 -2.33244E+02  1.09515E+03 -1.53958E+03  8.80002E+02  2.41332E+03 -1.16779E+02 -3.41842E+02 -9.20378E+02 -4.51578E+02 -2.56891E+03 -3.54242E+03  4.40954E+02 -1.60710E+03  2.32979E+03  7.70927E+02 -9.10610E+02  4.18116E+03  8.48806E+03 -1.92350E+03  1.55873E+03 -3.52538E+03 -1.94578E+03  3.59919E+03 -3.59021E+03
 OMEGA(8,3)    1.58435E+02  2.71777E+02 -1.35248E+02  1.38703E+02  3.18795E+02 -1.39977E+02  6.15738E+01 -1.66856E+02 -1.46675E+04  0.00000E+00 -5.42137E+03  9.10812E+02  1.48473E+03  7.68958E+02 -3.56242E+03 -2.96591E+03 -2.44192E+03 -1.22629E+02  6.53565E+02 -1.74309E+03  3.48914E+02 -1.32542E+03 -1.49124E+02  8.50865E+02 -1.05509E+03  4.66905E+02  3.70658E+02  4.54785E+02  4.43916E+02 -4.30162E+02 -9.85954E+02 -1.06807E+02  1.32274E+03  7.12591E+02 -3.04656E+03  1.30633E+03 -1.02025E+03  3.36296E+02  9.91122E+02 -8.28748E+02 -1.92350E+03  9.41092E+03  3.65241E+00  1.03221E+03 -2.06221E+02 -1.88190E+03 -4.68342E+02
 OMEGA(8,4)   -1.69415E+02 -4.95920E+02  2.05409E+02 -1.94271E+02  2.72331E+02  6.77134E+00 -4.18379E+02  3.67308E+02 -1.30341E+04  0.00000E+00  7.31363E+03 -1.00113E+02 -7.68570E+02 -6.20120E+02 -1.10250E+02  7.37396E+02 -6.09357E+02 -1.76668E+03 -2.32771E+03  2.58687E+02 -4.68907E+02  3.70917E+02  7.04406E+02 -1.08074E+03  6.15526E+02  2.76404E+02  2.00395E+02 -2.88050E+02 -3.90360E+02  3.47251E+02  6.14330E+02  4.30447E+02 -1.02992E+03 -2.06231E+03  1.07008E+03 -1.73426E+03  3.95126E+02  6.74996E+01 -9.15311E+02  1.28492E+03  1.55873E+03  3.65241E+00  3.38883E+03 -5.93143E+02  3.44890E+02  2.25537E+03 -1.40386E+03
 OMEGA(8,5)   -7.57261E+01 -2.64177E+02  3.30649E+02  2.38229E+02  3.06296E+02  3.52751E+02  6.72672E+01  3.74281E+00  1.70757E+04  0.00000E+00  6.91311E+03  8.05011E+02  2.49004E+03  1.31854E+03 -9.90683E+02 -1.06081E+02 -4.15285E+02  5.81948E+02  9.86649E+02 -1.26269E+03 -6.87847E+01 -3.49834E+03 -5.58664E+03  2.25668E+02 -1.96022E+02  1.70268E+03 -9.71808E+02 -1.52472E+03 -9.20685E+02  4.89938E+02  3.06953E+03  7.48559E+02  1.98764E+03  2.76382E+03 -8.12446E+02  2.52984E+02 -2.42312E+03 -6.89981E+02  6.38107E+02 -2.25406E+03 -3.52538E+03  1.03221E+03 -5.93143E+02  6.82032E+03  1.33807E+03 -3.13505E+03  1.19809E+03
 OMEGA(8,6)   -2.00679E+02 -7.98702E+01 -1.15648E+02  4.77284E+00  2.61407E+02  2.74718E+02 -1.25628E+02  3.06255E+01  5.13618E+03  0.00000E+00 -2.10621E+03 -9.40686E+01  6.47159E+02  8.60489E+02  6.44913E+02  3.68591E+02 -5.81912E+02  3.39571E+02 -1.09356E+02 -5.05305E+02 -1.89296E+02 -7.65286E+02 -1.27758E+03 -1.15038E+03  3.06021E+02  1.02929E+03 -1.41098E+03 -2.33807E+03 -4.88933E+02  4.23817E+02  1.83323E+03  1.04699E+03  2.53624E+02  7.66531E+02  4.19925E+02 -1.27431E+02 -4.52944E+02 -9.54570E+02  1.18726E+02 -7.04956E+02 -1.94578E+03 -2.06221E+02  3.44890E+02  1.33807E+03  2.64080E+03 -5.59238E+02  8.58149E+02
 OMEGA(8,7)   -2.40117E+02 -1.04324E+02  5.54375E+01 -4.03925E+02  1.81103E+01 -1.91765E+02 -1.35632E+02  2.71983E+02 -4.46608E+03  0.00000E+00 -1.15494E+03 -6.33619E+02 -2.17940E+03 -1.18615E+03  1.08470E+03  7.09767E+02 -4.90498E+02 -1.17125E+03 -2.41482E+03  1.19653E+03 -3.71930E+02  1.75621E+03  2.45174E+03 -8.98478E+02  6.79603E+02 -4.91170E+02  2.79258E+02  8.20778E+02  1.19819E+02  4.50464E+01 -3.45213E+02  2.68594E+01 -2.22454E+03 -3.19874E+03  1.22669E+03 -2.03546E+03  1.69675E+03  9.89971E+02 -1.53222E+03  1.91376E+03  3.59919E+03 -1.88190E+03  2.25537E+03 -3.13505E+03 -5.59238E+02  4.98838E+03 -1.85885E+03
 OMEGA(8,8)    1.49794E+02  4.07441E+02 -5.32829E+01  1.46840E+02 -6.76864E+01  1.41167E+01  2.27067E+02 -4.07941E+02  8.75252E+03  0.00000E+00 -4.44943E+02  3.56986E+02  1.77484E+03  1.32203E+03  7.78677E+01 -1.03655E+03  8.25862E+02  9.58298E+02  1.10665E+03 -2.07045E+02  9.28195E+01 -8.96196E+02 -1.32950E+03  5.63649E+02 -5.38702E+02  6.00578E+02 -5.07425E+02 -9.41973E+02  3.20563E+02  3.17730E+02  1.27354E+02 -6.08535E+01  1.10028E+03  1.61338E+03 -7.39691E+02  6.48075E+02 -1.21198E+03 -1.41270E+02  4.67516E+02 -2.53692E+03 -3.59021E+03 -4.68342E+02 -1.40386E+03  1.19809E+03  8.58149E+02 -1.85885E+03  2.90675E+03
TABLE NO.     2: MCMC Bayesian Analysis: Problem=1 Subproblem=0 Superproblem1=0 Iteration1=0 Superproblem2=0 Iteration2=0
 NAME         THETA1       THETA2       THETA3       THETA4       THETA5       THETA6       THETA7       THETA8       SIGMA(1,1)   SIGMA(2,1)   SIGMA(2,2)   OMEGA(1,1)   OMEGA(2,1)   OMEGA(2,2)   OMEGA(3,1)   OMEGA(3,2)   OMEGA(3,3)   OMEGA(4,1)   OMEGA(4,2)   OMEGA(4,3)   OMEGA(4,4)   OMEGA(5,1)   OMEGA(5,2)   OMEGA(5,3)   OMEGA(5,4)   OMEGA(5,5)   OMEGA(6,1)   OMEGA(6,2)   OMEGA(6,3)   OMEGA(6,4)   OMEGA(6,5)   OMEGA(6,6)   OMEGA(7,1)   OMEGA(7,2)   OMEGA(7,3)   OMEGA(7,4)   OMEGA(7,5)   OMEGA(7,6)   OMEGA(7,7)   OMEGA(8,1)   OMEGA(8,2)   OMEGA(8,3)   OMEGA(8,4)   OMEGA(8,5)   OMEGA(8,6)   OMEGA(8,7)   OMEGA(8,8)
 THETA1        2.16691E+02  6.50103E+01 -1.65445E+01 -1.81990E+01 -3.26312E+01 -6.93305E+00  1.26044E+01 -9.90132E+01 -5.59958E+01  0.00000E+00  5.46165E+01 -4.13146E+00 -7.23404E-01  1.50461E+01  4.29973E-01 -6.77869E+00 -1.31070E+01  3.33017E-01  9.21360E+00  2.10094E+01  3.22516E+00  1.21939E+01 -6.15542E+00  1.91585E+00 -9.16598E+00 -7.46435E+00  1.61508E+00 -1.20811E+01  3.56041E-01 -6.91887E+00 -5.27691E+00  1.07717E+00 -1.05758E+01 -1.47120E+01 -4.58435E+00  2.56670E+00  4.65842E+00  9.99444E-01 -6.85610E+00  3.14859E+00 -1.23504E+01 -1.65418E-01 -1.61281E+01  1.03093E+00  8.23410E+00  1.28885E+01  1.92741E+00
 THETA2        6.50103E+01  2.38837E+02  4.48859E+00 -1.63673E+01 -3.44752E+01 -1.45532E+01  6.94571E+01 -1.02867E+02 -1.72363E+02  0.00000E+00  1.89172E+01 -2.58991E+00 -2.06237E+00  3.90805E+01 -1.52959E+01 -2.37765E+01  6.96730E+00  4.48297E+00  3.58502E+01  1.56237E+01 -3.05540E-01 -1.15706E+00 -7.50467E+00  2.29722E+01 -1.22518E+01  4.67719E+00 -2.83713E+00 -2.29332E+01 -1.58704E+00 -4.66855E+00  1.63393E+01  6.23057E+00 -2.87032E+01 -6.25691E+01 -1.30782E+01  1.79210E+01  6.73073E-03  3.94426E+00 -2.20068E+01  1.56655E+01 -2.63700E+01 -6.69348E+00 -2.10950E+01  1.17224E+01  1.47081E+01  4.51258E+01  2.75541E+00
 THETA3       -1.65445E+01  4.48859E+00  3.14113E+02  7.94985E+00 -3.78654E+00 -2.18531E+01 -1.58178E+01 -5.91187E+01  5.11433E+00  0.00000E+00  4.95510E+02  6.85008E+00  4.97215E+00 -3.91676E+00 -2.19884E+01 -2.33263E+01  3.50483E+01  1.31848E+01  7.97050E-01 -4.93270E+01 -3.01304E+01 -8.92450E+00  1.46185E+01  2.44965E+01 -5.73092E+00  6.76010E-01 -2.45145E+00  2.64264E+00 -2.05031E+00  1.43113E+01 -1.55000E+00  3.09477E+00 -2.03892E+00  2.45357E+00  2.41126E+01 -8.53376E-01 -2.23810E+00 -5.65379E-01 -5.91132E+00  9.49133E+00 -6.79306E-01 -1.36320E+01  8.44333E+00 -8.63016E+00 -1.92884E+00 -1.20811E+01 -2.38068E+00
 THETA4       -1.81990E+01 -1.63673E+01  7.94985E+00  2.19608E+02  1.88977E+01 -2.10418E+01  7.39934E+01 -5.25959E+01  2.50141E+02  0.00000E+00 -7.17999E+01  1.56303E+00  8.56834E+00 -6.81486E+00 -1.13419E+01 -6.43711E+00  2.01491E+01 -1.46515E+00  5.06595E+00 -1.40884E+01 -1.59327E+01 -1.51263E+00  3.06662E+00  5.29662E+00 -1.77995E+00  7.55949E+00  3.91085E+00  5.85734E+00  7.26071E+00 -3.03657E-01 -7.94997E-01 -6.33104E+00  4.07583E+00  9.16725E+00  2.08944E+01  8.68986E-01 -1.24393E+01 -5.50722E+00 -2.22676E+00 -2.69508E+00  3.98302E+00 -1.29309E+01  4.85100E+00  5.62316E+00 -8.78506E+00 -1.00939E+01  2.18175E-01
 THETA5       -3.26312E+01 -3.44752E+01 -3.78654E+00  1.88977E+01  2.56492E+02  5.65283E+01 -3.40451E+01  3.16471E+01 -1.01398E+02  0.00000E+00  7.36885E+00 -2.48186E+00 -3.33561E-01 -1.28256E+01  3.37788E+00  1.34294E+01  7.17524E+00  5.89209E+00  3.42294E-01 -2.68357E+00 -2.74458E+00 -1.67724E+00  7.64308E+00 -2.08682E+01 -1.33224E+01 -3.85545E-01  7.71683E-01  1.59967E+01  5.62745E-01 -7.72602E+00 -1.00848E+01 -8.41107E+00  5.47564E+00  3.93526E+00  1.15770E+01  4.20436E+00  2.59379E+00  8.17723E+00  6.02730E+00  4.60213E+00  2.23936E+01 -3.93133E+00 -6.52623E-01 -1.19032E+01 -2.27026E+01  5.55236E-01 -1.41324E+01
 THETA6       -6.93305E+00 -1.45532E+01 -2.18531E+01 -2.10418E+01  5.65283E+01  2.01357E+02 -3.24669E+01  6.08921E+01 -3.82530E+02  0.00000E+00  1.23091E+02 -1.93249E+00 -3.81791E+00 -1.09850E+01  6.73532E+00  4.83859E+00 -1.06037E+01 -6.10771E+00 -7.75615E+00  1.10137E+01  2.03297E+00 -7.62274E+00  4.59059E+00 -9.51106E+00 -4.02392E+00  4.49488E+00  5.63322E-01  1.88484E+01  5.43829E+00 -1.44679E+01  1.18801E+00 -4.05333E+00 -7.05426E+00 -6.83135E+00  6.73997E+00  2.23069E+00  1.20323E+01  2.27088E+01  4.95129E-01  7.33795E+00  2.11337E+01 -2.72250E+00 -3.19396E+00 -4.67561E+00 -1.80071E+01  8.01619E+00 -1.65033E+01
 THETA7        1.26044E+01  6.94571E+01 -1.58178E+01  7.39934E+01 -3.40451E+01 -3.24669E+01  2.58414E+02 -1.01698E+02  2.50826E+02  0.00000E+00 -5.11840E+01 -1.33329E+00 -2.13474E+00  1.12083E+01 -1.01302E+01  2.44174E-01  6.50361E+00 -4.15863E+00  1.07999E+01  2.79093E+00 -1.23544E+00  2.60826E+00 -5.18353E+00 -2.38766E+00  2.44152E+00  5.91797E+00 -1.90928E+00 -1.77876E+00  2.21088E+00  2.11269E+00  1.94331E+00 -3.10628E+00 -1.18102E+01 -1.37789E+01  4.49641E+00  7.99956E+00 -7.30309E+00  4.23736E+00 -4.98193E+00  1.37527E+01 -1.65946E+00 -5.05238E+00 -9.27041E+00  5.42930E+00  8.10236E-01  8.71188E+00 -1.82864E+00
 THETA8       -9.90132E+01 -1.02867E+02 -5.91187E+01 -5.25959E+01  3.16471E+01  6.08921E+01 -1.01698E+02  3.22772E+02  2.76478E+02  0.00000E+00 -1.34773E+02  2.97362E+00  1.10783E+01 -1.92825E+01  9.66093E+00  1.76058E+01 -1.11299E+01 -8.51581E+00 -1.91496E+01 -5.70114E+00  7.08725E+00 -6.89046E+00 -1.28043E+01 -1.08744E+01  5.65333E+00  2.21375E+00 -5.09868E+00  8.91310E+00  6.19031E+00 -1.09327E+01 -1.58455E+00  8.40964E-01  1.60893E+01  3.66444E+01 -6.55720E+00 -4.64850E+00  5.68046E+00 -5.83889E+00  2.28645E+01 -1.85678E+01  1.92531E+00  1.46632E+01  1.08082E+01  5.64906E-01 -6.77344E+00 -2.98637E+01  3.52157E-01
 SIGMA(1,1)   -5.59958E+01 -1.72363E+02  5.11433E+00  2.50141E+02 -1.01398E+02 -3.82530E+02  2.50826E+02  2.76478E+02  2.41661E+06  0.00000E+00  2.89256E+04 -7.20451E+02 -2.69853E+03 -3.50127E+02 -6.45492E+02  2.90305E+03 -1.43413E+02 -4.51822E+02 -7.03220E+02  9.06908E+02  1.17322E+03  8.90417E+02  9.13166E+02  5.25326E+02  9.88197E+02 -3.51486E+02  5.25087E+02  6.18427E+02  3.71791E+02 -6.02190E+01 -7.33649E+02 -8.22052E+02 -1.46739E+03 -4.82734E+02  1.53197E+03  1.08697E+03  2.11754E+02 -1.07788E+03  2.95514E+02  1.94315E+03  1.73347E+03 -1.17506E+03 -8.00175E+02 -1.84742E+03 -2.60757E+02 -4.37374E+02 -2.97212E+02
 SIGMA(2,1)    0.00000E+00  0.00000E+00  0.00000E+00  0.00000E+00  0.00000E+00  0.00000E+00  0.00000E+00  0.00000E+00  0.00000E+00  0.00000E+00  0.00000E+00  0.00000E+00  0.00000E+00  0.00000E+00  0.00000E+00  0.00000E+00  0.00000E+00  0.00000E+00  0.00000E+00  0.00000E+00  0.00000E+00  0.00000E+00  0.00000E+00  0.00000E+00  0.00000E+00  0.00000E+00  0.00000E+00  0.00000E+00  0.00000E+00  0.00000E+00  0.00000E+00  0.00000E+00  0.00000E+00  0.00000E+00  0.00000E+00  0.00000E+00  0.00000E+00  0.00000E+00  0.00000E+00  0.00000E+00  0.00000E+00  0.00000E+00  0.00000E+00  0.00000E+00  0.00000E+00  0.00000E+00  0.00000E+00
 SIGMA(2,2)    5.46165E+01  1.89172E+01  4.95510E+02 -7.17999E+01  7.36885E+00  1.23091E+02 -5.11840E+01 -1.34773E+02  2.89256E+04  0.00000E+00  7.13974E+05 -4.69034E+02 -1.06188E+03 -1.22856E+03 -4.71509E+02 -8.70177E+02 -8.59736E+02  2.34048E+02  3.95508E+02 -2.99533E+01 -2.18046E+02  3.57836E+02  1.43012E+03  1.20720E+03  6.06071E+01  2.47905E+02  4.60349E+02  1.19825E+03  2.93233E+02 -3.27348E+02  5.42911E+01  7.62052E+02 -3.12863E+02 -9.28770E+02  4.95427E+02 -4.59065E+01  7.01535E+02  4.04167E+02 -2.47745E+02  6.19211E+02  2.15156E+03  8.48488E+02 -2.38330E+02 -1.13924E+03 -8.70680E+02  7.04754E+02 -4.73146E+02
 OMEGA(1,1)   -4.13146E+00 -2.58991E+00  6.85008E+00  1.56303E+00 -2.48186E+00 -1.93249E+00 -1.33329E+00  2.97362E+00 -7.20451E+02  0.00000E+00 -4.69034E+02  4.57989E+02  2.89241E+02  5.88758E+01 -1.02023E+02 -5.38600E+01 -3.00336E+00 -8.72329E+01 -9.66396E+00  1.15250E+01  2.00950E+00 -1.61494E+02 -7.28500E+01  4.45715E+01  2.21768E+01  8.83148E+00 -3.44326E+01 -1.25904E+01  2.10285E+01  1.57489E+01 -1.02961E+00 -7.46278E+00  5.34640E+01  2.34761E+01 -2.63044E+01 -6.84313E-01 -2.92241E+01 -3.48722E+00 -1.73530E+00 -4.12003E+02 -1.55874E+02  7.73368E+01  4.38219E+01  8.09616E+01  1.68372E+01 -2.86938E+01  9.30011E+01
 OMEGA(2,1)   -7.23404E-01 -2.06237E+00  4.97215E+00  8.56834E+00 -3.33561E-01 -3.81791E+00 -2.13474E+00  1.10783E+01 -2.69853E+03  0.00000E+00 -1.06188E+03  2.89241E+02  1.21101E+03  4.23282E+02  1.09360E+01 -1.59790E+02 -1.69733E+01 -9.53343E+01 -9.07158E+01 -2.07852E+01 -4.42565E+00 -2.41841E+02 -3.01693E+02  6.06251E+01  3.02755E+01  1.41349E+01 -1.17450E+02 -1.32625E+02  3.98711E+01  2.90818E+01  5.64018E+00  2.42116E+00  3.57104E+02  2.16797E+02 -6.68107E+01 -2.19073E+01 -1.01692E+02 -4.41054E+01  2.53023E+01 -6.57682E+02 -7.82830E+02  7.27455E+01  8.49657E+01  2.16503E+02  1.06751E+02 -2.16876E+02  2.66033E+02
 OMEGA(2,2)    1.50461E+01  3.90805E+01 -3.91676E+00 -6.81486E+00 -1.28256E+01 -1.09850E+01  1.12083E+01 -1.92825E+01 -3.50127E+02  0.00000E+00 -1.22856E+03  5.88758E+01  4.23282E+02  6.85311E+02  3.88741E+01  9.68523E+01 -1.05532E+01 -3.68772E+01 -1.25909E+02 -1.80060E+01 -3.29760E+00 -7.78145E+01 -2.47429E+02 -1.34603E+01  1.84968E+01 -7.92459E-01 -6.71057E+01 -1.93604E+02 -2.86179E+01  2.41141E+01  2.21987E+01  1.03681E+01  1.18773E+02  4.43913E+02  1.63209E+01 -3.95775E+01 -7.81957E+01 -6.09475E+01  5.61362E+01 -2.27011E+02 -7.36057E+02 -5.48274E+01  6.71452E+01  1.53970E+02  1.41039E+02 -2.26340E+02  1.99097E+02
