TABLE NO.     1: MCMC Bayesian Analysis: Problem=1 Subproblem=0 Superproblem1=0 Iteration1=0 Superproblem2=0 Iteration2=0
 NAME         THETA1       THETA2       THETA3       THETA4       THETA5       THETA6       THETA7       THETA8       SIGMA(1,1)   SIGMA(2,1)   SIGMA(2,2)   OMEGA(1,1)   OMEGA(2,1)   OMEGA(2,2)   OMEGA(3,1)   OMEGA(3,2)   OMEGA(3,3)   OMEGA(4,1)   OMEGA(4,2)   OMEGA(4,3)   OMEGA(4,4)   OMEGA(5,1)   OMEGA(5,2)   OMEGA(5,3)   OMEGA(5,4)   OMEGA(5,5)   OMEGA(6,1)   OMEGA(6,2)   OMEGA(6,3)   OMEGA(6,4)   OMEGA(6,5)   OMEGA(6,6)   OMEGA(7,1)   OMEGA(7,2)   OMEGA(7,3)   OMEGA(7,4)   OMEGA(7,5)   OMEGA(7,6)   OMEGA(7,7)   OMEGA(8,1)   OMEGA(8,2)   OMEGA(8,3)   OMEGA(8,4)   OMEGA(8,5)   OMEGA(8,6)   OMEGA(8,7)   OMEGA(8,8)
 THETA1        7.59742E-02 -1.36858E-01  1.64924E-01  1.11267E-01  9.37303E-02 -7.63625E-02  1.21363E-01  3.53023E-01 -1.07907E-02  0.00000E+00  1.54839E-02 -1.19682E-02  1.22285E-02 -3.79346E-03 -5.76650E-03 -1.82509E-02  2.57201E-02  1.53528E-02 -2.25534E-03 -1.32429E-02 -1.78576E-02 -1.80852E-02  7.86260E-03  3.17669E-03  1.09192E-02 -9.55197E-03  1.75164E-02 -1.26919E-02  2.68214E-02  6.60495E-03 -7.40490E-03 -6.71871E-03  7.22415E-03 -6.64628E-03  2.37861E-02  1.17230E-02 -4.67231E-03  2.90793E-03  9.84003E-03  6.65314E-03 -1.42765E-03 -1.30395E-02  5.25963E-03 -5.71552E-03  7.21846E-03  2.56015E-03 -1.28809E-03
 THETA2       -1.36858E-01  7.71534E-02 -1.26888E-02  2.01431E-01  4.45324E-02 -3.54969E-02 -2.33029E-01  2.09685E-01  7.45085E-03  0.00000E+00 -1.29304E-02  3.69399E-03  7.21806E-02 -1.89921E-01  1.55166E-02  9.37105E-02  8.37930E-03 -1.08122E-02 -1.22388E-01  2.46208E-02  2.43075E-02  1.48490E-02  2.74590E-03 -5.31361E-03 -1.01071E-02  2.81645E-04  8.54340E-03  1.44192E-03 -2.76197E-03  5.55603E-03 -1.05157E-02  1.14217E-02 -1.59246E-02  2.06466E-01 -7.40643E-03 -1.28426E-02  9.56954E-03 -1.30220E-02 -2.33609E-02 -6.26648E-03  2.69534E-02  2.31648E-02  1.82850E-02  2.24262E-03 -1.92718E-02 -2.22915E-02  2.17021E-02
 THETA3        1.64924E-01 -1.26888E-02  6.01092E-02  3.86523E-02  2.86240E-03  2.64388E-02  1.61328E-01  2.41931E-01  1.46363E-03  0.00000E+00  4.62200E-03 -2.79707E-02  1.32089E-02  2.05909E-02  3.88725E-02  3.21897E-02 -8.23776E-02 -3.08273E-02  4.48080E-02  1.33124E-01  9.21689E-02 -4.54735E-03 -5.84482E-04 -4.74358E-02  1.21145E-03 -2.02266E-02 -1.75289E-02  2.05162E-02  2.35483E-02 -2.47980E-02  1.83231E-02 -1.99284E-02  9.41336E-03 -2.42280E-02 -4.84070E-02 -4.12179E-02 -8.82111E-03  1.84726E-02  3.41686E-03 -2.20064E-03  6.33382E-03  2.62560E-02  6.73964E-03 -8.43148E-04  1.24111E-02 -7.12852E-03  1.10071E-02
 THETA4        1.11267E-01  2.01431E-01  3.86523E-02  7.52424E-02 -1.13463E-01  4.77095E-02 -2.78155E-01  1.97857E-01  6.78240E-03  0.00000E+00 -5.29018E-03 -4.66925E-03  2.30515E-02 -1.13156E-03  7.30122E-03  3.72543E-02 -2.42271E-02  1.36450E-03  1.39100E-02  4.23914E-02  4.32778E-02 -7.74632E-04  6.91905E-03 -9.81372E-03  8.15285E-03  4.19067E-03  1.72934E-03 -2.24070E-03  5.67831E-03 -3.21308E-03 -3.38440E-03  8.52333E-03  1.35982E-03  7.81744E-03 -1.74115E-02 -2.68590E-02  6.15842E-03 -5.45554E-04  1.63704E-02 -9.78902E-03  2.10906E-02  3.16268E-02 -1.37573E-02 -4.98055E-03 -7.18319E-03  2.89687E-03  1.42146E-02
 THETA5        9.37303E-02  4.45324E-02  2.86240E-03 -1.13463E-01  6.64324E-02 -2.23473E-01  1.18416E-01  3.99713E-02  1.20362E-02  0.00000E+00 -1.15991E-02  4.34500E-03 -1.17517E-02  7.30904E-03  9.26008E-03 -1.43406E-02  3.67074E-03 -7.32529E-03  8.44493E-03 -3.55193E-03  1.92330E-02  4.94320E-03  1.20571E-02  1.26781E-03 -1.48465E-03 -1.77796E-02  2.44067E-02 -2.75980E-04 -4.11515E-03  2.37166E-02 -3.91041E-03  1.44035E-02  2.36091E-02 -1.61800E-02  5.42851E-03 -3.03693E-03 -1.06157E-02 -5.00577E-03  6.76540E-03  9.53175E-04 -8.31311E-03  1.25120E-03  5.42338E-03  1.33978E-02  9.87690E-03  1.49813E-02  1.61927E-02
 THETA6       -7.63625E-02 -3.54969E-02  2.64388E-02  4.77095E-02 -2.23473E-01  7.62500E-02  1.44946E-02 -2.04879E-01 -2.65116E-03  0.00000E+00 -1.25042E-03  1.10673E-02 -2.83446E-02  1.59367E-02 -4.47107E-03  6.67331E-03  4.99606E-03 -1.64890E-02  6.80637E-03 -1.03192E-02  9.01986E-04  2.81335E-02 -2.69777E-03  7.09172E-03  1.13391E-02 -3.06015E-02  1.90249E-02 -1.31744E-02  1.02953E-02  5.20573E-02 -2.12400E-03  2.17723E-02  8.89207E-03 -1.29031E-02  3.19796E-03  1.35102E-02 -4.39843E-03 -2.02711E-02  2.60762E-03 -7.76014E-03  1.23019E-03  7.47129E-03 -3.68350E-03  6.74677E-03  1.47528E-02 -1.40048E-03  2.34317E-03
 THETA7        1.21363E-01 -2.33029E-01  1.61328E-01 -2.78155E-01  1.18416E-01  1.44946E-02  7.05862E-02  2.43804E-01 -4.04174E-03  0.00000E+00  1.44350E-02 -1.31646E-03 -4.70421E-03  2.51842E-02 -1.64728E-02 -3.20865E-03 -6.73377E-03  2.42648E-02  7.92590E-03 -1.45083E-02 -2.09072E-04 -1.23220E-03  1.30356E-02  8.61442E-03 -4.63845E-03  3.04843E-03 -9.12800E-03  7.80398E-03  5.23813E-03  6.82156E-03  2.02094E-03 -8.15515E-03 -8.57941E-03 -1.13657E-02 -5.53610E-03  1.46133E-02 -1.10687E-02  3.60806E-03 -8.89251E-03 -7.77695E-03  4.35519E-03 -1.98964E-02  1.21470E-02 -2.14626E-03  7.01452E-03  6.18770E-03 -4.53599E-03
 THETA8        3.53023E-01  2.09685E-01  2.41931E-01  1.97857E-01  3.99713E-02 -2.04879E-01  2.43804E-01  7.10206E-02  5.02813E-03  0.00000E+00 -1.28130E-03 -4.89088E-03 -6.42351E-03  2.87606E-02  1.50105E-02  6.48300E-03  1.68602E-02  1.86820E-02  2.44111E-02  2.59475E-02  6.74863E-03  5.23494E-03 -1.62094E-03  1.06380E-02 -2.34539E-03  4.90363E-03  2.16810E-03 -3.35585E-03  1.04118E-02  5.17344E-03 -3.47119E-03 -7.57881E-03  1.19496E-03 -2.23689E-02  5.70781E-04 -2.02660E-03  1.19172E-03  5.04963E-03  7.62054E-03  2.94346E-03  6.17639E-03  1.77847E-02  1.45905E-02  4.56884E-03 -1.39091E-03  2.26637E-02  2.35772E-02
 SIGMA(1,1)   -1.07907E-02  7.45085E-03  1.46363E-03  6.78240E-03  1.20362E-02 -2.65116E-03 -4.04174E-03  5.02813E-03  6.30096E-04  0.00000E+00 -4.72741E-02  6.19180E-03  2.49807E-02 -4.89174E-02 -2.65388E-02 -8.04688E-04 -3.50068E-02 -7.97771E-03 -9.21848E-04 -1.58623E-02 -1.49548E-02 -9.96918E-03 -5.53412E-03  1.66037E-02 -1.38102E-02  7.04135E-03  4.45810E-03  4.67799E-03  3.52410E-03 -1.87417E-02  8.12639E-03  2.65680E-02 -1.50150E-02  3.01619E-02 -1.27733E-02  3.13343E-04  2.24984E-02  4.89239E-03 -3.51148E-03 -2.34453E-02 -5.43148E-03 -3.66401E-02 -2.39205E-02 -6.09936E-04  9.67832E-04 -3.87362E-03 -2.83654E-02
 SIGMA(2,1)    0.00000E+00  0.00000E+00  0.00000E+00  0.00000E+00  0.00000E+00  0.00000E+00  0.00000E+00  0.00000E+00  0.00000E+00  0.00000E+00  0.00000E+00  0.00000E+00  0.00000E+00  0.00000E+00  0.00000E+00  0.00000E+00  0.00000E+00  0.00000E+00  0.00000E+00  0.00000E+00  0.00000E+00  0.00000E+00  0.00000E+00  0.00000E+00  0.00000E+00  0.00000E+00  0.00000E+00  0.00000E+00  0.00000E+00  0.00000E+00  0.00000E+00  0.00000E+00  0.00000E+00  0.00000E+00  0.00000E+00  0.00000E+00  0.00000E+00  0.00000E+00  0.00000E+00  0.00000E+00  0.00000E+00  0.00000E+00  0.00000E+00  0.00000E+00  0.00000E+00  0.00000E+00  0.00000E+00
 SIGMA(2,2)    1.54839E-02 -1.29304E-02  4.62200E-03 -5.29018E-03 -1.15991E-02 -1.25042E-03  1.44350E-02 -1.28130E-03 -4.72741E-02  0.00000E+00  1.19164E-03 -1.12580E-02 -6.30267E-03  7.34199E-03  5.14643E-03  1.15095E-02 -2.21455E-02 -5.56427E-04  1.77967E-03 -6.90959E-03  6.70787E-03  7.74989E-03 -1.22281E-02 -2.72212E-03 -3.86194E-03  8.10288E-03 -1.44546E-02 -1.42018E-04  1.19116E-02  1.37243E-02 -5.92973E-03 -4.05515E-02 -4.81081E-03  1.40792E-03 -1.23513E-02  1.06033E-04 -4.45206E-03 -1.49588E-02  5.15092E-03 -2.83941E-03 -3.48816E-03 -6.95708E-03  1.79456E-02 -8.31897E-03  7.41897E-03 -3.92762E-03 -4.70104E-03
 OMEGA(1,1)   -1.19682E-02  3.69399E-03 -2.79707E-02 -4.66925E-03  4.34500E-03  1.10673E-02 -1.31646E-03 -4.89088E-03  6.19180E-03  0.00000E+00 -1.12580E-02  6.05780E-02 -2.08413E-01  4.66228E-02  2.43998E-01 -5.22980E-02  3.95147E-02  1.34465E-01 -1.75776E-02 -3.48017E-03  1.49863E-02  1.59757E-01 -2.01588E-02  3.76878E-02  1.39802E-02  4.31344E-02 -9.43633E-02  2.15106E-02 -2.63183E-02 -2.77706E-02 -1.35536E-02  3.40262E-02  1.78404E-01 -2.09886E-02  3.56937E-02  1.32416E-02  4.45064E-02  1.74481E-03  3.03295E-02  4.83018E-01 -6.58289E-02  7.94393E-02  4.96753E-02  7.42718E-02 -4.48585E-02  6.26582E-02  1.41030E-01
 OMEGA(2,1)    1.22285E-02  7.21806E-02  1.32089E-02  2.30515E-02 -1.17517E-02 -2.83446E-02 -4.70421E-03 -6.42351E-03  2.49807E-02  0.00000E+00 -6.30267E-03 -2.08413E-01  4.06567E-02 -2.87261E-01 -6.57482E-02  2.12690E-01 -1.70265E-02  1.94516E-01 -1.16263E-02  4.47184E-02  3.49809E-02  2.41863E-02  1.07433E-01 -2.01229E-02  4.05439E-02 -1.88804E-02 -1.87079E-02 -5.47243E-02  1.62973E-02 -2.79281E-02  9.87688E-03  4.47674E-03 -2.48486E-01  2.00968E-01 -4.39894E-02  1.12999E-02 -3.40760E-02  2.79787E-02 -5.15124E-02  1.82318E-01  2.87499E-01  3.02589E-02  1.04600E-01  3.91401E-02 -6.23504E-03 -5.04574E-02  1.27210E-01
 OMEGA(2,2)   -3.79346E-03 -1.89921E-01  2.05909E-02 -1.13156E-03  7.30904E-03  1.59367E-02  2.51842E-02  2.87606E-02 -4.89174E-02  0.00000E+00  7.34199E-03  4.66228E-02 -2.87261E-01  5.72045E-02  2.16405E-02 -1.04351E-01  3.65279E-02 -5.63696E-02  3.34545E-01  1.27653E-02  6.08260E-02  4.16199E-03  5.67423E-02 -7.95793E-03  4.61050E-03  3.53806E-02  1.63713E-03 -5.40580E-03 -5.83861E-03  1.17424E-02  5.81783E-03  1.61529E-02  5.98000E-02 -3.83386E-01  1.29017E-02 -5.67467E-02 -3.35561E-03 -7.37582E-03  7.12683E-02 -3.49019E-02  3.33620E-01  2.60700E-02  6.71854E-02 -3.37706E-03 -2.56545E-02 -6.54572E-02  7.12749E-02
 OMEGA(3,1)   -5.76650E-03  1.55166E-02  3.88725E-02  7.30122E-03  9.26008E-03 -4.47107E-03 -1.64728E-02  1.50105E-02 -2.65388E-02  0.00000E+00  5.14643E-03  2.43998E-01 -6.57482E-02  2.16405E-02  3.30734E-02 -1.01365E-01  2.63682E-01  6.42626E-03  2.87764E-02  1.65012E-01  2.35271E-02  3.13079E-02 -2.38888E-03  1.13347E-01 -7.07745E-04  2.91345E-03  1.28388E-02  1.49207E-03 -5.56330E-02 -5.22101E-03  5.16307E-03  3.01883E-02  1.78604E-01 -3.25966E-02  8.98719E-02  1.36607E-02  1.59494E-02  1.60548E-02  1.04042E-02  2.69107E-01 -3.68514E-02  4.19246E-01  5.39662E-02  4.39003E-02 -2.12769E-02  6.61078E-02  1.29908E-01
 OMEGA(3,2)   -1.82509E-02  9.37105E-02  3.21897E-02  3.72543E-02 -1.43406E-02  6.67331E-03 -3.20865E-03  6.48300E-03 -8.04688E-04  0.00000E+00  1.15095E-02 -5.22980E-02  2.12690E-01 -1.04351E-01 -1.01365E-01  3.02443E-02 -9.09371E-03  5.59424E-02 -3.16820E-02  2.17895E-01  1.21389E-02 -5.45582E-04  1.03203E-02  5.99998E-02  1.48204E-02  4.66771E-03 -2.00825E-02  4.50784E-02  1.14868E-02  1.63632E-02 -1.39432E-02 -1.62874E-02 -6.51287E-02  1.96112E-01 -2.40663E-01  1.48553E-02  1.51843E-02 -2.75679E-02 -4.15350E-02 -2.73836E-04  2.22088E-01  2.90189E-01  6.57294E-02  3.09585E-02 -6.65861E-03 -2.37584E-02  9.18284E-02
 OMEGA(3,3)    2.57201E-02  8.37930E-03 -8.23776E-02 -2.42271E-02  3.67074E-03  4.99606E-03 -6.73377E-03  1.68602E-02 -3.50068E-02  0.00000E+00 -2.21455E-02  3.95147E-02 -1.70265E-02  3.65279E-02  2.63682E-01 -9.09371E-03  3.56343E-02  2.79834E-02 -5.47429E-03 -6.79277E-02 -2.22796E-02  8.23371E-03  1.19717E-02  3.48911E-02  6.42321E-03  2.94542E-02  2.05407E-03 -1.56976E-02  3.27314E-02 -2.60852E-04  3.71757E-03  4.41955E-03  4.74470E-02 -1.90765E-02  2.19130E-01  7.68263E-03 -5.94560E-03  2.14534E-02  3.63280E-02  4.95420E-02  1.52969E-02  3.56785E-01  2.22807E-02  1.06535E-02  7.04551E-03  4.46465E-02  6.93126E-02
 OMEGA(4,1)    1.53528E-02 -1.08122E-02 -3.08273E-02  1.36450E-03 -7.32529E-03 -1.64890E-02  2.42648E-02  1.86820E-02 -7.97771E-03  0.00000E+00 -5.56427E-04  1.34465E-01  1.94516E-01 -5.63696E-02  6.42626E-03  5.59424E-02  2.79834E-02  4.11776E-02 -1.17636E-01  1.49981E-01  1.51387E-01 -1.22516E-01  5.36700E-02 -1.94639E-02  9.61742E-02 -3.61899E-02  4.23167E-02 -2.43019E-02  7.44354E-03 -6.26188E-02  3.18122E-02 -1.73933E-02 -2.64333E-01  5.96859E-02 -6.23681E-02  7.11911E-02 -4.35088E-02  1.47209E-02 -4.87935E-02  2.09796E-01  5.10551E-02  4.24146E-02  3.73984E-01 -3.26246E-02  8.60069E-03 -8.06012E-02  1.11894E-01
 OMEGA(4,2)   -2.25534E-03 -1.22388E-01  4.48080E-02  1.39100E-02  8.44493E-03  6.80637E-03  7.92590E-03  2.44111E-02 -9.21848E-04  0.00000E+00  1.77967E-03 -1.75776E-02 -1.16263E-02  3.34545E-01  2.87764E-02 -3.16820E-02 -5.47429E-03 -1.17636E-01  4.15869E-02  4.54063E-02  2.74595E-01  3.94874E-02 -1.47335E-01 -5.63211E-03  2.94608E-02  1.53756E-02 -2.77336E-02  4.26729E-02  6.50443E-03 -2.05669E-02  9.22253E-05 -1.10121E-03  1.71124E-02 -3.78064E-01 -2.02656E-02 -2.55678E-01  2.40903E-02  1.45697E-02  9.15859E-02 -1.16423E-02  2.10923E-01  2.28926E-02  2.93399E-01 -1.74602E-02  9.18219E-03 -1.01607E-01  8.68248E-02
 OMEGA(4,3)   -1.32429E-02  2.46208E-02  1.33124E-01  4.23914E-02 -3.55193E-03 -1.03192E-02 -1.45083E-02  2.59475E-02 -1.58623E-02  0.00000E+00 -6.90959E-03 -3.48017E-03  4.47184E-02  1.27653E-02  1.65012E-01  2.17895E-01 -6.79277E-02  1.49981E-01  4.54063E-02  3.31802E-02  3.54223E-02 -1.52983E-02 -4.88542E-03 -1.41974E-01  6.74550E-03 -1.89078E-02  2.30769E-03  2.47324E-02  6.53865E-02  2.54526E-02  6.84017E-03  5.26306E-03 -2.61436E-02  7.28622E-03 -3.12584E-01  1.26360E-01 -6.91588E-03 -2.54188E-02 -5.87328E-02  4.34146E-02  5.84704E-02  2.10242E-01  2.40682E-01 -7.85622E-03  3.79015E-03 -4.83477E-02  6.68660E-02
 OMEGA(4,4)   -1.78576E-02  2.43075E-02  9.21689E-02  4.32778E-02  1.92330E-02  9.01986E-04 -2.09072E-04  6.74863E-03 -1.49548E-02  0.00000E+00  6.70787E-03  1.49863E-02  3.49809E-02  6.08260E-02  2.35271E-02  1.21389E-02 -2.22796E-02  1.51387E-01  2.74595E-01  3.54223E-02  5.93241E-02 -1.22261E-02 -2.01778E-02 -3.62845E-02 -1.69208E-01  3.92570E-02 -1.24114E-02  1.24287E-02 -6.03297E-04  8.10312E-02 -3.71063E-02  1.79897E-02 -2.96865E-02 -6.12975E-02 -1.56021E-02 -3.91405E-01  4.11366E-02 -1.96680E-02  1.05488E-01  3.61592E-02  6.59711E-02  1.97089E-02  2.71494E-01 -2.75580E-02  1.43770E-02 -6.69607E-02  6.87838E-02
 OMEGA(5,1)   -1.80852E-02  1.48490E-02 -4.54735E-03 -7.74632E-04  4.94320E-03  2.81335E-02 -1.23220E-03  5.23494E-03 -9.96918E-03  0.00000E+00  7.74989E-03  1.59757E-01  2.41863E-02  4.16199E-03  3.13079E-02 -5.45582E-04  8.23371E-03 -1.22516E-01  3.94874E-02 -1.52983E-02 -1.22261E-02  3.72742E-02 -1.46450E-01  1.62355E-01  9.09508E-02  1.45831E-01 -2.43568E-01  2.48578E-02 -3.26033E-02 -1.39121E-02 -1.14706E-01  5.00801E-02  1.30608E-01 -2.29973E-02  2.65072E-02 -1.42445E-02  1.38561E-01 -2.58804E-02  3.78390E-02  7.67988E-02  1.64848E-02  7.16036E-03 -3.54888E-02  3.68877E-01 -9.50483E-02  3.84817E-02  1.91152E-02
 OMEGA(5,2)    7.86260E-03  2.74590E-03 -5.84482E-04  6.91905E-03  1.20571E-02 -2.69777E-03  1.30356E-02 -1.62094E-03 -5.53412E-03  0.00000E+00 -1.22281E-02 -2.01588E-02  1.07433E-01  5.67423E-02 -2.38888E-03  1.03203E-02  1.19717E-02  5.36700E-02 -1.47335E-01 -4.88542E-03 -2.01778E-02 -1.46450E-01  3.39758E-02 -2.20837E-02  1.95622E-01  8.41702E-02  1.44228E-02 -2.42957E-01  2.09171E-03 -1.29669E-02 -1.41115E-02  3.07508E-03 -5.08626E-02  1.22934E-01  4.60247E-04  4.42709E-02 -2.15852E-01  5.24363E-02 -3.76642E-02  3.04410E-02  4.74398E-02 -1.43129E-04 -2.89940E-02  2.67054E-01 -4.27719E-02  2.98411E-02  1.25393E-02
 OMEGA(5,3)    3.17669E-03 -5.31361E-03 -4.74358E-02 -9.81372E-03  1.26781E-03  7.09172E-03  8.61442E-03  1.06380E-02  1.66037E-02  0.00000E+00 -2.72212E-03  3.76878E-02 -2.01229E-02 -7.95793E-03  1.13347E-01  5.99998E-02  3.48911E-02 -1.94639E-02 -5.63211E-03 -1.41974E-01 -3.62845E-02  1.62355E-01 -2.20837E-02  2.78343E-02  2.70092E-03 -5.58295E-03 -2.44332E-02 -3.44527E-02 -2.88781E-01 -1.19311E-02  4.57691E-02 -8.33559E-03  3.94714E-02  1.90645E-02  1.20998E-01 -5.61952E-03  1.55529E-01 -2.26710E-02  1.97101E-02  2.59363E-02  3.85159E-03  3.64427E-02 -2.87428E-02  2.32020E-01 -6.98226E-02  3.17973E-02  6.13979E-03
 OMEGA(5,4)    1.09192E-02 -1.01071E-02  1.21145E-03  8.15285E-03 -1.48465E-03  1.13391E-02 -4.63845E-03 -2.34539E-03 -1.38102E-02  0.00000E+00 -3.86194E-03  1.39802E-02  4.05439E-02  4.61050E-03 -7.07745E-04  1.48204E-02  6.42321E-03  9.61742E-02  2.94608E-02  6.74550E-03 -1.69208E-01  9.09508E-02  1.95622E-01  2.70092E-03  3.55187E-02 -1.81734E-01 -2.20677E-02 -2.06061E-02 -1.81552E-02 -2.34746E-01  7.99441E-02 -3.41073E-02 -1.75927E-02  2.00067E-02  7.64217E-03  1.40950E-01 -2.84778E-01  4.97934E-02 -4.33695E-02  3.32632E-02  1.24955E-02  1.33198E-03  4.88522E-03  1.74313E-01 -3.48210E-02  2.95772E-02  1.59194E-02
 OMEGA(5,5)   -9.55197E-03  2.81645E-04 -2.02266E-02  4.19067E-03 -1.77796E-02 -3.06015E-02  3.04843E-03  4.90363E-03  7.04135E-03  0.00000E+00  8.10288E-03  4.31344E-02 -1.88804E-02  3.53806E-02  2.91345E-03  4.66771E-03  2.94542E-02 -3.61899E-02  1.53756E-02 -1.89078E-02  3.92570E-02  1.45831E-01  8.41702E-02 -5.58295E-03 -1.81734E-01  4.51591E-02 -5.14288E-02 -1.42010E-02 -1.00122E-02  5.12877E-02 -3.55051E-01  5.10752E-02  1.58528E-02 -9.41109E-03  9.17389E-03 -3.88628E-02  1.58554E-01 -3.11149E-02  4.08004E-02  1.98613E-02  6.34738E-03  4.28174E-03 -3.38104E-03  4.14611E-02 -3.96054E-02  1.09917E-02  2.22146E-02
 OMEGA(6,1)    1.75164E-02  8.54340E-03 -1.75289E-02  1.72934E-03  2.44067E-02  1.90249E-02 -9.12800E-03  2.16810E-03  4.45810E-03  0.00000E+00 -1.44546E-02 -9.43633E-02 -1.87079E-02  1.63713E-03  1.28388E-02 -2.00825E-02  2.05407E-03  4.23167E-02 -2.77336E-02  2.30769E-03 -1.24114E-02 -2.43568E-01  1.44228E-02 -2.44332E-02 -2.20677E-02 -5.14288E-02  4.09365E-02 -1.46265E-01  1.65779E-01  9.96147E-02  1.38804E-01 -8.43287E-02 -1.10264E-02  2.67368E-02  6.74339E-03  1.07172E-02 -2.90058E-02  1.17811E-01 -1.46488E-02 -2.35891E-01  3.57709E-02 -3.18660E-02  9.16511E-03 -1.18238E-01  3.64128E-01 -3.49738E-02 -1.12627E-01
 OMEGA(6,2)   -1.26919E-02  1.44192E-03  2.05162E-02 -2.24070E-03 -2.75980E-04 -1.31744E-02  7.80398E-03 -3.35585E-03  4.67799E-03  0.00000E+00 -1.42018E-04  2.15106E-02 -5.47243E-02 -5.40580E-03  1.49207E-03  4.50784E-02 -1.56976E-02 -2.43019E-02  4.26729E-02  2.47324E-02  1.24287E-02  2.48578E-02 -2.42957E-01 -3.44527E-02 -2.06061E-02 -1.42010E-02 -1.46265E-01  3.93489E-02 -2.38873E-02  1.56966E-01  5.90257E-02 -3.19401E-02  3.39519E-02 -7.33447E-03 -3.69541E-03  1.54243E-02  3.93530E-02 -2.40929E-01 -8.08259E-03  3.34410E-02 -2.37264E-01  1.99342E-02 -1.66393E-03 -6.99387E-02  2.75000E-01  5.44831E-02 -5.61322E-02
 OMEGA(6,3)    2.68214E-02 -2.76197E-03  2.35483E-02  5.67831E-03 -4.11515E-03  1.02953E-02  5.23813E-03  1.04118E-02  3.52410E-03  0.00000E+00  1.19116E-02 -2.63183E-02  1.62973E-02 -5.83861E-03 -5.56330E-02  1.14868E-02  3.27314E-02  7.44354E-03  6.50443E-03  6.53865E-02 -6.03297E-04 -3.26033E-02  2.09171E-03 -2.88781E-01 -1.81552E-02 -1.00122E-02  1.65779E-01 -2.38873E-02  3.05204E-02  4.57662E-03  1.01834E-02  8.14334E-02 -6.99414E-03  7.44981E-03 -1.83097E-02  6.23223E-03 -4.41390E-02  1.44328E-01 -1.08320E-02 -4.96356E-02  8.40401E-03 -1.99512E-01  2.65156E-02 -7.34066E-02  2.36155E-01 -3.20885E-02 -7.28476E-02
 OMEGA(6,4)    6.60495E-03  5.55603E-03 -2.47980E-02 -3.21308E-03  2.37166E-02  5.20573E-02  6.82156E-03  5.17344E-03 -1.87417E-02  0.00000E+00  1.37243E-02 -2.77706E-02 -2.79281E-02  1.17424E-02 -5.22101E-03  1.63632E-02 -2.60852E-04 -6.26188E-02 -2.05669E-02  2.54526E-02  8.10312E-02 -1.39121E-02 -1.29669E-02 -1.19311E-02 -2.34746E-01  5.12877E-02  9.96147E-02  1.56966E-01  4.57662E-03  4.14924E-02 -1.69389E-01  8.28557E-02  1.56085E-02  2.87198E-02 -2.20051E-02  8.04062E-03  4.86485E-02 -2.92857E-01 -1.75729E-02 -4.39104E-02 -2.15806E-02  5.99103E-03 -1.81812E-01 -7.72983E-03  1.78794E-01  4.53154E-02 -5.59235E-02
 OMEGA(6,5)   -7.40490E-03 -1.05157E-02  1.83231E-02 -3.38440E-03 -3.91041E-03 -2.12400E-03  2.02094E-03 -3.47119E-03  8.12639E-03  0.00000E+00 -5.92973E-03 -1.35536E-02  9.87688E-03  5.81783E-03  5.16307E-03 -1.39432E-02  3.71757E-03  3.18122E-02  9.22253E-05  6.84017E-03 -3.71063E-02 -1.14706E-01 -1.41115E-02  4.57691E-02  7.99441E-02 -3.55051E-01  1.38804E-01  5.90257E-02  1.01834E-02 -1.69389E-01  3.67213E-02 -3.69961E-01 -1.81591E-02  5.56631E-03  1.03069E-02  4.12877E-03 -9.45028E-03  1.32727E-01 -1.83506E-02 -1.59633E-02 -1.81101E-03 -1.64766E-03  3.56644E-02 -2.20802E-01  8.14285E-02 -4.34502E-02 -9.77524E-03
 OMEGA(6,6)   -6.71871E-03  1.14217E-02 -1.99284E-02  8.52333E-03  1.44035E-02  2.17723E-02 -8.15515E-03 -7.57881E-03  2.65680E-02  0.00000E+00 -4.05515E-02  3.40262E-02  4.47674E-03  1.61529E-02  3.01883E-02 -1.62874E-02  4.41955E-03 -1.73933E-02 -1.10121E-03  5.26306E-03  1.79897E-02  5.00801E-02  3.07508E-03 -8.33559E-03 -3.41073E-02  5.10752E-02 -8.43287E-02 -3.19401E-02  8.14334E-02  8.28557E-02 -3.69961E-01  5.82832E-02 -3.46356E-04  1.76367E-03  5.76822E-03 -1.20653E-02 -7.52447E-03 -4.87649E-03  2.71541E-02  1.85661E-02  2.82874E-02  1.80477E-03 -2.68631E-02  6.64651E-02 -2.94375E-01 -3.46664E-03  5.40950E-02
 OMEGA(7,1)    7.22415E-03 -1.59246E-02  9.41336E-03  1.35982E-03  2.36091E-02  8.89207E-03 -8.57941E-03  1.19496E-03 -1.50150E-02  0.00000E+00 -4.81081E-03  1.78404E-01 -2.48486E-01  5.98000E-02  1.78604E-01 -6.51287E-02  4.74470E-02 -2.64333E-01  1.71124E-02 -2.61436E-02 -2.96865E-02  1.30608E-01 -5.08626E-02  3.94714E-02 -1.75927E-02  1.58528E-02 -1.10264E-02  3.39519E-02 -6.99414E-03  1.56085E-02 -1.81591E-02 -3.46356E-04  3.99340E-02 -1.66557E-01  1.76313E-01  6.51334E-02  1.27886E-01 -7.31138E-02  1.63099E-01  2.71311E-01 -1.18922E-01  9.10271E-02 -7.10730E-02  8.11507E-02 -1.96349E-02  3.71216E-01  1.17880E-01
 OMEGA(7,2)   -6.64628E-03  2.06466E-01 -2.42280E-02  7.81744E-03 -1.61800E-02 -1.29031E-02 -1.13657E-02 -2.23689E-02  3.01619E-02  0.00000E+00  1.40792E-03 -2.09886E-02  2.00968E-01 -3.83386E-01 -3.25966E-02  1.96112E-01 -1.90765E-02  5.96859E-02 -3.78064E-01  7.28622E-03 -6.12975E-02 -2.29973E-02  1.22934E-01  1.90645E-02  2.00067E-02 -9.41109E-03  2.67368E-02 -7.33447E-03  7.44981E-03  2.87198E-02  5.56631E-03  1.76367E-03 -1.66557E-01  4.10006E-02 -2.70783E-02  2.06310E-01  1.41851E-02 -2.66095E-02 -2.89561E-01 -1.50118E-02  2.12366E-01  1.70374E-02 -2.12706E-02  3.96468E-02  1.35997E-02  1.52635E-01  7.40824E-02
 OMEGA(7,3)    2.37861E-02 -7.40643E-03 -4.84070E-02 -1.74115E-02  5.42851E-03  3.19796E-03 -5.53610E-03  5.70781E-04 -1.27733E-02  0.00000E+00 -1.23513E-02  3.56937E-02 -4.39894E-02  1.29017E-02  8.98719E-02 -2.40663E-01  2.19130E-01 -6.23681E-02 -2.02656E-02 -3.12584E-01 -1.56021E-02  2.65072E-02  4.60247E-04  1.20998E-01  7.64217E-03  9.17389E-03  6.74339E-03 -3.69541E-03 -1.83097E-02 -2.20051E-02  1.03069E-02  5.76822E-03  1.76313E-01 -2.70783E-02  3.04630E-02 -4.09490E-02  1.19508E-02  5.48334E-02  2.00556E-01  6.76451E-02 -6.19208E-02  2.28218E-01 -7.37471E-02  1.58313E-02  1.50959E-02  2.62230E-01  7.43175E-02
 OMEGA(7,4)    1.17230E-02 -1.28426E-02 -4.12179E-02 -2.68590E-02 -3.03693E-03  1.35102E-02  1.46133E-02 -2.02660E-03  3.13343E-04  0.00000E+00  1.06033E-04  1.32416E-02  1.12999E-02 -5.67467E-02  1.36607E-02  1.48553E-02  7.68263E-03  7.11911E-02 -2.55678E-01  1.26360E-01 -3.91405E-01 -1.42445E-02  4.42709E-02 -5.61952E-03  1.40950E-01 -3.88628E-02  1.07172E-02  1.54243E-02  6.23223E-03  8.04062E-03  4.12877E-03 -1.20653E-02  6.51334E-02  2.06310E-01 -4.09490E-02  4.01051E-02 -1.54766E-01  1.50973E-02 -3.88730E-01  4.12825E-02 -1.22282E-03  7.32594E-03  1.67012E-01 -1.35769E-02  2.88718E-02  1.05960E-01  4.46444E-02
 OMEGA(7,5)   -4.67231E-03  9.56954E-03 -8.82111E-03  6.15842E-03 -1.06157E-02 -4.39843E-03 -1.10687E-02  1.19172E-03  2.24984E-02  0.00000E+00 -4.45206E-03  4.45064E-02 -3.40760E-02 -3.35561E-03  1.59494E-02  1.51843E-02 -5.94560E-03 -4.35088E-02  2.40903E-02 -6.91588E-03  4.11366E-02  1.38561E-01 -2.15852E-01  1.55529E-01 -2.84778E-01  1.58554E-01 -2.90058E-02  3.93530E-02 -4.41390E-02  4.86485E-02 -9.45028E-03 -7.52447E-03  1.27886E-01  1.41851E-02  1.19508E-02 -1.54766E-01  3.45183E-02 -2.63173E-01  1.70023E-01  2.94367E-02  2.17944E-02  5.13121E-03 -3.07916E-02  2.57743E-01 -9.09428E-02  5.90241E-02  2.46273E-02
 OMEGA(7,6)    2.90793E-03 -1.30220E-02  1.84726E-02 -5.45554E-04 -5.00577E-03 -2.02711E-02  3.60806E-03  5.04963E-03  4.89239E-03  0.00000E+00 -1.49588E-02  1.74481E-03  2.79787E-02 -7.37582E-03  1.60548E-02 -2.75679E-02  2.14534E-02  1.47209E-02  1.45697E-02 -2.54188E-02 -1.96680E-02 -2.58804E-02  5.24363E-02 -2.26710E-02  4.97934E-02 -3.11149E-02  1.17811E-01 -2.40929E-01  1.44328E-01 -2.92857E-01  1.32727E-01 -4.87649E-03 -7.31138E-02 -2.66095E-02  5.48334E-02  1.50973E-02 -2.63173E-01  3.83787E-02  1.47867E-02 -4.03658E-02  3.60500E-02 -2.25449E-02  5.94214E-02 -1.04282E-01  2.23890E-01 -2.08771E-01 -8.74975E-02
 OMEGA(7,7)    9.84003E-03 -2.33609E-02  3.41686E-03  1.63704E-02  6.76540E-03  2.60762E-03 -8.89251E-03  7.62054E-03 -3.51148E-03  0.00000E+00  5.15092E-03  3.03295E-02 -5.15124E-02  7.12683E-02  1.04042E-02 -4.15350E-02  3.63280E-02 -4.87935E-02  9.15859E-02 -5.87328E-02  1.05488E-01  3.78390E-02 -3.76642E-02  1.97101E-02 -4.33695E-02  4.08004E-02 -1.46488E-02 -8.08259E-03 -1.08320E-02 -1.75729E-02 -1.83506E-02  2.71541E-02  1.63099E-01 -2.89561E-01  2.00556E-01 -3.88730E-01  1.70023E-01  1.47867E-02  5.24387E-02  4.33249E-02 -6.16929E-02  5.51626E-02 -8.97041E-02  6.12304E-02 -1.73002E-02  3.46536E-01  8.75202E-02
 OMEGA(8,1)    6.65314E-03 -6.26648E-03 -2.20064E-03 -9.78902E-03  9.53175E-04 -7.76014E-03 -7.77695E-03  2.94346E-03 -2.34453E-02  0.00000E+00 -2.83941E-03  4.83018E-01  1.82318E-01 -3.49019E-02  2.69107E-01 -2.73836E-04  4.95420E-02  2.09796E-01 -1.16423E-02  4.34146E-02  3.61592E-02  7.67988E-02  3.04410E-02  2.59363E-02  3.32632E-02  1.98613E-02 -2.35891E-01  3.34410E-02 -4.96356E-02 -4.39104E-02 -1.59633E-02  1.85661E-02  2.71311E-01 -1.50118E-02  6.76451E-02  4.12825E-02  2.94367E-02 -4.03658E-02  4.33249E-02  4.15404E-02 -5.26470E-02  2.45895E-01  1.58580E-01  1.30987E-01 -1.38428E-01  1.84490E-01  4.84271E-01
 OMEGA(8,2)   -1.42765E-03  2.69534E-02  6.33382E-03  2.10906E-02 -8.31311E-03  1.23019E-03  4.35519E-03  6.17639E-03 -5.43148E-03  0.00000E+00 -3.48816E-03 -6.58289E-02  2.87499E-01  3.33620E-01 -3.68514E-02  2.22088E-01  1.52969E-02  5.10551E-02  2.10923E-01  5.84704E-02  6.59711E-02  1.64848E-02  4.74398E-02  3.85159E-03  1.24955E-02  6.34738E-03  3.57709E-02 -2.37264E-01  8.40401E-03 -2.15806E-02 -1.81101E-03  2.82874E-02 -1.18922E-01  2.12366E-01 -6.19208E-02 -1.22282E-03  2.17944E-02  3.60500E-02 -6.16929E-02 -5.26470E-02  3.80739E-02  4.96936E-02  2.54506E-01  5.09122E-02 -4.99840E-02 -1.48822E-01  3.72387E-01
 OMEGA(8,3)   -1.30395E-02  2.31648E-02  2.62560E-02  3.16268E-02  1.25120E-03  7.47129E-03 -1.98964E-02  1.77847E-02 -3.66401E-02  0.00000E+00 -6.95708E-03  7.94393E-02  3.02589E-02  2.60700E-02  4.19246E-01  2.90189E-01  3.56785E-01  4.24146E-02  2.28926E-02  2.10242E-01  1.97089E-02  7.16036E-03 -1.43129E-04  3.64427E-02  1.33198E-03  4.28174E-03 -3.18660E-02  1.99342E-02 -1.99512E-01  5.99103E-03 -1.64766E-03  1.80477E-03  9.10271E-02  1.70374E-02  2.28218E-01  7.32594E-03  5.13121E-03 -2.25449E-02  5.51626E-02  2.45895E-01  4.96936E-02  3.06968E-02  4.07843E-02  1.87173E-02 -1.63830E-02  2.03334E-01  3.39887E-01
 OMEGA(8,4)    5.25963E-03  1.82850E-02  6.73964E-03 -1.37573E-02  5.42338E-03 -3.68350E-03  1.21470E-02  1.45905E-02 -2.39205E-02  0.00000E+00  1.79456E-02  4.96753E-02  1.04600E-01  6.71854E-02  5.39662E-02  6.57294E-02  2.22807E-02  3.73984E-01  2.93399E-01  2.40682E-01  2.71494E-01 -3.54888E-02 -2.89940E-02 -2.87428E-02  4.88522E-03 -3.38104E-03  9.16511E-03 -1.66393E-03  2.65156E-02 -1.81812E-01  3.56644E-02 -2.68631E-02 -7.10730E-02 -2.12706E-02 -7.37471E-02  1.67012E-01 -3.07916E-02  5.94214E-02 -8.97041E-02  1.58580E-01  2.54506E-01  4.07843E-02  3.91641E-02 -1.10800E-01  2.44083E-02 -2.26803E-01  2.78855E-01
 OMEGA(8,5)   -5.71552E-03  2.24262E-03 -8.43148E-04 -4.98055E-03  1.33978E-02  6.74677E-03 -2.14626E-03  4.56884E-03 -6.09936E-04  0.00000E+00 -8.31897E-03  7.42718E-02  3.91401E-02 -3.37706E-03  4.39003E-02  3.09585E-02  1.06535E-02 -3.26246E-02 -1.74602E-02 -7.85622E-03 -2.75580E-02  3.68877E-01  2.67054E-01  2.32020E-01  1.74313E-01  4.14611E-02 -1.18238E-01 -6.99387E-02 -7.34066E-02 -7.72983E-03 -2.20802E-01  6.64651E-02  8.11507E-02  3.96468E-02  1.58313E-02 -1.35769E-02  2.57743E-01 -1.04282E-01  6.12304E-02  1.30987E-01  5.09122E-02  1.87173E-02 -1.10800E-01  3.39848E-02 -2.71194E-01  1.30293E-01  6.37358E-02
 OMEGA(8,6)    7.21846E-03 -1.92718E-02  1.24111E-02 -7.18319E-03  9.87690E-03  1.47528E-02  7.01452E-03 -1.39091E-03  9.67832E-04  0.00000E+00  7.41897E-03 -4.48585E-02 -6.23504E-03 -2.56545E-02 -2.12769E-02 -6.65861E-03  7.04551E-03  8.60069E-03  9.18219E-03  3.79015E-03  1.43770E-02 -9.50483E-02 -4.27719E-02 -6.98226E-02 -3.48210E-02 -3.96054E-02  3.64128E-01  2.75000E-01  2.36155E-01  1.78794E-01  8.14285E-02 -2.94375E-01 -1.96349E-02  1.35997E-02  1.50959E-02  2.88718E-02 -9.09428E-02  2.23890E-01 -1.73002E-02 -1.38428E-01 -4.99840E-02 -1.63830E-02  2.44083E-02 -2.71194E-01  3.87467E-02 -3.72265E-02 -2.83922E-01
 OMEGA(8,7)    2.56015E-03 -2.22915E-02 -7.12852E-03  2.89687E-03  1.49813E-02 -1.40048E-03  6.18770E-03  2.26637E-02 -3.87362E-03  0.00000E+00 -3.92762E-03  6.26582E-02 -5.04574E-02 -6.54572E-02  6.61078E-02 -2.37584E-02  4.46465E-02 -8.06012E-02 -1.01607E-01 -4.83477E-02 -6.69607E-02  3.84817E-02  2.98411E-02  3.17973E-02  2.95772E-02  1.09917E-02 -3.49738E-02  5.44831E-02 -3.20885E-02  4.53154E-02 -4.34502E-02 -3.46664E-03  3.71216E-01  1.52635E-01  2.62230E-01  1.05960E-01  5.90241E-02 -2.08771E-01  3.46536E-01  1.84490E-01 -1.48822E-01  2.03334E-01 -2.26803E-01  1.30293E-01 -3.72265E-02  3.79238E-02  3.33436E-01
 OMEGA(8,8)   -1.28809E-03  2.17021E-02  1.10071E-02  1.42146E-02  1.61927E-02  2.34317E-03 -4.53599E-03  2.35772E-02 -2.83654E-02  0.00000E+00 -4.70104E-03  1.41030E-01  1.27210E-01  7.12749E-02  1.29908E-01  9.18284E-02  6.93126E-02  1.11894E-01  8.68248E-02  6.68660E-02  6.87838E-02  1.91152E-02  1.25393E-02  6.13979E-03  1.59194E-02  2.22146E-02 -1.12627E-01 -5.61322E-02 -7.28476E-02 -5.59235E-02 -9.77524E-03  5.40950E-02  1.17880E-01  7.40824E-02  7.43175E-02  4.46444E-02  2.46273E-02 -8.74975E-02  8.75202E-02  4.84271E-01  3.72387E-01  3.39887E-01  2.78855E-01  6.37358E-02 -2.83922E-01  3.33436E-01  5.17547E-02
