TABLE NO.     3: NUTS Bayesian Analysis: Problem=1 Subproblem=0 Superproblem1=0 Iteration1=0 Superproblem2=0 Iteration2=0
 NAME         THETA1       THETA2       THETA3       THETA4       THETA5       THETA6       THETA7       THETA8       SIGMA(1,1)   SIGMA(2,1)   SIGMA(2,2)   OMEGA(1,1)   OMEGA(2,1)   OMEGA(2,2)   OMEGA(3,1)   OMEGA(3,2)   OMEGA(3,3)   OMEGA(4,1)   OMEGA(4,2)   OMEGA(4,3)   OMEGA(4,4)   OMEGA(5,1)   OMEGA(5,2)   OMEGA(5,3)   OMEGA(5,4)   OMEGA(5,5)   OMEGA(6,1)   OMEGA(6,2)   OMEGA(6,3)   OMEGA(6,4)   OMEGA(6,5)   OMEGA(6,6)   OMEGA(7,1)   OMEGA(7,2)   OMEGA(7,3)   OMEGA(7,4)   OMEGA(7,5)   OMEGA(7,6)   OMEGA(7,7)   OMEGA(8,1)   OMEGA(8,2)   OMEGA(8,3)   OMEGA(8,4)   OMEGA(8,5)   OMEGA(8,6)   OMEGA(8,7)   OMEGA(8,8)
 THETA1        5.22363E-03 -6.18938E-04  3.52071E-04  4.56861E-04  2.77092E-04 -6.91916E-05  9.06189E-05  1.35225E-03 -4.63457E-07  0.00000E+00 -2.83336E-06 -2.49580E-05 -2.47737E-05  5.61660E-05  8.41122E-05 -1.92197E-05  1.38622E-05  1.23736E-04 -6.57756E-05  6.15434E-06  1.83285E-04  1.44425E-05 -2.10904E-06  6.81588E-06  1.10232E-05 -6.68008E-05  1.07413E-04 -1.98085E-05 -3.05704E-05 -5.22481E-05 -3.55502E-05  8.89777E-05  1.59329E-04 -9.02519E-05 -5.58746E-05 -1.28870E-05  5.13374E-06 -7.93306E-05  8.42554E-05  7.36809E-05 -4.57555E-06 -1.41286E-05  5.87090E-05  4.07553E-05  8.25183E-06 -2.04551E-07  8.46581E-05
 THETA2       -6.18938E-04  4.96038E-03 -4.26036E-05  6.09985E-04  3.02321E-05 -1.36713E-04 -1.04941E-03  9.00589E-04  1.40085E-07  0.00000E+00  6.61175E-07  3.92189E-06  2.37995E-04 -8.54645E-04  1.98288E-05  1.15266E-04  3.70665E-05 -1.76710E-05 -2.73699E-04  2.51119E-05 -9.02550E-06 -4.27115E-05  1.75844E-05  2.13784E-05 -1.16801E-05  9.49263E-05  6.06746E-05 -1.55785E-05  5.12513E-06 -4.55722E-05  4.33755E-05  1.30981E-04 -6.45275E-06  5.36436E-04  2.84657E-06  1.52196E-04 -6.52442E-05  1.22498E-05 -1.98826E-04 -1.97869E-05  2.33969E-05  6.12787E-06  2.28628E-05 -1.23501E-04  2.47008E-05  1.22705E-05  1.05078E-04
 THETA3        3.52071E-04 -4.26036E-05  2.68245E-03 -4.49906E-05 -1.85666E-05  2.96804E-04  3.45792E-04  4.33526E-04  3.32668E-07  0.00000E+00 -7.81452E-07 -6.48286E-06  6.33002E-05  3.92143E-05  4.76822E-05 -2.82962E-05 -6.57069E-05 -3.13254E-05  9.59472E-05  9.43851E-05  1.77222E-04  8.97592E-05 -7.90270E-05 -1.61577E-05  1.95850E-05  6.81272E-05  4.24699E-05  2.54434E-05  4.25981E-05 -4.20568E-05  4.84893E-05 -8.12470E-05  7.14879E-05 -8.00471E-05 -5.60297E-05 -9.43046E-05  6.36374E-05  4.00063E-05  2.11702E-04 -4.47615E-05  2.54403E-05  1.59053E-05  5.90053E-06 -7.65143E-06  1.10211E-04  2.74668E-05 -5.41410E-05
 THETA4        4.56861E-04  6.09985E-04 -4.49906E-05  5.30591E-03 -4.37555E-04  1.15198E-05 -1.21624E-03  8.26443E-04  1.04452E-07  0.00000E+00  1.13660E-07  5.92391E-06 -2.02224E-05  4.72641E-05  4.32741E-05  8.51718E-05 -1.84159E-05  1.72107E-05 -9.40813E-05  1.57585E-04  3.75216E-04  2.20540E-05 -6.82529E-05  1.69885E-07 -1.13995E-05 -1.13886E-04  1.82325E-06 -3.06430E-05  7.84912E-05 -5.47906E-05  5.52725E-05  1.54993E-04 -8.76377E-06  1.94117E-05 -9.50210E-05  6.76189E-05  1.95171E-05  3.96403E-05  6.86632E-05 -7.55852E-06  5.26011E-05  5.75225E-06  4.61059E-05 -5.61112E-05 -1.25304E-05  1.31221E-05  1.59074E-04
 THETA5        2.77092E-04  3.02321E-05 -1.85666E-05 -4.37555E-04  4.30738E-03 -7.44473E-04  4.24085E-04 -2.55619E-04  3.02936E-07  0.00000E+00 -2.63098E-06 -1.07267E-04  1.11106E-04 -2.60044E-06  1.66139E-05 -5.44538E-05 -4.17398E-05  5.69708E-05 -4.63240E-05  7.98451E-05 -3.58695E-05  4.46914E-05  3.73831E-06  2.85978E-05 -7.94265E-05  7.75382E-06  1.43415E-06 -1.45107E-05 -7.58352E-06  4.67171E-05 -1.40444E-05 -3.74941E-06  7.99400E-05 -4.33882E-05 -5.42498E-05 -2.28428E-05  2.22013E-05 -1.09840E-04  2.78808E-05  1.06484E-04 -7.00335E-06  7.44088E-06  4.28842E-05  2.31422E-05  7.30432E-05  3.24521E-05 -3.42591E-05
 THETA6       -6.91916E-05 -1.36713E-04  2.96804E-04  1.15198E-05 -7.44473E-04  5.14324E-03  2.41307E-04 -7.30231E-04 -1.34652E-06  0.00000E+00 -3.85750E-06  1.88549E-04  8.07770E-06 -1.84132E-06  1.56805E-05 -9.62655E-06  1.49566E-04  5.73640E-05 -5.63790E-05  1.84720E-05  1.17945E-04  7.14116E-05  4.11179E-05  8.81525E-05 -1.07066E-05 -1.13776E-04 -1.68317E-05  3.90112E-05 -5.15942E-05  1.58922E-05 -5.64619E-05  1.76209E-05 -4.89744E-05  5.72153E-05 -1.38989E-06  4.95421E-06 -2.03529E-05 -1.48075E-05  1.47885E-05  4.56408E-05  1.57493E-05  5.47261E-05  3.08275E-05 -6.03461E-06  9.62211E-06 -2.24200E-05  1.68378E-04
 THETA7        9.06189E-05 -1.04941E-03  3.45792E-04 -1.21624E-03  4.24085E-04  2.41307E-04  4.24084E-03  1.01438E-03  4.69289E-07  0.00000E+00  1.51263E-06 -2.89830E-05  4.43277E-05 -7.99590E-05 -3.10417E-05  3.26899E-05 -1.04916E-04 -1.29929E-04 -5.46374E-05 -3.52358E-06 -1.76106E-04  7.30489E-05  5.30815E-05 -1.29057E-05  8.09133E-05 -1.18182E-04 -8.43553E-05 -2.34933E-05 -3.63191E-06 -2.97291E-06  2.37832E-05 -1.46805E-04  3.60319E-06 -7.26112E-05  4.45659E-05 -9.09888E-05 -1.14020E-04  3.93900E-06  8.12583E-05 -5.32871E-05 -8.37316E-05 -4.04469E-05 -9.26785E-05  3.90965E-05 -2.36373E-05 -2.20090E-05 -8.81097E-05
 THETA8        1.35225E-03  9.00589E-04  4.33526E-04  8.26443E-04 -2.55619E-04 -7.30231E-04  1.01438E-03  4.06586E-03  4.11486E-07  0.00000E+00  8.15854E-07 -1.17057E-05 -1.87571E-06  6.75005E-05  3.64664E-05 -5.76561E-05 -1.05067E-04 -5.40289E-05 -2.75284E-05  6.74753E-07 -5.19362E-05  3.83509E-05  1.67469E-05 -5.35421E-05 -1.54990E-05 -1.11624E-05  1.47275E-04 -4.76409E-05 -1.39785E-05 -3.94489E-05  4.86231E-05 -1.44181E-05  7.90686E-05 -3.53796E-05 -2.49346E-05  1.73988E-05 -8.39820E-06  1.54340E-05 -6.11997E-05  2.42165E-05  2.08800E-05 -5.70958E-06 -9.81017E-05 -3.77130E-06  2.25279E-05  4.44677E-05  1.31814E-05
 SIGMA(1,1)   -4.63457E-07  1.40085E-07  3.32668E-07  1.04452E-07  3.02936E-07 -1.34652E-06  4.69289E-07  4.11486E-07  4.16266E-07  0.00000E+00  1.61382E-08 -1.64237E-07  1.59677E-07  2.86948E-08  7.90232E-08 -6.82960E-07 -8.33874E-07 -7.97083E-07  1.94323E-07  1.19048E-09 -2.25894E-06  1.60097E-07 -4.50304E-07 -1.71107E-07  5.18871E-07  2.63414E-07  8.20812E-07 -3.60343E-07 -5.02119E-07  1.75116E-08 -7.44805E-07  1.13333E-06 -5.27012E-07 -3.70796E-07 -3.07819E-07  1.05623E-07  2.08212E-07  4.06474E-07  1.36416E-07 -3.12746E-07  1.80922E-07 -8.10666E-07 -5.86880E-07 -6.25489E-07  6.93350E-07 -7.94201E-07 -5.43851E-07
 SIGMA(2,1)    0.00000E+00  0.00000E+00  0.00000E+00  0.00000E+00  0.00000E+00  0.00000E+00  0.00000E+00  0.00000E+00  0.00000E+00  0.00000E+00  0.00000E+00  0.00000E+00  0.00000E+00  0.00000E+00  0.00000E+00  0.00000E+00  0.00000E+00  0.00000E+00  0.00000E+00  0.00000E+00  0.00000E+00  0.00000E+00  0.00000E+00  0.00000E+00  0.00000E+00  0.00000E+00  0.00000E+00  0.00000E+00  0.00000E+00  0.00000E+00  0.00000E+00  0.00000E+00  0.00000E+00  0.00000E+00  0.00000E+00  0.00000E+00  0.00000E+00  0.00000E+00  0.00000E+00  0.00000E+00  0.00000E+00  0.00000E+00  0.00000E+00  0.00000E+00  0.00000E+00  0.00000E+00  0.00000E+00
 SIGMA(2,2)   -2.83336E-06  6.61175E-07 -7.81452E-07  1.13660E-07 -2.63098E-06 -3.85750E-06  1.51263E-06  8.15854E-07  1.61382E-08  0.00000E+00  1.51621E-06  1.57296E-06  1.66836E-06 -2.20160E-07 -8.80279E-08  7.42841E-07 -1.25945E-06  1.11104E-07 -6.08543E-07 -4.47765E-07 -6.26279E-07 -4.91506E-07  1.26744E-06 -1.19760E-06 -3.12889E-07 -3.61075E-07 -1.19232E-06 -9.12248E-08  8.51750E-07 -1.00563E-06 -8.39900E-07 -3.50850E-06 -1.16918E-06  1.92191E-06  7.75384E-08 -1.00162E-06 -2.21220E-06  8.59943E-08  6.82185E-07 -9.35506E-07  4.93191E-07 -1.57171E-06  5.04704E-07 -9.04756E-07  1.43788E-07 -3.85510E-07 -1.70625E-06
 OMEGA(1,1)   -2.49580E-05  3.92189E-06 -6.48286E-06  5.92391E-06 -1.07267E-04  1.88549E-04 -2.89830E-05 -1.17057E-05 -1.64237E-07  0.00000E+00  1.57296E-06  3.01117E-03 -2.24638E-04  1.35424E-05  1.38590E-04 -4.44383E-05  5.65541E-05  1.77007E-04 -9.36472E-05 -1.25994E-05 -6.55283E-05  1.71553E-04  6.10765E-05 -1.64120E-05  9.74656E-05  1.10464E-04 -1.89644E-05  1.44405E-06 -2.30170E-05 -5.66377E-05  4.89753E-06 -3.08730E-05 -1.07322E-06 -3.68359E-05 -1.47205E-05 -5.71854E-05 -1.82220E-05  2.02878E-05  9.53688E-05  5.94319E-04 -1.36812E-04 -6.92296E-06  5.61481E-06  3.84764E-05 -9.73088E-06  3.55295E-05  1.52898E-04
 OMEGA(2,1)   -2.47737E-05  2.37995E-04  6.33002E-05 -2.02224E-05  1.11106E-04  8.07770E-06  4.43277E-05 -1.87571E-06  1.59677E-07  0.00000E+00  1.66836E-06 -2.24638E-04  8.65384E-04 -4.21580E-04  1.17861E-05  4.09627E-05  2.79942E-05  1.90697E-05 -3.77596E-05  8.74346E-06 -4.02575E-05  1.69851E-05  4.51683E-05 -6.11511E-06 -1.70952E-05 -1.77979E-05  1.77377E-05  1.67412E-05  3.79468E-05  4.46044E-05  8.26850E-06  5.80629E-05 -7.92070E-05  9.24570E-05 -2.19294E-06  5.74079E-05 -5.53387E-05  3.03786E-05 -1.11989E-04  1.04304E-04  7.65839E-05 -1.30731E-06  3.96158E-05 -2.59109E-07 -3.78289E-07 -9.02956E-06  5.26621E-05
 OMEGA(2,2)    5.61660E-05 -8.54645E-04  3.92143E-05  4.72641E-05 -2.60044E-06 -1.84132E-06 -7.99590E-05  6.75005E-05  2.86948E-08  0.00000E+00 -2.20160E-07  1.35424E-05 -4.21580E-04  2.57745E-03  2.50205E-05 -1.25091E-04 -1.06368E-05 -6.45504E-06  2.83625E-04 -2.01928E-05  1.40405E-04  9.40500E-06  1.20444E-04  2.35500E-05 -5.63009E-05  1.27497E-04  6.11722E-05  1.01001E-04  2.08793E-05 -3.63489E-05 -5.09908E-05 -6.86404E-06  4.37735E-05 -5.38476E-04 -5.88337E-06 -9.80007E-05  4.50737E-05 -3.77339E-05  1.27282E-04 -2.97599E-05  4.05221E-04  3.14401E-05  2.16517E-05  7.22978E-05 -2.15530E-05 -6.26854E-05  4.83528E-05
 OMEGA(3,1)    8.41122E-05  1.98288E-05  4.76822E-05  4.32741E-05  1.66139E-05  1.56805E-05 -3.10417E-05  3.64664E-05  7.90232E-08  0.00000E+00 -8.80279E-08  1.38590E-04  1.17861E-05  2.50205E-05  4.73043E-04 -3.93444E-05  9.93203E-05  1.18489E-05  1.33132E-05  4.04000E-05  6.32297E-05 -1.68363E-05  2.10739E-05  2.54206E-05 -4.62118E-06  7.06921E-06  3.99908E-05 -3.88387E-06  2.25609E-05  3.68200E-05 -1.03932E-05 -3.82833E-05  6.01531E-05 -1.86519E-05  1.50648E-05 -2.25475E-05 -2.05081E-06 -1.25288E-05 -2.37728E-05  1.02761E-04 -2.26525E-05  8.17550E-05  2.87411E-05  4.12030E-06  1.83488E-05 -5.01216E-06  5.30481E-05
 OMEGA(3,2)   -1.92197E-05  1.15266E-04 -2.82962E-05  8.51718E-05 -5.44538E-05 -9.62655E-06  3.26899E-05 -5.76561E-05 -6.82960E-07  0.00000E+00  7.42841E-07 -4.44383E-05  4.09627E-05 -1.25091E-04 -3.93444E-05  4.01768E-04  2.06240E-05  3.19930E-05 -3.15493E-05  2.10789E-05  2.26632E-05  1.60217E-05  1.73226E-05  2.94398E-05  3.50302E-05 -3.41814E-05 -4.77292E-05  3.84091E-05  2.21482E-05 -1.94041E-05 -1.91182E-06 -4.10579E-06 -4.60826E-05  9.92279E-05 -6.72720E-05 -6.22761E-06 -3.04525E-06 -9.12173E-06 -1.47572E-05 -2.44441E-05  4.83647E-05  9.42396E-05  2.36134E-05  2.39554E-05 -2.12038E-05  4.92437E-06  4.49206E-05
 OMEGA(3,3)    1.38622E-05  3.70665E-05 -6.57069E-05 -1.84159E-05 -4.17398E-05  1.49566E-04 -1.04916E-04 -1.05067E-04 -8.33874E-07  0.00000E+00 -1.25945E-06  5.65541E-05  2.79942E-05 -1.06368E-05  9.93203E-05  2.06240E-05  9.38463E-04  5.22458E-05 -5.85164E-06 -6.27962E-05 -3.09420E-05  3.63589E-05  1.13367E-05  8.61530E-05  4.94987E-06  6.86946E-05 -7.59794E-06  2.69940E-05  1.86837E-05  2.49381E-05 -2.48224E-05  1.06221E-05  3.74335E-05  5.09349E-05  7.28302E-05  4.73393E-05 -7.01312E-06 -1.94269E-05 -2.04782E-05  4.20821E-05  5.68871E-05  1.70597E-04  2.87386E-05 -1.10648E-05  2.65505E-06  1.02851E-05  1.23864E-04
 OMEGA(4,1)    1.23736E-04 -1.76710E-05 -3.13254E-05  1.72107E-05  5.69708E-05  5.73640E-05 -1.29929E-04 -5.40289E-05 -7.97083E-07  0.00000E+00  1.11104E-07  1.77007E-04  1.90697E-05 -6.45504E-06  1.18489E-05  3.19930E-05  5.22458E-05  9.71547E-04 -9.23883E-05  3.03695E-05  2.28987E-04 -5.59647E-05  3.97359E-05 -9.89045E-06  6.32325E-05 -4.68782E-05  8.15934E-05 -2.87439E-05  1.10487E-05 -2.93752E-05  6.82805E-05 -7.46430E-05 -1.10255E-04 -1.80584E-05 -1.01744E-05  1.62971E-05 -2.29809E-05  7.06029E-06 -4.16634E-05  9.96714E-05 -1.04673E-05  3.40805E-05  1.62027E-04 -3.89670E-06  9.77798E-06 -5.59367E-06  2.18802E-05
 OMEGA(4,2)   -6.57756E-05 -2.73699E-04  9.59472E-05 -9.40813E-05 -4.63240E-05 -5.63790E-05 -5.46374E-05 -2.75284E-05  1.94323E-07  0.00000E+00 -6.08543E-07 -9.36472E-05 -3.77596E-05  2.83625E-04  1.33132E-05 -3.15493E-05 -5.85164E-06 -9.23883E-05  9.09953E-04 -2.41248E-05  2.58662E-04  6.44282E-06 -4.84501E-05 -2.16733E-05  1.77376E-05  7.92246E-05 -1.39223E-05 -2.63378E-05  6.61859E-06  2.04268E-06 -2.88089E-05  6.64950E-05  4.22823E-05 -2.91681E-04 -2.21833E-05 -1.96384E-04  2.45493E-05  4.25427E-05  1.64028E-04  1.66617E-05  9.57297E-05  1.19155E-05  1.41993E-04 -1.33827E-05 -3.31334E-06 -3.87495E-05  2.00059E-05
 OMEGA(4,3)    6.15434E-06  2.51119E-05  9.43851E-05  1.57585E-04  7.98451E-05  1.84720E-05 -3.52358E-06  6.74753E-07  1.19048E-09  0.00000E+00 -4.47765E-07 -1.25994E-05  8.74346E-06 -2.01928E-05  4.04000E-05  2.10789E-05 -6.27962E-05  3.03695E-05 -2.41248E-05  4.92643E-04  6.63567E-05  1.07190E-05 -6.69418E-06 -4.81815E-05  4.50032E-06  4.86637E-06  1.14747E-05 -2.34047E-05  9.49332E-06  1.66443E-05  1.51452E-05 -5.30331E-05 -2.60666E-05  2.68145E-05 -6.96379E-05  5.45986E-05 -2.14196E-08 -1.89365E-05 -4.03267E-05  2.75493E-05  6.48800E-06  5.72293E-05  8.84757E-05 -1.63179E-05  1.71122E-05 -1.31588E-05  3.64807E-05
 OMEGA(4,4)    1.83285E-04 -9.02550E-06  1.77222E-04  3.75216E-04 -3.58695E-05  1.17945E-04 -1.76106E-04 -5.19362E-05 -2.25894E-06  0.00000E+00 -6.26279E-07 -6.55283E-05 -4.02575E-05  1.40405E-04  6.32297E-05  2.26632E-05 -3.09420E-05  2.28987E-04  2.58662E-04  6.63567E-05  3.41967E-03 -6.33151E-05  1.21814E-05  2.80782E-05 -1.88253E-04  1.67046E-04  1.45285E-06  2.76894E-05  1.94028E-05  7.76635E-05  2.79860E-06  9.71099E-05 -5.03512E-05 -7.76044E-05 -3.38568E-05 -5.68104E-04  4.08619E-05  4.30275E-05  3.24261E-04  7.39070E-05  1.08687E-04  1.47330E-05  1.70579E-04  3.21472E-05 -1.76161E-05 -5.36984E-05  1.25361E-04
 OMEGA(5,1)    1.44425E-05 -4.27115E-05  8.97592E-05  2.20540E-05  4.46914E-05  7.14116E-05  7.30489E-05  3.83509E-05  1.60097E-07  0.00000E+00 -4.91506E-07  1.71553E-04  1.69851E-05  9.40500E-06 -1.68363E-05  1.60217E-05  3.63589E-05 -5.59647E-05  6.44282E-06  1.07190E-05 -6.33151E-05  7.72739E-04 -7.39182E-05  5.25696E-05  4.58695E-05  1.88028E-04 -1.27088E-04  5.84072E-05  2.64950E-06 -1.75005E-05  2.46885E-05 -1.29873E-05  4.73118E-05  2.71697E-06  5.89599E-06  2.04821E-05  3.72777E-05  1.09602E-05 -5.49987E-06 -1.79782E-05  1.34370E-05 -8.11224E-06 -1.19356E-05  1.11453E-04 -2.19764E-05 -1.04130E-05  2.52568E-05
 OMEGA(5,2)   -2.10904E-06  1.75844E-05 -7.90270E-05 -6.82529E-05  3.73831E-06  4.11179E-05  5.30815E-05  1.67469E-05 -4.50304E-07  0.00000E+00  1.26744E-06  6.10765E-05  4.51683E-05  1.20444E-04  2.10739E-05  1.73226E-05  1.13367E-05  3.97359E-05 -4.84501E-05 -6.69418E-06  1.21814E-05 -7.39182E-05  5.96263E-04 -2.75759E-06  2.76564E-05  9.75650E-05  3.69510E-05 -6.72900E-05 -1.66857E-05 -7.75063E-06  5.76932E-06 -2.62601E-05 -1.33865E-05  6.16913E-05 -2.68960E-05  1.55691E-05 -8.04320E-05  4.05998E-06 -3.18318E-05  4.36909E-05 -1.78025E-07  1.53706E-06  3.50345E-05  1.29455E-04 -2.88210E-05  2.16072E-05  1.02434E-05
 OMEGA(5,3)    6.81588E-06  2.13784E-05 -1.61577E-05  1.69885E-07  2.85978E-05  8.81525E-05 -1.29057E-05 -5.35421E-05 -1.71107E-07  0.00000E+00 -1.19760E-06 -1.64120E-05 -6.11511E-06  2.35500E-05  2.54206E-05  2.94398E-05  8.61530E-05 -9.89045E-06 -2.16733E-05 -4.81815E-05  2.80782E-05  5.25696E-05 -2.75759E-06  3.51538E-04  2.79201E-06  3.58653E-05 -1.48327E-05  1.23651E-05 -4.71370E-05 -2.84628E-05 -1.84990E-05  1.85499E-05  9.20771E-06  2.66627E-05  2.80782E-05 -3.32077E-06  1.73428E-05 -1.77141E-05  3.59225E-05  1.62121E-06  2.65535E-05 -5.92841E-06 -2.68895E-05  5.22575E-05 -4.60971E-05  2.15175E-05  3.96747E-05
 OMEGA(5,4)    1.10232E-05 -1.16801E-05  1.95850E-05 -1.13995E-05 -7.94265E-05 -1.07066E-05  8.09133E-05 -1.54990E-05  5.18871E-07  0.00000E+00 -3.12889E-07  9.74656E-05 -1.70952E-05 -5.63009E-05 -4.62118E-06  3.50302E-05  4.94987E-06  6.32325E-05  1.77376E-05  4.50032E-06 -1.88253E-04  4.58695E-05  2.76564E-05  2.79201E-06  7.92304E-04 -1.65792E-04 -1.64467E-05  3.67044E-05  8.56660E-06 -7.96691E-05  2.88416E-05  7.57363E-05 -3.92315E-06  5.45239E-06 -1.24581E-05  4.95247E-05 -1.97158E-04  2.77079E-05 -5.06591E-05 -4.80470E-06  1.52113E-06  4.43343E-07 -4.21153E-05  3.82885E-05 -1.86095E-05  1.48238E-05  2.26022E-06
 OMEGA(5,5)   -6.68008E-05  9.49263E-05  6.81272E-05 -1.13886E-04  7.75382E-06 -1.13776E-04 -1.18182E-04 -1.11624E-05  2.63414E-07  0.00000E+00 -3.61075E-07  1.10464E-04 -1.77979E-05  1.27497E-04  7.06921E-06 -3.41814E-05  6.86946E-05 -4.68782E-05  7.92246E-05  4.86637E-06  1.67046E-04  1.88028E-04  9.75650E-05  3.58653E-05 -1.65792E-04  2.07314E-03 -6.31038E-06  2.52571E-05  3.57884E-05  4.11788E-05 -2.67167E-04  6.59850E-05  1.02124E-05 -3.77530E-05 -5.48639E-05 -5.86779E-05  2.86094E-04 -6.94960E-05  1.22580E-05 -3.74688E-05  1.20840E-05 -1.28303E-05 -1.85856E-05 -1.07789E-04  1.59634E-05  1.58144E-05  3.77759E-05
 OMEGA(6,1)    1.07413E-04  6.06746E-05  4.24699E-05  1.82325E-06  1.43415E-06 -1.68317E-05 -8.43553E-05  1.47275E-04  8.20812E-07  0.00000E+00 -1.19232E-06 -1.89644E-05  1.77377E-05  6.11722E-05  3.99908E-05 -4.77292E-05 -7.59794E-06  8.15934E-05 -1.39223E-05  1.14747E-05  1.45285E-06 -1.27088E-04  3.69510E-05 -1.48327E-05 -1.64467E-05 -6.31038E-06  9.34520E-04 -6.31223E-05 -3.56069E-06  6.08295E-05  4.05405E-05  8.49532E-05  4.02312E-05  2.08047E-05  3.89738E-05  4.74476E-05 -2.23009E-05 -1.09235E-05 -1.04008E-04 -1.04873E-04  2.65811E-06  1.26590E-05  1.44149E-05 -3.95766E-05  1.57718E-04  1.30211E-05 -4.04425E-05
 OMEGA(6,2)   -1.98085E-05 -1.55785E-05  2.54434E-05 -3.06430E-05 -1.45107E-05  3.90112E-05 -2.34933E-05 -4.76409E-05 -3.60343E-07  0.00000E+00 -9.12248E-08  1.44405E-06  1.67412E-05  1.01001E-04 -3.88387E-06  3.84091E-05  2.69940E-05 -2.87439E-05 -2.63378E-05 -2.34047E-05  2.76894E-05  5.84072E-05 -6.72900E-05  1.23651E-05  3.67044E-05  2.52571E-05 -6.31223E-05  7.11744E-04 -6.64963E-06  4.85258E-05  4.54801E-05  4.07578E-05  4.97787E-05  4.33241E-06  8.90985E-06 -2.36969E-05  1.06779E-05 -1.18237E-04 -1.42049E-05  9.59819E-06 -7.70161E-05  1.30382E-05 -2.56766E-05 -8.18090E-06  1.50402E-04  7.80902E-06 -5.35246E-05
 OMEGA(6,3)   -3.05704E-05  5.12513E-06  4.25981E-05  7.84912E-05 -7.58352E-06 -5.15942E-05 -3.63191E-06 -1.39785E-05 -5.02119E-07  0.00000E+00  8.51750E-07 -2.30170E-05  3.79468E-05  2.08793E-05  2.25609E-05  2.21482E-05  1.86837E-05  1.10487E-05  6.61859E-06  9.49332E-06  1.94028E-05  2.64950E-06 -1.66857E-05 -4.71370E-05  8.56660E-06  3.57884E-05 -3.56069E-06 -6.64963E-06  4.39532E-04 -1.31421E-05  2.73973E-05  2.61521E-05 -3.43859E-05 -3.64174E-05  1.11827E-05 -1.55987E-05  1.80045E-05  4.99049E-05  3.20273E-06 -2.61113E-05 -8.97671E-06 -4.36565E-05  1.43511E-05  1.78139E-05  5.97986E-05 -2.19720E-06 -2.90712E-05
 OMEGA(6,4)   -5.22481E-05 -4.55722E-05 -4.20568E-05 -5.47906E-05  4.67171E-05  1.58922E-05 -2.97291E-06 -3.94489E-05  1.75116E-08  0.00000E+00 -1.00563E-06 -5.66377E-05  4.46044E-05 -3.63489E-05  3.68200E-05 -1.94041E-05  2.49381E-05 -2.93752E-05  2.04268E-06  1.66443E-05  7.76635E-05 -1.75005E-05 -7.75063E-06 -2.84628E-05 -7.96691E-05  4.11788E-05  6.08295E-05  4.85258E-05 -1.31421E-05  8.69302E-04 -5.10915E-05  1.76095E-04  2.68573E-05  1.50100E-05 -5.24153E-06  8.89334E-05  2.24299E-05 -1.39429E-04 -9.15173E-05  3.31073E-05  3.88605E-06  2.06897E-05 -9.07972E-05 -3.91843E-05  5.19703E-05 -3.31017E-06 -2.86569E-05
 OMEGA(6,5)   -3.55502E-05  4.33755E-05  4.84893E-05  5.52725E-05 -1.40444E-05 -5.64619E-05  2.37832E-05  4.86231E-05 -7.44805E-07  0.00000E+00 -8.39900E-07  4.89753E-06  8.26850E-06 -5.09908E-05 -1.03932E-05 -1.91182E-06 -2.48224E-05  6.82805E-05 -2.88089E-05  1.51452E-05  2.79860E-06  2.46885E-05  5.76932E-06 -1.84990E-05  2.88416E-05 -2.67167E-04  4.05405E-05  4.54801E-05  2.73973E-05 -5.10915E-05  7.56650E-04 -4.06918E-04  3.25886E-05  4.08787E-05  2.54249E-06  4.01779E-05 -4.30727E-06  3.57864E-05 -3.78005E-05  8.74381E-06 -4.04584E-05 -9.37326E-06  3.40123E-05 -8.31744E-05 -2.37165E-05 -8.81170E-07 -1.14674E-05
 OMEGA(6,6)    8.89777E-05  1.30981E-04 -8.12470E-05  1.54993E-04 -3.74941E-06  1.76209E-05 -1.46805E-04 -1.44181E-05  1.13333E-06  0.00000E+00 -3.50850E-06 -3.08730E-05  5.80629E-05 -6.86404E-06 -3.82833E-05 -4.10579E-06  1.06221E-05 -7.46430E-05  6.64950E-05 -5.30331E-05  9.71099E-05 -1.29873E-05 -2.62601E-05  1.85499E-05  7.57363E-05  6.59850E-05  8.49532E-05  4.07578E-05  2.61521E-05  1.76095E-04 -4.06918E-04  3.14959E-03 -4.69903E-05 -1.50068E-05  2.94901E-05 -4.05736E-05  5.88042E-06  1.10040E-04 -7.35673E-05 -4.58496E-05  7.42904E-05 -4.84754E-05 -6.06283E-05  1.09109E-05 -3.39564E-04 -3.55616E-05 -3.03848E-05
 OMEGA(7,1)    1.59329E-04 -6.45275E-06  7.14879E-05 -8.76377E-06  7.99400E-05 -4.89744E-05  3.60319E-06  7.90686E-05 -5.27012E-07  0.00000E+00 -1.16918E-06 -1.07322E-06 -7.92070E-05  4.37735E-05  6.01531E-05 -4.60826E-05  3.74335E-05 -1.10255E-04  4.22823E-05 -2.60666E-05 -5.03512E-05  4.73118E-05 -1.33865E-05  9.20771E-06 -3.92315E-06  1.02124E-05  4.02312E-05  4.97787E-05 -3.43859E-05  2.68573E-05  3.25886E-05 -4.69903E-05  8.47818E-04 -9.83017E-05  5.91519E-05  5.72108E-05  2.89709E-05 -2.91922E-05  1.52781E-06  2.09289E-04 -4.87773E-05  3.28056E-05  1.00201E-05  1.39847E-05  1.80517E-05  1.60777E-04  1.16022E-04
 OMEGA(7,2)   -9.02519E-05  5.36436E-04 -8.00471E-05  1.94117E-05 -4.33882E-05  5.72153E-05 -7.26112E-05 -3.53796E-05 -3.70796E-07  0.00000E+00  1.92191E-06 -3.68359E-05  9.24570E-05 -5.38476E-04 -1.86519E-05  9.92279E-05  5.09349E-05 -1.80584E-05 -2.91681E-04  2.68145E-05 -7.76044E-05  2.71697E-06  6.16913E-05  2.66627E-05  5.45239E-06 -3.77530E-05  2.08047E-05  4.33241E-06 -3.64174E-05  1.50100E-05  4.08787E-05 -1.50068E-05 -9.83017E-05  8.45923E-04 -8.72906E-06  1.63374E-04  2.83682E-05 -5.08869E-05 -2.98242E-04 -4.14986E-05  8.47330E-05  2.19805E-05  1.61462E-05  9.90134E-07 -3.08418E-05  6.86848E-05  7.42535E-05
 OMEGA(7,3)   -5.58746E-05  2.84657E-06 -5.60297E-05 -9.50210E-05 -5.42498E-05 -1.38989E-06  4.45659E-05 -2.49346E-05 -3.07819E-07  0.00000E+00  7.75384E-08 -1.47205E-05 -2.19294E-06 -5.88337E-06  1.50648E-05 -6.72720E-05  7.28302E-05 -1.01744E-05 -2.21833E-05 -6.96379E-05 -3.38568E-05  5.89599E-06 -2.68960E-05  2.80782E-05 -1.24581E-05 -5.48639E-05  3.89738E-05  8.90985E-06  1.11827E-05 -5.24153E-06  2.54249E-06  2.94901E-05  5.91519E-05 -8.72906E-06  4.24792E-04 -3.21286E-05 -6.53425E-07  1.36093E-05  8.69249E-05  9.31998E-06 -1.96997E-05  6.83374E-05 -3.46037E-05  7.49964E-06  9.48185E-06  5.75323E-05  9.35896E-06
 OMEGA(7,4)   -1.28870E-05  1.52196E-04 -9.43046E-05  6.76189E-05 -2.28428E-05  4.95421E-06 -9.09888E-05  1.73988E-05  1.05623E-07  0.00000E+00 -1.00162E-06 -5.71854E-05  5.74079E-05 -9.80007E-05 -2.25475E-05 -6.22761E-06  4.73393E-05  1.62971E-05 -1.96384E-04  5.45986E-05 -5.68104E-04  2.04821E-05  1.55691E-05 -3.32077E-06  4.95247E-05 -5.86779E-05  4.74476E-05 -2.36969E-05 -1.55987E-05  8.89334E-05  4.01779E-05 -4.05736E-05  5.72108E-05  1.63374E-04 -3.21286E-05  9.32721E-04 -6.02012E-05  8.13640E-06 -4.51301E-04 -8.22904E-07 -1.66928E-05  3.02130E-05  1.16625E-04 -3.04035E-05 -3.04866E-05  9.16735E-05  9.76552E-05
 OMEGA(7,5)    5.13374E-06 -6.52442E-05  6.36374E-05  1.95171E-05  2.22013E-05 -2.03529E-05 -1.14020E-04 -8.39820E-06  2.08212E-07  0.00000E+00 -2.21220E-06 -1.82220E-05 -5.53387E-05  4.50737E-05 -2.05081E-06 -3.04525E-06 -7.01312E-06 -2.29809E-05  2.45493E-05 -2.14196E-08  4.08619E-05  3.72777E-05 -8.04320E-05  1.73428E-05 -1.97158E-04  2.86094E-04 -2.23009E-05  1.06779E-05  1.80045E-05  2.24299E-05 -4.30727E-06  5.88042E-06  2.89709E-05  2.83682E-05 -6.53425E-07 -6.02012E-05  7.38761E-04 -1.10944E-04  1.99443E-04 -3.74493E-05  6.55360E-06  6.36356E-07 -1.30917E-05  1.47280E-04 -2.26725E-05  2.43309E-05 -2.37516E-05
 OMEGA(7,6)   -7.93306E-05  1.22498E-05  4.00063E-05  3.96403E-05 -1.09840E-04 -1.48075E-05  3.93900E-06  1.54340E-05  4.06474E-07  0.00000E+00  8.59943E-08  2.02878E-05  3.03786E-05 -3.77339E-05 -1.25288E-05 -9.12173E-06 -1.94269E-05  7.06029E-06  4.25427E-05 -1.89365E-05  4.30275E-05  1.09602E-05  4.05998E-06 -1.77141E-05  2.77079E-05 -6.94960E-05 -1.09235E-05 -1.18237E-04  4.99049E-05 -1.39429E-04  3.57864E-05  1.10040E-04 -2.91922E-05 -5.08869E-05  1.36093E-05  8.13640E-06 -1.10944E-04  8.13185E-04  7.23696E-05 -2.38579E-05  1.37828E-05 -1.14848E-05  3.24232E-05 -2.68787E-05  1.49642E-04 -1.00281E-04 -9.76979E-05
 OMEGA(7,7)    8.42554E-05 -1.98826E-04  2.11702E-04  6.86632E-05  2.78808E-05  1.47885E-05  8.12583E-05 -6.11997E-05  1.36416E-07  0.00000E+00  6.82185E-07  9.53688E-05 -1.11989E-04  1.27282E-04 -2.37728E-05 -1.47572E-05 -2.04782E-05 -4.16634E-05  1.64028E-04 -4.03267E-05  3.24261E-04 -5.49987E-06 -3.18318E-05  3.59225E-05 -5.06591E-05  1.22580E-05 -1.04008E-04 -1.42049E-05  3.20273E-06 -9.15173E-05 -3.78005E-05 -7.35673E-05  1.52781E-06 -2.98242E-04  8.69249E-05 -4.51301E-04  1.99443E-04  7.23696E-05  2.37302E-03 -3.84468E-05 -4.39937E-07 -2.64326E-05 -5.46592E-05  1.02183E-04  4.26698E-05  3.81680E-04  5.80925E-05
 OMEGA(8,1)    7.36809E-05 -1.97869E-05 -4.47615E-05 -7.55852E-06  1.06484E-04  4.56408E-05 -5.32871E-05  2.42165E-05 -3.12746E-07  0.00000E+00 -9.35506E-07  5.94319E-04  1.04304E-04 -2.97599E-05  1.02761E-04 -2.44441E-05  4.20821E-05  9.96714E-05  1.66617E-05  2.75493E-05  7.39070E-05 -1.79782E-05  4.36909E-05  1.62121E-06 -4.80470E-06 -3.74688E-05 -1.04873E-04  9.59819E-06 -2.61113E-05  3.31073E-05  8.74381E-06 -4.58496E-05  2.09289E-04 -4.14986E-05  9.31998E-06 -8.22904E-07 -3.74493E-05 -2.38579E-05 -3.84468E-05  8.73983E-04 -4.78510E-05  5.80379E-05  5.93393E-05  4.30567E-05 -3.85538E-05  6.61679E-05  4.34276E-04
 OMEGA(8,2)   -4.57555E-06  2.33969E-05  2.54403E-05  5.26011E-05 -7.00335E-06  1.57493E-05 -8.37316E-05  2.08800E-05  1.80922E-07  0.00000E+00  4.93191E-07 -1.36812E-04  7.65839E-05  4.05221E-04 -2.26525E-05  4.83647E-05  5.68871E-05 -1.04673E-05  9.57297E-05  6.48800E-06  1.08687E-04  1.34370E-05 -1.78025E-07  2.65535E-05  1.52113E-06  1.20840E-05  2.65811E-06 -7.70161E-05 -8.97671E-06  3.88605E-06 -4.04584E-05  7.42904E-05 -4.87773E-05  8.47330E-05 -1.96997E-05 -1.66928E-05  6.55360E-06  1.37828E-05 -4.39937E-07 -4.78510E-05  5.87589E-04  3.44492E-05  4.88964E-05  2.24472E-05 -4.80677E-05 -3.29512E-05  3.09661E-04
 OMEGA(8,3)   -1.41286E-05  6.12787E-06  1.59053E-05  5.75225E-06  7.44088E-06  5.47261E-05 -4.04469E-05 -5.70958E-06 -8.10666E-07  0.00000E+00 -1.57171E-06 -6.92296E-06 -1.30731E-06  3.14401E-05  8.17550E-05  9.42396E-05  1.70597E-04  3.40805E-05  1.19155E-05  5.72293E-05  1.47330E-05 -8.11224E-06  1.53706E-06 -5.92841E-06  4.43343E-07 -1.28303E-05  1.26590E-05  1.30382E-05 -4.36565E-05  2.06897E-05 -9.37326E-06 -4.84754E-05  3.28056E-05  2.19805E-05  6.83374E-05  3.02130E-05  6.36356E-07 -1.14848E-05 -2.64326E-05  5.80379E-05  3.44492E-05  3.67456E-04  2.29058E-06  1.52010E-05  1.37377E-05  4.98739E-05  1.79437E-04
 OMEGA(8,4)    5.87090E-05  2.28628E-05  5.90053E-06  4.61059E-05  4.28842E-05  3.08275E-05 -9.26785E-05 -9.81017E-05 -5.86880E-07  0.00000E+00  5.04704E-07  5.61481E-06  3.96158E-05  2.16517E-05  2.87411E-05  2.36134E-05  2.87386E-05  1.62027E-04  1.41993E-04  8.84757E-05  1.70579E-04 -1.19356E-05  3.50345E-05 -2.68895E-05 -4.21153E-05 -1.85856E-05  1.44149E-05 -2.56766E-05  1.43511E-05 -9.07972E-05  3.40123E-05 -6.06283E-05  1.00201E-05  1.61462E-05 -3.46037E-05  1.16625E-04 -1.30917E-05  3.24232E-05 -5.46592E-05  5.93393E-05  4.88964E-05  2.29058E-06  7.01127E-04 -1.77622E-05  3.81735E-06 -9.41664E-05  1.14474E-04
 OMEGA(8,5)    4.07553E-05 -1.23501E-04 -7.65143E-06 -5.61112E-05  2.31422E-05 -6.03461E-06  3.90965E-05 -3.77130E-06 -6.25489E-07  0.00000E+00 -9.04756E-07  3.84764E-05 -2.59109E-07  7.22978E-05  4.12030E-06  2.39554E-05 -1.10648E-05 -3.89670E-06 -1.33827E-05 -1.63179E-05  3.21472E-05  1.11453E-04  1.29455E-04  5.22575E-05  3.82885E-05 -1.07789E-04 -3.95766E-05 -8.18090E-06  1.78139E-05 -3.91843E-05 -8.31744E-05  1.09109E-05  1.39847E-05  9.90134E-07  7.49964E-06 -3.04035E-05  1.47280E-04 -2.68787E-05  1.02183E-04  4.30567E-05  2.24472E-05  1.52010E-05 -1.77622E-05  5.96576E-04 -9.02529E-05  4.21463E-05 -7.32583E-05
 OMEGA(8,6)    8.25183E-06  2.47008E-05  1.10211E-04 -1.25304E-05  7.30432E-05  9.62211E-06 -2.36373E-05  2.25279E-05  6.93350E-07  0.00000E+00  1.43788E-07 -9.73088E-06 -3.78289E-07 -2.15530E-05  1.83488E-05 -2.12038E-05  2.65505E-06  9.77798E-06 -3.31334E-06  1.71122E-05 -1.76161E-05 -2.19764E-05 -2.88210E-05 -4.60971E-05 -1.86095E-05  1.59634E-05  1.57718E-04  1.50402E-04  5.97986E-05  5.19703E-05 -2.37165E-05 -3.39564E-04  1.80517E-05 -3.08418E-05  9.48185E-06 -3.04866E-05 -2.26725E-05  1.49642E-04  4.26698E-05 -3.85538E-05 -4.80677E-05  1.37377E-05  3.81735E-06 -9.02529E-05  6.75601E-04 -2.83909E-05 -2.41184E-04
 OMEGA(8,7)   -2.04551E-07  1.22705E-05  2.74668E-05  1.31221E-05  3.24521E-05 -2.24200E-05 -2.20090E-05  4.44677E-05 -7.94201E-07  0.00000E+00 -3.85510E-07  3.55295E-05 -9.02956E-06 -6.26854E-05 -5.01216E-06  4.92437E-06  1.02851E-05 -5.59367E-06 -3.87495E-05 -1.31588E-05 -5.36984E-05 -1.04130E-05  2.16072E-05  2.15175E-05  1.48238E-05  1.58144E-05  1.30211E-05  7.80902E-06 -2.19720E-06 -3.31017E-06 -8.81170E-07 -3.55616E-05  1.60777E-04  6.86848E-05  5.75323E-05  9.16735E-05  2.43309E-05 -1.00281E-04  3.81680E-04  6.61679E-05 -3.29512E-05  4.98739E-05 -9.41664E-05  4.21463E-05 -2.83909E-05  6.84359E-04  3.55834E-04
 OMEGA(8,8)    8.46581E-05  1.05078E-04 -5.41410E-05  1.59074E-04 -3.42591E-05  1.68378E-04 -8.81097E-05  1.31814E-05 -5.43851E-07  0.00000E+00 -1.70625E-06  1.52898E-04  5.26621E-05  4.83528E-05  5.30481E-05  4.49206E-05  1.23864E-04  2.18802E-05  2.00059E-05  3.64807E-05  1.25361E-04  2.52568E-05  1.02434E-05  3.96747E-05  2.26022E-06  3.77759E-05 -4.04425E-05 -5.35246E-05 -2.90712E-05 -2.86569E-05 -1.14674E-05 -3.03848E-05  1.16022E-04  7.42535E-05  9.35896E-06  9.76552E-05 -2.37516E-05 -9.76979E-05  5.80925E-05  4.34276E-04  3.09661E-04  1.79437E-04  1.14474E-04 -7.32583E-05 -2.41184E-04  3.55834E-04  1.64357E-03
