TABLE NO.     1: NUTS Bayesian Analysis: Problem=1 Subproblem=0 Superproblem1=0 Iteration1=0 Superproblem2=0 Iteration2=0
 NAME         THETA1       THETA2       THETA3       THETA4       THETA5       THETA6       THETA7       THETA8       SIGMA(1,1)   SIGMA(2,1)   SIGMA(2,2)   OMEGA(1,1)   OMEGA(2,1)   OMEGA(2,2)   OMEGA(3,1)   OMEGA(3,2)   OMEGA(3,3)   OMEGA(4,1)   OMEGA(4,2)   OMEGA(4,3)   OMEGA(4,4)   OMEGA(5,1)   OMEGA(5,2)   OMEGA(5,3)   OMEGA(5,4)   OMEGA(5,5)   OMEGA(6,1)   OMEGA(6,2)   OMEGA(6,3)   OMEGA(6,4)   OMEGA(6,5)   OMEGA(6,6)   OMEGA(7,1)   OMEGA(7,2)   OMEGA(7,3)   OMEGA(7,4)   OMEGA(7,5)   OMEGA(7,6)   OMEGA(7,7)   OMEGA(8,1)   OMEGA(8,2)   OMEGA(8,3)   OMEGA(8,4)   OMEGA(8,5)   OMEGA(8,6)   OMEGA(8,7)   OMEGA(8,8)
 THETA1        2.28609E+02  7.66426E+01 -1.73660E+01  3.25355E+00 -3.96204E+01 -2.09710E+01  3.62627E+01 -1.08071E+02 -1.81639E+02  0.00000E+00 -9.66972E+02  2.93162E-01 -2.63404E+00  1.95307E+01 -4.40740E+01 -8.47337E+00 -2.08216E+00 -1.73559E+01 -8.43175E+00  9.02805E+00  7.28460E+00  1.64091E+01  1.08225E+01  4.10518E+01  2.12637E+01 -1.10939E+01  1.44315E+01  1.04582E+00  3.84717E+01 -6.29666E+00  2.90471E+00  1.58105E+00 -2.52369E+01 -6.23235E+01 -4.68523E+01 -9.96549E+00  1.39951E+01 -1.31267E+01 -2.05059E+01  6.66506E+00 -7.13144E+00  5.63649E+01  4.41717E+00  1.27976E+01  1.01567E+01  3.73599E+01 -6.76599E+00
 THETA2        7.66426E+01  2.84758E+02  1.37093E+01 -1.37140E+01 -4.36221E+01 -3.68342E+01  8.00343E+01 -1.30407E+02  5.93231E+02  0.00000E+00 -2.06067E+02 -9.69192E+00 -9.96344E+00  6.97373E+01 -6.45864E+01 -6.27054E+01 -5.71803E+00  9.25926E+00  6.84123E+01 -1.85697E+01 -8.06612E+00  5.81680E+01  1.33491E+01  4.40729E+01 -2.20263E+01 -9.30450E+00 -8.34110E+00 -3.35982E+01  2.83460E+01  1.52933E+01  2.28530E+01  3.34475E+00 -4.74192E+01 -1.14304E+02 -7.32661E+01 -8.39432E+00  3.97851E+01  1.27892E+01 -3.20636E+01  5.55099E+00 -4.76367E+01  8.78065E+01  4.11851E+00 -1.23905E+01  3.10506E+01  8.44904E+01 -3.73363E+00
 THETA3       -1.73660E+01  1.37093E+01  3.92864E+02  1.61078E+00 -1.01183E+00 -3.60731E+01 -2.19700E+01 -6.10334E+01 -8.59701E+01  0.00000E+00  3.63136E+02  8.63722E+00  1.59723E+01 -5.26213E+00 -7.16176E+01  9.82023E-01  1.01400E+02 -6.98105E+00  3.36278E+01 -8.17329E+01 -5.79819E+01 -1.03020E+00  9.96667E+00 -2.35332E+01 -1.68755E+01 -9.10668E+00 -7.98894E-01 -9.86888E+00  1.80487E+01 -1.41299E+01  2.18178E+01  1.87128E+00 -4.27624E+00 -2.55007E+01  7.44916E+01 -2.37431E-01  4.28280E+01  1.08297E+01  3.47963E+00 -3.79840E+00 -3.50872E+01 -8.73370E+01  4.72787E+01  8.65685E+00 -5.80261E+00 -1.82451E+01  3.22982E+00
 THETA4        3.25355E+00 -1.37140E+01  1.61078E+00  2.21829E+02  3.33115E+00 -2.28850E+01  6.70384E+01 -4.37145E+01  4.80194E+02  0.00000E+00  5.05953E+02  7.25692E+00 -6.62003E+00 -1.86596E+01 -2.04256E+01  9.66220E+00  4.41888E+01 -1.70617E+01  2.83831E+00 -4.74166E+01 -2.18727E+01  2.97572E+01  1.26843E+01 -1.07227E+01  3.63678E+01 -3.09318E+00  2.81466E+01  1.41494E+01  1.37796E+01  3.44845E+00  3.81453E-01 -9.30304E+00 -2.11490E+01 -3.40634E+01  5.31894E+01 -1.56220E+01 -3.95964E+00  7.79169E+00 -1.91975E+00  4.29909E+01  5.24980E+01 -6.71309E+01  1.43429E+00  8.07011E+00  9.71017E-01  8.23786E+00 -5.28549E+00
 THETA5       -3.96204E+01 -4.36221E+01 -1.01183E+00  3.33115E+00  2.93513E+02  5.81261E+01 -5.76964E+01  4.83139E+01  1.03372E+03  0.00000E+00  1.84815E+02  2.60376E-01 -2.61325E+01 -2.82723E+01  1.89123E+01  1.61193E+01  1.71830E+00 -1.98800E+01 -1.45017E+01  2.00193E+01  8.34406E-01 -3.96582E+01 -1.97196E+01  3.27016E+01 -3.12865E+01  2.22177E+01  2.10791E+01  1.37834E+01  1.70008E+01 -1.07360E+00  4.21447E+01 -1.52102E+01 -5.42935E-02 -2.59919E+01  9.53486E+01  1.18461E+01 -3.09173E+01  4.88891E+01 -8.09986E+00  2.84411E+01  6.07636E+01  7.70488E-01  2.55433E+01  2.57183E+01 -4.94403E+01 -2.20781E+00 -2.98213E+01
 THETA6       -2.09710E+01 -3.68342E+01 -3.60731E+01 -2.28850E+01  5.81261E+01  2.22849E+02 -5.16826E+01  9.03174E+01  7.62924E+02  0.00000E+00 -6.59485E+01  7.74421E+00  2.07336E+01 -1.12129E+01  1.99723E+01 -3.49425E+01 -3.98214E+01  2.23807E+01 -1.35357E+01  3.09659E+01 -3.77503E+00  5.68892E+00 -3.11204E+01  6.29821E+00 -4.88259E+01  3.28129E-02  2.74521E+00  4.46677E+00  2.16712E+01 -4.62269E+01  1.55709E+01 -4.78688E+00  1.78637E+01  4.78688E+01 -2.64430E+00 -1.13772E+00 -2.18096E+01  1.38106E+00  2.56689E+00 -5.95063E+00  1.00031E+01  4.65807E+01 -2.88249E+01  2.27658E+01 -1.27747E+01 -1.44810E+01 -5.79677E+00
 THETA7        3.62627E+01  8.00343E+01 -2.19700E+01  6.70384E+01 -5.76964E+01 -5.16826E+01  2.81649E+02 -1.21667E+02  8.36438E+01  0.00000E+00  3.82321E+02  3.84222E+00  4.12588E+00  5.33818E+00 -3.71390E+01  1.41798E+01 -3.65760E+00 -2.20131E+01  3.00986E+01  7.26785E+00 -9.29046E+00  5.12909E+01 -1.53254E+00  5.34196E+00 -1.29899E+01  6.17905E+00  2.23092E+01  1.77204E+01  1.14224E+01 -6.53294E+00 -8.93834E+00 -6.62947E+00 -2.74205E+01 -4.94405E+01  3.27507E+01 -4.72106E+01 -7.19322E+00 -5.58665E+00 -8.39957E+00 -5.07883E+00 -1.71817E+01  5.76795E+00  7.68450E+00 -2.21731E+01  2.26628E+01 -9.33438E+00  1.72745E+01
 THETA8       -1.08071E+02 -1.30407E+02 -6.10334E+01 -4.37145E+01  4.83139E+01  9.03174E+01 -1.21667E+02  4.06580E+02  9.51494E+02  0.00000E+00  2.23966E+02  7.74426E+00  1.21951E+01 -3.60856E+01  8.51751E+01  1.55838E+01 -1.38191E+01  1.71541E+01 -3.35848E+01 -2.89609E+00  3.98259E+00 -5.47566E+01 -2.84287E+01 -4.56496E+01 -8.36673E+00 -1.82390E+00 -2.84204E+00  2.41988E+01 -2.80035E+00 -1.16400E+01 -8.97245E+00 -1.24705E+01  2.05022E+01  9.74273E+01  2.21265E+01  2.44597E+01 -7.89604E+00 -1.03892E+00  3.11974E+01  5.66043E+00  2.89464E+01 -5.05737E+01 -1.51361E+01 -1.82058E+01 -4.04718E+01 -2.91535E+01 -6.70653E-01
 SIGMA(1,1)   -1.81639E+02  5.93231E+02 -8.59701E+01  4.80194E+02  1.03372E+03  7.62924E+02  8.36438E+01  9.51494E+02  2.50702E+06  0.00000E+00 -2.50838E+04  1.83393E+02 -2.36358E+03  2.71360E+02 -2.20819E+03 -6.17504E+02  2.75857E+03 -1.37486E+03 -2.78776E+03 -2.58008E+02  4.04305E+02 -1.38974E+03 -7.17605E+02  1.46195E+03  1.87308E+03 -1.40940E+03  6.27420E+02  4.19257E+03  3.55316E+03 -1.99643E+02 -7.65099E+02 -9.51882E+02  2.93028E+03 -1.35317E+03 -5.87033E+03 -1.76762E+03  7.92814E+02  1.37377E+03  1.52867E+02  1.04177E+03  2.56129E+03  2.17922E+03  5.37449E+02 -1.02951E+03 -3.93531E+03 -2.10245E+02 -4.39268E+02
 SIGMA(2,1)    0.00000E+00  0.00000E+00  0.00000E+00  0.00000E+00  0.00000E+00  0.00000E+00  0.00000E+00  0.00000E+00  0.00000E+00  0.00000E+00  0.00000E+00  0.00000E+00  0.00000E+00  0.00000E+00  0.00000E+00  0.00000E+00  0.00000E+00  0.00000E+00  0.00000E+00  0.00000E+00  0.00000E+00  0.00000E+00  0.00000E+00  0.00000E+00  0.00000E+00  0.00000E+00  0.00000E+00  0.00000E+00  0.00000E+00  0.00000E+00  0.00000E+00  0.00000E+00  0.00000E+00  0.00000E+00  0.00000E+00  0.00000E+00  0.00000E+00  0.00000E+00  0.00000E+00  0.00000E+00  0.00000E+00  0.00000E+00  0.00000E+00  0.00000E+00  0.00000E+00  0.00000E+00  0.00000E+00
 SIGMA(2,2)   -9.66972E+02 -2.06067E+02  3.63136E+02  5.05953E+02  1.84815E+02 -6.59485E+01  3.82321E+02  2.23966E+02 -2.50838E+04  0.00000E+00  7.07827E+05 -1.21002E+03  8.10880E+01 -9.14765E+01 -1.69312E+03 -7.03903E+02 -4.25867E+02  1.00612E+03  1.23193E+03  3.60586E+02  6.64857E+01 -4.55567E+02  1.30644E+03 -5.38932E+01 -1.36727E+03 -8.99351E+01  5.38141E+02  2.54827E+03 -5.84234E+02  6.23303E+02 -4.11751E+02  1.02804E+03  3.60756E+02 -1.07129E+03  9.44865E+02  1.67669E+03  4.53366E+02  7.16777E+02 -3.68086E+02  1.51463E+02  3.75612E+02  1.97164E+03 -6.59207E+02  1.13044E+02 -7.97257E+02  7.87222E+02 -5.84998E+02
 OMEGA(1,1)    2.93162E-01 -9.69192E+00  8.63722E+00  7.25692E+00  2.60376E-01  7.74421E+00  3.84222E+00  7.74426E+00  1.83393E+02  0.00000E+00 -1.21002E+03  4.16876E+02  2.39750E+02  1.59471E+01 -4.11524E+01 -3.28673E+00  1.98312E+01 -4.42669E+01  4.80850E+01  4.46206E+01 -5.19823E+00 -1.17869E+02 -2.35466E+01  7.07057E-01  1.22927E+01  1.03553E+01 -6.20078E+01 -2.05593E+01  2.09841E+01  2.54629E+01  3.15572E+01 -1.36295E+01  1.24428E+02 -1.19471E+01 -4.97901E+01 -1.59080E+01 -4.25736E+01 -9.47523E+00 -4.34861E+00 -3.54967E+02 -2.93497E+01 -3.96809E+01 -1.66796E+00  3.57651E+01 -9.29477E+00  1.30396E+01  1.86756E+01
 OMEGA(2,1)   -2.63404E+00 -9.96344E+00  1.59723E+01 -6.62003E+00 -2.61325E+01  2.07336E+01  4.12588E+00  1.21951E+01 -2.36358E+03  0.00000E+00  8.10880E+01  2.39750E+02  1.55366E+03  4.15495E+02  2.66607E+01 -1.28798E+02 -3.51317E+00 -1.43618E+01  8.57251E+01  2.37792E+01 -1.25875E+01 -1.81621E+02 -2.85824E+02  3.64949E+01 -6.97249E+00  1.09922E+01 -1.16470E+02 -2.01113E+02 -4.74426E+01  1.33531E+01  3.45530E+01 -2.01244E+01  3.69522E+02  2.36195E+02 -9.48887E+01  1.58738E+01 -5.56402E+01 -2.53253E+01  2.02899E+01 -4.59121E+02 -6.41161E+02  7.01422E+01 -7.90873E+00  1.36130E+02  2.72507E+01 -8.99448E+01  8.36009E+01
 OMEGA(2,2)    1.95307E+01  6.97373E+01 -5.26213E+00 -1.86596E+01 -2.82723E+01 -1.12129E+01  5.33818E+00 -3.60856E+01  2.71360E+02  0.00000E+00 -9.14765E+01  1.59471E+01  4.15495E+02  7.89697E+02 -2.14919E+00  1.55786E+02 -3.29346E+00 -1.26996E+01 -7.18208E+01 -2.65906E+01 -6.08633E+00 -2.82313E+01 -3.32783E+02 -4.48318E+01  5.21183E+01  2.24462E+01 -3.47311E+01 -2.58450E+02 -7.40984E+01  2.04553E+01  2.62372E+01 -6.43609E+00  1.01902E+02  5.28981E+02  4.46732E+01 -2.98507E+01 -1.01816E+01 -9.84283E+00  6.15164E+01 -9.20294E+01 -8.14128E+02 -1.19315E+02  3.49746E+01  7.14489E+01  7.32876E+01 -1.05290E+02  1.17530E+02
 OMEGA(3,1)   -4.40740E+01 -6.45864E+01 -7.16176E+01 -2.04256E+01  1.89123E+01  1.99723E+01 -3.71390E+01  8.51751E+01 -2.20819E+03  0.00000E+00 -1.69312E+03 -4.11524E+01  2.66607E+01 -2.14919E+00  2.52067E+03  4.11578E+02 -1.01268E+02  9.26117E+01 -1.60109E+01 -1.58928E+01 -2.77897E+00 -3.11507E+01  1.32423E+02 -2.44359E+02 -5.75050E+00 -3.55633E+01 -1.35345E+02  2.49308E+00 -9.96313E+01 -8.80658E+01  3.19585E+01  2.67035E+01  2.14732E+01  8.26223E+01  3.43326E+02 -5.72823E+00  3.59556E+01 -2.15382E+01 -2.58035E+01 -2.75635E+02 -8.42054E+01 -8.44239E+02 -1.40003E+01 -2.97793E+01  1.29558E+02 -1.08640E+02  1.44604E+02
 OMEGA(3,2)   -8.47337E+00 -6.27054E+01  9.82023E-01  9.66220E+00  1.61193E+01 -3.49425E+01  1.41798E+01  1.55838E+01 -6.17504E+02  0.00000E+00 -7.03903E+02 -3.28673E+00 -1.28798E+02  1.55786E+02  4.11578E+02  3.41652E+03  1.27929E+02  6.41063E+00 -5.56758E+01  1.49989E+01 -3.71084E+01  6.88327E+01  3.15534E+01 -4.04880E+02  1.18008E+02  7.24104E+01  6.52342E+01 -1.86582E+02 -3.50930E+02 -6.92150E+01  2.45607E+01  5.54931E+01 -8.65750E+01 -1.34705E+02  9.05746E+02  2.91781E+01  2.71331E+01 -1.40128E+02 -3.73670E+01  3.96417E+01 -3.06259E+02 -1.23945E+03  7.85172E+01  2.50395E+01  1.17394E+02 -8.55846E-01  8.42002E+01
 OMEGA(3,3)   -2.08216E+00 -5.71803E+00  1.01400E+02  4.41888E+01  1.71830E+00 -3.98214E+01 -3.65760E+00 -1.38191E+01  2.75857E+03  0.00000E+00 -4.25867E+02  1.98312E+01 -3.51317E+00 -3.29346E+00 -1.01268E+02  1.27929E+02  1.31059E+03 -2.15624E+01  3.39265E+01  1.85739E+02  1.57821E+01  7.40082E+01 -1.76584E+00 -1.36355E+02  3.11096E+01 -2.26908E+01  1.69738E+01  4.23383E+01 -2.76411E+02 -2.09265E+00 -4.12245E+01 -2.00606E+01 -1.30413E+01  1.33756E+01 -1.58665E+01  1.13335E+01  7.50991E+01 -1.53787E+01  9.44570E-01  4.22954E+01  2.48284E+01 -6.63392E+02 -2.45561E+01 -5.28813E+00 -1.44028E+01 -3.74921E+00  1.60364E+01
 OMEGA(4,1)   -1.73559E+01  9.25926E+00 -6.98105E+00 -1.70617E+01 -1.98800E+01  2.23807E+01 -2.20131E+01  1.71541E+01 -1.37486E+03  0.00000E+00  1.00612E+03 -4.42669E+01 -1.43618E+01 -1.26996E+01  9.26117E+01  6.41063E+00 -2.15624E+01  1.20850E+03  2.42125E+02 -1.35577E+02 -3.21301E+01  9.40906E+01 -1.14927E+01 -3.34469E+01 -1.34589E+02  7.07264E+00 -1.19419E+02  2.83524E+01 -1.33670E+01 -6.02669E+01  5.76896E+00  3.47088E+01  2.05436E+02  4.63744E+01 -1.15391E+02  1.04152E+02 -6.14825E+01  7.83679E+00  8.77233E+00 -2.06583E+02  8.74899E+00 -6.20739E+01 -3.56197E+02  6.12225E+01  5.92878E+01 -6.80728E+01  5.96388E+01
 OMEGA(4,2)   -8.43175E+00  6.84123E+01  3.36278E+01  2.83831E+00 -1.45017E+01 -1.35357E+01  3.00986E+01 -3.35848E+01 -2.78776E+03  0.00000E+00  1.23193E+03  4.80850E+01  8.57251E+01 -7.18208E+01 -1.60109E+01 -5.56758E+01  3.39265E+01  2.42125E+02  1.73293E+03  4.05088E+01 -3.48815E+01  1.70455E+01  4.06037E+01  2.89107E+01 -2.06020E+02 -1.56578E+00 -1.66812E+01 -6.66220E+01 -1.57027E+02 -6.19635E+01  1.01566E+02  2.36736E+01  1.00893E+02  3.90232E+02 -5.60484E+01  3.14966E+02 -7.86341E+01 -5.16853E+01  7.91438E+01 -1.39893E+02 -2.09618E+02  1.92261E+01 -4.67655E+02  5.44111E+01  4.31167E+01 -6.93037E+01  3.35211E+01
 OMEGA(4,3)    9.02805E+00 -1.85697E+01 -8.17329E+01 -4.74166E+01  2.00193E+01  3.09659E+01  7.26785E+00 -2.89609E+00 -2.58008E+02  0.00000E+00  3.60586E+02  4.46206E+01  2.37792E+01 -2.65906E+01 -1.58928E+01  1.49989E+01  1.85739E+02 -1.35577E+02  4.05088E+01  2.08380E+03 -8.50898E+00 -3.50490E+01  5.74359E+01  1.76469E+02  5.33078E+01 -8.68146E+00  4.19548E+01  1.46971E+00 -2.68710E+02  1.69184E+01 -8.41683E+01  1.47975E+01  5.75730E+00  1.96823E+01  3.81250E+02 -3.59354E+01 -2.71156E+01 -4.94715E+01  1.10158E+00 -1.02063E-01 -7.48653E+01 -4.23950E+02 -1.77208E+02  3.16809E+01  7.39728E+01 -6.19582E+01  7.84488E+01
 OMEGA(4,4)    7.28460E+00 -8.06612E+00 -5.79819E+01 -2.18727E+01  8.34406E-01 -3.77503E+00 -9.29046E+00  3.98259E+00  4.04305E+02  0.00000E+00  6.64857E+01 -5.19823E+00 -1.25875E+01 -6.08633E+00 -2.77897E+00 -3.71084E+01  1.57821E+01 -3.21301E+01 -3.48815E+01 -8.50898E+00  3.80881E+02 -1.87360E+01  3.34984E+01  5.63939E+01  8.34966E+01 -2.37880E+00  1.82776E+00 -2.59113E+01  1.62126E+01 -4.45721E+01 -5.08790E+01 -1.44056E+01 -4.20064E+01  5.52078E-01 -2.24149E+01  1.83501E+02  1.89048E+01  7.51052E+00  1.89407E+01  4.52250E+01  9.12783E+00  5.05780E+01 -1.84307E+02 -5.96127E+01 -2.69427E+01 -5.55125E+01 -2.73606E+00
 OMEGA(5,1)    1.64091E+01  5.81680E+01 -1.03020E+00  2.97572E+01 -3.96582E+01  5.68892E+00  5.12909E+01 -5.47566E+01 -1.38974E+03  0.00000E+00 -4.55567E+02 -1.17869E+02 -1.81621E+02 -2.82313E+01 -3.11507E+01  6.88327E+01  7.40082E+01  9.40906E+01  1.70455E+01 -3.50490E+01 -1.87360E+01  1.59114E+03  5.05902E+02  4.58083E+01 -6.81772E+01 -2.20003E+02  1.84408E+02  1.06326E+02  3.27109E+01  6.10614E+01 -5.27974E+01 -1.37493E+01 -1.56455E+02 -1.15174E+02 -2.99154E+01 -4.90274E+01  2.29645E+02  9.09557E+01 -3.45244E+01  1.87488E+02  1.83131E+01 -5.03810E+01  2.83109E+01 -5.78939E+02 -1.27520E+02  9.26867E+01  4.74613E+00
 OMEGA(5,2)    1.08225E+01  1.33491E+01  9.96667E+00  1.26843E+01 -1.97196E+01 -3.11204E+01 -1.53254E+00 -2.84287E+01 -7.17605E+02  0.00000E+00  1.30644E+03 -2.35466E+01 -2.85824E+02 -3.32783E+02  1.32423E+02  3.15534E+01 -1.76584E+00 -1.14927E+01  4.06037E+01  5.74359E+01  3.34984E+01  5.05902E+02  2.24634E+03  5.22310E+01 -8.46546E+01 -2.58132E+02  6.11781E+01  3.57599E+02  4.30673E+01  7.44223E+00 -1.59221E+02 -1.94841E+01 -1.31029E+02 -3.85463E+02 -1.34208E+01  5.30019E+01  3.35428E+02  1.35348E+02 -2.75514E+01  5.10958E+01  3.91536E+02 -3.81685E+01 -8.96504E+01 -7.34269E+02 -1.72557E+02 -3.15414E+01  1.28553E+01
 OMEGA(5,3)    4.10518E+01  4.40729E+01 -2.35332E+01 -1.07227E+01  3.27016E+01  6.29821E+00  5.34196E+00 -4.56496E+01  1.46195E+03  0.00000E+00 -5.38932E+01  7.07057E-01  3.64949E+01 -4.48318E+01 -2.44359E+02 -4.04880E+02 -1.36355E+02 -3.34469E+01  2.89107E+01  1.76469E+02  5.63939E+01  4.58083E+01  5.22310E+01  3.04765E+03  1.97901E+01 -5.27993E+01 -6.44004E+01 -1.06700E+02  4.18536E+02 -4.50713E+01 -2.26649E+02 -7.44148E+01  2.20764E+01 -1.05290E+02 -4.61143E+02 -3.41162E+01 -4.26661E+01  7.68777E+01 -9.71274E+00  7.69870E+01  2.08118E+01  5.09696E+02 -6.62563E+00 -3.45243E+02 -2.14330E+01  3.79820E+01 -4.32784E+01
 OMEGA(5,4)    2.12637E+01 -2.20263E+01 -1.68755E+01  3.63678E+01 -3.12865E+01 -4.88259E+01 -1.29899E+01 -8.36673E+00  1.87308E+03  0.00000E+00 -1.36727E+03  1.22927E+01 -6.97249E+00  5.21183E+01 -5.75050E+00  1.18008E+02  3.11096E+01 -1.34589E+02 -2.06020E+02  5.33078E+01  8.34966E+01 -6.81772E+01 -8.46546E+01  1.97901E+01  1.49649E+03  7.68911E+01 -5.90434E+01  2.21253E+01 -4.08558E+01  1.28844E+02 -1.36924E+02 -4.05563E+00 -3.19817E+01 -5.61817E+01  1.18820E+02 -1.06513E+02  2.56785E+02  4.69428E+01 -2.58158E+01  1.94068E+01  3.67898E+00 -1.76729E+02  1.69758E+02 -2.18664E+02  5.29966E+00  9.00229E+01 -6.53933E+01
 OMEGA(5,5)   -1.10939E+01 -9.30450E+00 -9.10668E+00 -3.09318E+00  2.22177E+01  3.28129E-02  6.17905E+00 -1.82390E+00 -1.40940E+03  0.00000E+00 -8.99351E+01  1.03553E+01  1.09922E+01  2.24462E+01 -3.55633E+01  7.24104E+01 -2.26908E+01  7.07264E+00 -1.56578E+00 -8.68146E+00 -2.37880E+00 -2.20003E+02 -2.58132E+02 -5.27993E+01  7.68911E+01  6.46983E+02  6.86139E+00 -8.27641E+01 -2.55655E+01 -1.00326E+00  2.00381E+02  3.01951E+01  2.03313E+01  6.89847E+01  4.37460E+01 -3.01153E+01 -2.07414E+02 -1.12294E+02  2.15634E+01 -3.51641E+01 -4.67788E+01 -5.30573E+00 -1.04203E+01  2.57270E+02  9.14903E+01 -2.78468E+01  4.61291E+00
 OMEGA(6,1)    1.44315E+01 -8.34110E+00 -7.98894E-01  2.81466E+01  2.10791E+01  2.74521E+00  2.23092E+01 -2.84204E+00  6.27420E+02  0.00000E+00  5.38141E+02 -6.20078E+01 -1.16470E+02 -3.47311E+01 -1.35345E+02  6.52342E+01  1.69738E+01 -1.19419E+02 -1.66812E+01  4.19548E+01  1.82776E+00  1.84408E+02  6.11781E+01 -6.44004E+01 -5.90434E+01  6.86139E+00  1.24210E+03  3.17875E+02 -1.16213E+02 -6.72877E+01 -1.66684E+02 -1.30359E+02 -1.51588E+02 -8.66996E+01  7.64058E+01 -5.20965E+01  7.36104E+01  1.21348E+02 -2.59432E+01  3.04723E+02  1.26053E+02 -5.96492E+01  7.83841E+00 -1.38876E+02 -4.32419E+02  1.12847E+02 -7.27943E+01
 OMEGA(6,2)    1.04582E+00 -3.35982E+01 -9.86888E+00  1.41494E+01  1.37834E+01  4.46677E+00  1.77204E+01  2.41988E+01  4.19257E+03  0.00000E+00  2.54827E+03 -2.05593E+01 -2.01113E+02 -2.58450E+02  2.49308E+00 -1.86582E+02  4.23383E+01  2.83524E+01 -6.66220E+01  1.46971E+00 -2.59113E+01  1.06326E+02  3.57599E+02 -1.06700E+02  2.21253E+01 -8.27641E+01  3.17875E+02  1.74961E+03  1.16329E+02 -3.07823E+01 -2.47269E+02 -1.59343E+02 -4.85456E+01 -3.73941E+02 -6.47951E+01 -7.51682E+00  5.64612E+01  3.67511E+02 -2.92976E+01  8.29394E+01  6.54057E+02  1.04289E+02 -4.85272E+00 -1.77864E+02 -6.67086E+02  1.92902E+02 -1.40789E+02
 OMEGA(6,3)    3.84717E+01  2.83460E+01  1.80487E+01  1.37796E+01  1.70008E+01  2.16712E+01  1.14224E+01 -2.80035E+00  3.55316E+03  0.00000E+00 -5.84234E+02  2.09841E+01 -4.74426E+01 -7.40984E+01 -9.96313E+01 -3.50930E+02 -2.76411E+02 -1.33670E+01 -1.57027E+02 -2.68710E+02  1.62126E+01  3.27109E+01  4.30673E+01  4.18536E+02 -4.08558E+01 -2.55655E+01 -1.16213E+02  1.16329E+02  2.58896E+03  5.24874E+01 -5.04626E+01 -1.46123E+02 -3.60523E+01 -1.13246E+02 -2.51649E+02  1.95943E+01  5.89780E+01  1.21172E+02 -1.07077E+02 -1.49847E+01  8.08478E+01  7.51197E+02  7.94700E+01 -1.02288E+02 -2.90436E+02  7.45905E+01 -9.99406E+00
 OMEGA(6,4)   -6.29666E+00  1.52933E+01 -1.41299E+01  3.44845E+00 -1.07360E+00 -4.62269E+01 -6.53294E+00 -1.16400E+01 -1.99643E+02  0.00000E+00  6.23303E+02  2.54629E+01  1.33531E+01  2.04553E+01 -8.80658E+01 -6.92150E+01 -2.09265E+00 -6.02669E+01 -6.19635E+01  1.69184E+01 -4.45721E+01  6.10614E+01  7.44223E+00 -4.50713E+01  1.28844E+02 -1.00326E+00 -6.72877E+01 -3.07823E+01  5.24874E+01  1.19411E+03  4.57516E+01 -8.27173E+01 -4.54374E+01 -5.08154E+00 -4.65838E+01 -1.02567E+02  9.34074E+01  2.01054E+02 -3.89360E+01 -5.69846E+00 -1.50824E+01  7.70045E+01  2.49709E+02 -1.00620E+02 -1.96459E+02  1.34622E+02 -2.78897E+01
 OMEGA(6,5)    2.90471E+00  2.28530E+01  2.18178E+01  3.81453E-01  4.21447E+01  1.55709E+01 -8.93834E+00 -8.97245E+00 -7.65099E+02  0.00000E+00 -4.11751E+02  3.15572E+01  3.45530E+01  2.62372E+01  3.19585E+01  2.45607E+01 -4.12245E+01  5.76896E+00  1.01566E+02 -8.41683E+01 -5.08790E+01 -5.27974E+01 -1.59221E+02 -2.26649E+02 -1.36924E+02  2.00381E+02 -1.66684E+02 -2.47269E+02 -5.04626E+01  4.57516E+01  1.59449E+03  2.29882E+02 -1.83348E+00  4.04524E+00  3.21319E+01 -1.11300E+01 -1.76861E+02 -2.32690E+02  1.11986E+01 -1.39617E+02 -1.09733E+02 -1.25473E+01  1.33836E+01  5.05818E+02  2.90415E+02 -7.14168E+01  4.11448E+01
 OMEGA(6,6)    1.58105E+00  3.34475E+00  1.87128E+00 -9.30304E+00 -1.52102E+01 -4.78688E+00 -6.62947E+00 -1.24705E+01 -9.51882E+02  0.00000E+00  1.02804E+03 -1.36295E+01 -2.01244E+01 -6.43609E+00  2.67035E+01  5.54931E+01 -2.00606E+01  3.47088E+01  2.36736E+01  1.47975E+01 -1.44056E+01 -1.37493E+01 -1.94841E+01 -7.44148E+01 -4.05563E+00  3.01951E+01 -1.30359E+02 -1.59343E+02 -1.46123E+02 -8.27173E+01  2.29882E+02  4.18450E+02 -1.37525E+01  6.58904E+00  1.23284E+01  1.72375E+01 -4.32594E+00 -1.60248E+02 -9.08223E+00 -3.27892E+01 -4.31968E+01 -6.48621E+01  8.79436E+00  1.02651E+02  3.60234E+02 -2.38769E+01  1.73336E+01
 OMEGA(7,1)   -2.52369E+01 -4.74192E+01 -4.27624E+00 -2.11490E+01 -5.42935E-02  1.78637E+01 -2.74205E+01  2.05022E+01  2.93028E+03  0.00000E+00  3.60756E+02  1.24428E+02  3.69522E+02  1.01902E+02  2.14732E+01 -8.65750E+01 -1.30413E+01  2.05436E+02  1.00893E+02  5.75730E+00 -4.20064E+01 -1.56455E+02 -1.31029E+02  2.20764E+01 -3.19817E+01  2.03313E+01 -1.51588E+02 -4.85456E+01 -3.60523E+01 -4.54374E+01 -1.83348E+00 -1.37525E+01  1.52461E+03  3.53098E+02 -2.30068E+02 -5.38104E+01 -3.03293E+02 -1.36892E+02  1.80194E+02 -4.92255E+02 -1.92021E+02  5.23138E+01 -1.46069E+02  1.38824E+02  5.50560E+01 -5.33706E+02  1.44462E+02
 OMEGA(7,2)   -6.23235E+01 -1.14304E+02 -2.55007E+01 -3.40634E+01 -2.59919E+01  4.78688E+01 -4.94405E+01  9.74273E+01 -1.35317E+03  0.00000E+00 -1.07129E+03 -1.19471E+01  2.36195E+02  5.28981E+02  8.26223E+01 -1.34705E+02  1.33756E+01  4.63744E+01  3.90232E+02  1.96823E+01  5.52078E-01 -1.15174E+02 -3.85463E+02 -1.05290E+02 -5.61817E+01  6.89847E+01 -8.66996E+01 -3.73941E+02 -1.13246E+02 -5.08154E+00  4.04524E+00  6.58904E+00  3.53098E+02  2.10767E+03 -2.77907E+01  5.66170E+01 -2.11997E+02 -1.82897E+02  4.47913E+02 -3.96307E+01 -7.99731E+02 -4.03082E+01 -8.35967E+01  7.34988E+01  1.38750E+02 -6.05570E+02  9.35153E+01
 OMEGA(7,3)   -4.68523E+01 -7.32661E+01  7.44916E+01  5.31894E+01  9.53486E+01 -2.64430E+00  3.27507E+01  2.21265E+01 -5.87033E+03  0.00000E+00  9.44865E+02 -4.97901E+01 -9.48887E+01  4.46732E+01  3.43326E+02  9.05746E+02 -1.58665E+01 -1.15391E+02 -5.60484E+01  3.81250E+02 -2.24149E+01 -2.99154E+01 -1.34208E+01 -4.61143E+02  1.18820E+02  4.37460E+01  7.64058E+01 -6.47951E+01 -2.51649E+02 -4.65838E+01  3.21319E+01  1.23284E+01 -2.30068E+02 -2.77907E+01  3.19478E+03 -3.00053E+01 -7.09920E+01 -1.59410E+02 -4.53630E+01  4.60753E+01 -1.18071E+02 -9.59316E+02  1.11107E+02 -3.70578E+00  1.15127E+01 -3.80139E+02  1.17431E+02
 OMEGA(7,4)   -9.96549E+00 -8.39432E+00 -2.37431E-01 -1.56220E+01  1.18461E+01 -1.13772E+00 -4.72106E+01  2.44597E+01 -1.76762E+03  0.00000E+00  1.67669E+03 -1.59080E+01  1.58738E+01 -2.98507E+01 -5.72823E+00  2.91781E+01  1.13335E+01  1.04152E+02  3.14966E+02 -3.59354E+01  1.83501E+02 -4.90274E+01  5.30019E+01 -3.41162E+01 -1.06513E+02 -3.01153E+01 -5.20965E+01 -7.51682E+00  1.95943E+01 -1.02567E+02 -1.11300E+01  1.72375E+01 -5.38104E+01  5.66170E+01 -3.00053E+01  1.42287E+03  1.24159E+02 -1.01546E+02  2.65286E+02 -3.17674E+00 -1.42854E+01  3.80315E+01 -3.99537E+02  3.25089E+01  5.23917E+00 -2.89317E+02  4.61884E+01
 OMEGA(7,5)    1.39951E+01  3.97851E+01  4.28280E+01 -3.95964E+00 -3.09173E+01 -2.18096E+01 -7.19322E+00 -7.89604E+00  7.92814E+02  0.00000E+00  4.53366E+02 -4.25736E+01 -5.56402E+01 -1.01816E+01  3.59556E+01  2.71331E+01  7.50991E+01 -6.14825E+01 -7.86341E+01 -2.71156E+01  1.89048E+01  2.29645E+02  3.35428E+02 -4.26661E+01  2.56785E+02 -2.07414E+02  7.36104E+01  5.64612E+01  5.89780E+01  9.34074E+01 -1.76861E+02 -4.32594E+00 -3.03293E+02 -2.11997E+02 -7.09920E+01  1.24159E+02  1.99972E+03  3.28357E+02 -2.05637E+02  1.52983E+02  9.36914E+01 -1.07386E+02  9.68882E+01 -7.31647E+02 -1.20560E+02  2.98154E+02 -1.07375E+02
 OMEGA(7,6)   -1.31267E+01  1.27892E+01  1.08297E+01  7.79169E+00  4.88891E+01  1.38106E+00 -5.58665E+00 -1.03892E+00  1.37377E+03  0.00000E+00  7.16777E+02 -9.47523E+00 -2.53253E+01 -9.84283E+00 -2.15382E+01 -1.40128E+02 -1.53787E+01  7.83679E+00 -5.16853E+01 -4.94715E+01  7.51052E+00  9.09557E+01  1.35348E+02  7.68777E+01  4.69428E+01 -1.12294E+02  1.21348E+02  3.67511E+02  1.21172E+02  2.01054E+02 -2.32690E+02 -1.60248E+02 -1.36892E+02 -1.82897E+02 -1.59410E+02 -1.01546E+02  3.28357E+02  1.52039E+03 -1.87441E+02  5.36752E+01  1.32127E+02  5.64894E+01  3.56246E+01 -2.07547E+02 -5.39444E+02  4.34228E+02 -9.08290E+01
 OMEGA(7,7)   -2.05059E+01 -3.20636E+01  3.47963E+00 -1.91975E+00 -8.09986E+00  2.56689E+00 -8.39957E+00  3.11974E+01  1.52867E+02  0.00000E+00 -3.68086E+02 -4.34861E+00  2.02899E+01  6.15164E+01 -2.58035E+01 -3.73670E+01  9.44570E-01  8.77233E+00  7.91438E+01  1.10158E+00  1.89407E+01 -3.45244E+01 -2.75514E+01 -9.71274E+00 -2.58158E+01  2.15634E+01 -2.59432E+01 -2.92976E+01 -1.07077E+02 -3.89360E+01  1.11986E+01 -9.08223E+00  1.80194E+02  4.47913E+02 -4.53630E+01  2.65286E+02 -2.05637E+02 -1.87441E+02  6.78987E+02 -5.14184E+01 -1.28189E+02 -3.80494E+01 -7.87682E+01  6.38683E+01  5.28674E+01 -5.49673E+02  6.19715E+01
 OMEGA(8,1)    6.66506E+00  5.55099E+00 -3.79840E+00  4.29909E+01  2.84411E+01 -5.95063E+00 -5.07883E+00  5.66043E+00  1.04177E+03  0.00000E+00  1.51463E+02 -3.54967E+02 -4.59121E+02 -9.20294E+01 -2.75635E+02  3.96417E+01  4.22954E+01 -2.06583E+02 -1.39893E+02 -1.02063E-01  4.52250E+01  1.87488E+02  5.10958E+01  7.69870E+01  1.94068E+01 -3.51641E+01  3.04723E+02  8.29394E+01 -1.49847E+01 -5.69846E+00 -1.39617E+02 -3.27892E+01 -4.92255E+02 -3.96307E+01  4.60753E+01 -3.17674E+00  1.52983E+02  5.36752E+01 -5.14184E+01  2.01032E+03  5.58818E+02  1.30339E+01  2.05650E+01 -2.81986E+02 -2.30000E+02  3.21946E+02 -6.29610E+02
 OMEGA(8,2)   -7.13144E+00 -4.76367E+01 -3.50872E+01  5.24980E+01  6.07636E+01  1.00031E+01 -1.71817E+01  2.89464E+01  2.56129E+03  0.00000E+00  3.75612E+02 -2.93497E+01 -6.41161E+02 -8.14128E+02 -8.42054E+01 -3.06259E+02  2.48284E+01  8.74899E+00 -2.09618E+02 -7.48653E+01  9.12783E+00  1.83131E+01  3.91536E+02  2.08118E+01  3.67898E+00 -4.67788E+01  1.26053E+02  6.54057E+02  8.08478E+01 -1.50824E+01 -1.09733E+02 -4.31968E+01 -1.92021E+02 -7.99731E+02 -1.18071E+02 -1.42854E+01  9.36914E+01  1.32127E+02 -1.28189E+02  5.58818E+02  3.16488E+03  1.97749E+02 -2.38513E+01 -2.88957E+02 -2.37980E+02  7.61559E+02 -8.81080E+02
 OMEGA(8,3)    5.63649E+01  8.78065E+01 -8.73370E+01 -6.71309E+01  7.70488E-01  4.65807E+01  5.76795E+00 -5.05737E+01  2.17922E+03  0.00000E+00  1.97164E+03 -3.96809E+01  7.01422E+01 -1.19315E+02 -8.44239E+02 -1.23945E+03 -6.63392E+02 -6.20739E+01  1.92261E+01 -4.23950E+02  5.05780E+01 -5.03810E+01 -3.81685E+01  5.09696E+02 -1.76729E+02 -5.30573E+00 -5.96492E+01  1.04289E+02  7.51197E+02  7.70045E+01 -1.25473E+01 -6.48621E+01  5.23138E+01 -4.03082E+01 -9.59316E+02  3.80315E+01 -1.07386E+02  5.64894E+01 -3.80494E+01  1.30339E+01  1.97749E+02  4.08659E+03  1.12631E+02  6.29473E+01 -1.46494E+02  8.33887E+01 -3.59001E+02
 OMEGA(8,4)    4.41717E+00  4.11851E+00  4.72787E+01  1.43429E+00  2.55433E+01 -2.88249E+01  7.68450E+00 -1.51361E+01  5.37449E+02  0.00000E+00 -6.59207E+02 -1.66796E+00 -7.90873E+00  3.49746E+01 -1.40003E+01  7.85172E+01 -2.45561E+01 -3.56197E+02 -4.67655E+02 -1.77208E+02 -1.84307E+02  2.83109E+01 -8.96504E+01 -6.62563E+00  1.69758E+02 -1.04203E+01  7.83841E+00 -4.85272E+00  7.94700E+01  2.49709E+02  1.33836E+01  8.79436E+00 -1.46069E+02 -8.35967E+01  1.11107E+02 -3.99537E+02  9.68882E+01  3.56246E+01 -7.87682E+01  2.05650E+01 -2.38513E+01  1.12631E+02  1.83368E+03 -1.13267E+02 -2.07929E+02  4.65900E+02 -2.68702E+02
 OMEGA(8,5)    1.27976E+01 -1.23905E+01  8.65685E+00  8.07011E+00  2.57183E+01  2.27658E+01 -2.21731E+01 -1.82058E+01 -1.02951E+03  0.00000E+00  1.13044E+02  3.57651E+01  1.36130E+02  7.14489E+01 -2.97793E+01  2.50395E+01 -5.28813E+00  6.12225E+01  5.44111E+01  3.16809E+01 -5.96127E+01 -5.78939E+02 -7.34269E+02 -3.45243E+02 -2.18664E+02  2.57270E+02 -1.38876E+02 -1.77864E+02 -1.02288E+02 -1.00620E+02  5.05818E+02  1.02651E+02  1.38824E+02  7.34988E+01 -3.70578E+00  3.25089E+01 -7.31647E+02 -2.07547E+02  6.38683E+01 -2.81986E+02 -2.88957E+02  6.29473E+01 -1.13267E+02  2.75402E+03  3.74255E+02 -2.66612E+02  2.69633E+02
 OMEGA(8,6)    1.01567E+01  3.10506E+01 -5.80261E+00  9.71017E-01 -4.94403E+01 -1.27747E+01  2.26628E+01 -4.04718E+01 -3.93531E+03  0.00000E+00 -7.97257E+02 -9.29477E+00  2.72507E+01  7.32876E+01  1.29558E+02  1.17394E+02 -1.44028E+01  5.92878E+01  4.31167E+01  7.39728E+01 -2.69427E+01 -1.27520E+02 -1.72557E+02 -2.14330E+01  5.29966E+00  9.14903E+01 -4.32419E+02 -6.67086E+02 -2.90436E+02 -1.96459E+02  2.90415E+02  3.60234E+02  5.50560E+01  1.38750E+02  1.15127E+01  5.23917E+00 -1.20560E+02 -5.39444E+02  5.28674E+01 -2.30000E+02 -2.37980E+02 -1.46494E+02 -2.07929E+02  3.74255E+02  2.17747E+03 -3.59192E+02  4.57749E+02
 OMEGA(8,7)    3.73599E+01  8.44904E+01 -1.82451E+01  8.23786E+00 -2.20781E+00 -1.44810E+01 -9.33438E+00 -2.91535E+01 -2.10245E+02  0.00000E+00  7.87222E+02  1.30396E+01 -8.99448E+01 -1.05290E+02 -1.08640E+02 -8.55846E-01 -3.74921E+00 -6.80728E+01 -6.93037E+01 -6.19582E+01 -5.55125E+01  9.26867E+01 -3.15414E+01  3.79820E+01  9.00229E+01 -2.78468E+01  1.12847E+02  1.92902E+02  7.45905E+01  1.34622E+02 -7.14168E+01 -2.38769E+01 -5.33706E+02 -6.05570E+02 -3.80139E+02 -2.89317E+02  2.98154E+02  4.34228E+02 -5.49673E+02  3.21946E+02  7.61559E+02  8.33887E+01  4.65900E+02 -2.66612E+02 -3.59192E+02  2.63770E+03 -7.53761E+02
 OMEGA(8,8)   -6.76599E+00 -3.73363E+00  3.22982E+00 -5.28549E+00 -2.98213E+01 -5.79677E+00  1.72745E+01 -6.70653E-01 -4.39268E+02  0.00000E+00 -5.84998E+02  1.86756E+01  8.36009E+01  1.17530E+02  1.44604E+02  8.42002E+01  1.60364E+01  5.96388E+01  3.35211E+01  7.84488E+01 -2.73606E+00  4.74613E+00  1.28553E+01 -4.32784E+01 -6.53933E+01  4.61291E+00 -7.27943E+01 -1.40789E+02 -9.99406E+00 -2.78897E+01  4.11448E+01  1.73336E+01  1.44462E+02  9.35153E+01  1.17431E+02  4.61884E+01 -1.07375E+02 -9.08290E+01  6.19715E+01 -6.29610E+02 -8.81080E+02 -3.59001E+02 -2.68702E+02  2.69633E+02  4.57749E+02 -7.53761E+02  1.27492E+03
