TABLE NO.     1: Iterative Two Stage (No Prior): Problem=1 Subproblem=0 Superproblem1=0 Iteration1=0 Superproblem2=0 Iteration2=0
 NAME         THETA1       THETA2       THETA3       THETA4       THETA5       THETA6       THETA7       THETA8       SIGMA(1,1)   SIGMA(2,1)   SIGMA(2,2)   OMEGA(1,1)   OMEGA(2,1)   OMEGA(2,2)   OMEGA(3,1)   OMEGA(3,2)   OMEGA(3,3)   OMEGA(4,1)   OMEGA(4,2)   OMEGA(4,3)   OMEGA(4,4)   OMEGA(5,1)   OMEGA(5,2)   OMEGA(5,3)   OMEGA(5,4)   OMEGA(5,5)   OMEGA(6,1)   OMEGA(6,2)   OMEGA(6,3)   OMEGA(6,4)   OMEGA(6,5)   OMEGA(6,6)   OMEGA(7,1)   OMEGA(7,2)   OMEGA(7,3)   OMEGA(7,4)   OMEGA(7,5)   OMEGA(7,6)   OMEGA(7,7)   OMEGA(8,1)   OMEGA(8,2)   OMEGA(8,3)   OMEGA(8,4)   OMEGA(8,5)   OMEGA(8,6)   OMEGA(8,7)   OMEGA(8,8)
 THETA1        3.07637E+02  1.63219E+02 -5.90048E+01 -3.01803E+01 -8.11067E+01 -2.03799E+01  5.32437E+01 -1.98762E+02 -1.69904E+03  0.00000E+00 -2.63395E+03  8.17538E+01  7.72441E+01  9.36815E+01 -2.31174E+02  1.82879E+01 -1.15169E+02  3.87828E+01  4.82347E+02  1.19864E+02  6.76654E+01  8.10374E+01  1.12277E+02 -1.75952E+02 -1.02012E+02 -2.04011E+02  2.45071E+02  1.82664E+01 -3.32949E+01  6.13824E+01 -3.30007E+02 -1.35078E+02  1.62841E+02  2.39254E+02  1.78983E+02  1.30892E+02  1.44422E+01  1.47154E+02  4.88239E+01 -7.17942E+01 -3.68780E+02  1.57449E+02 -1.69757E+02 -7.62475E+01 -2.00645E+02 -2.39881E+02  1.49648E+02
 THETA2        1.63219E+02  4.52241E+02  2.04263E+01 -1.19782E+01 -1.29756E+02 -7.69289E+01  1.52673E+02 -2.87379E+02  6.61781E+03  0.00000E+00 -3.22287E+03  3.19241E+01  4.56172E+01  1.78103E+02 -3.48909E+01 -1.27905E+02 -5.94496E+01  4.76227E+02  6.53013E+02 -1.09787E+02 -1.16123E+01  1.68517E+02  8.70780E+01 -1.31215E+02 -7.77929E+01 -1.29950E+02  6.78860E+01 -3.26834E+01  1.67033E+02  1.15519E+02 -4.32567E+02 -2.10281E+02  1.90059E+02  1.52038E+02 -2.78484E+02  2.09603E+02  1.60367E+02  3.57153E+02  6.88284E+01 -2.68887E+02 -4.65245E+02  2.70832E+02 -4.96287E+02 -2.64617E+02 -8.00107E+01 -1.04140E+02  4.07242E+02
 THETA3       -5.90048E+01  2.04263E+01  5.45628E+02  6.08610E+01 -7.17333E+00 -8.17151E+01 -1.82839E+01 -9.99114E+01 -1.96584E+03  0.00000E+00  2.68261E+03 -1.02089E+02  4.66508E+01  2.07740E+01 -2.83652E+02 -2.02293E+02  5.19302E+01  1.08744E+02 -1.22771E+02  2.66590E+01 -1.86184E+02 -1.81209E+02 -2.03054E+02  8.84958E+01  9.81102E+01  1.35606E+02 -2.87385E+01  1.21421E+02  1.21288E+02  1.46967E+02  9.39144E+01  8.55038E+00  1.90435E+02 -2.11240E+02 -4.04333E+01 -1.92218E+02  1.10599E+02  1.71907E+02 -1.25081E+02  1.41759E+02  1.51197E+02 -1.34948E+02  2.05312E+02  3.31342E+02 -1.15682E+02  5.49310E+01 -5.26592E+01
 THETA4       -3.01803E+01 -1.19782E+01  6.08610E+01  2.83419E+02  2.17821E+01 -5.54682E+01  1.12976E+02 -9.85777E+01 -1.12649E+03  0.00000E+00  4.30785E+03  1.48930E+01  4.29668E+02  2.65648E+02  5.52782E+01 -1.14609E+02  1.51671E+02  9.11813E+01 -6.38148E+01 -2.71671E+02  1.40485E+02 -9.10638E+01 -5.20968E+01  1.02402E+02 -1.79025E+02  5.74985E+01  8.54077E+01  1.31012E+02  7.47595E+01 -9.71972E+01  1.45046E+02  2.46706E+01  1.00063E+02  1.54685E+02 -1.68949E+02  2.37185E+02 -2.16860E+02 -1.46195E+02  1.02835E+02 -1.09287E+02 -3.93017E+02  1.38594E+02 -1.94437E+02  2.38443E+02  4.74935E+00 -4.04160E+02  1.47045E+02
 THETA5       -8.11067E+01 -1.29756E+02 -7.17333E+00  2.17821E+01  3.64326E+02  1.21540E+02 -8.58901E+01  1.24060E+02 -2.79776E+03  0.00000E+00  2.07276E+03  2.41169E+01  1.05700E+02 -4.04842E+01 -1.46956E+02 -1.69207E+02 -5.42871E+00 -9.66247E+01 -8.44105E+01  7.91603E+01 -1.09108E+02 -4.37150E+02 -2.31665E+02  2.50967E+02  1.18176E+02  2.29556E+02 -3.48711E+02 -3.77474E+02  1.07304E+02  1.50601E+02  2.33661E+02  4.76156E+01  1.92514E+01  1.09966E+02  1.27912E+02 -2.42120E+02 -3.60776E+02 -8.13655E+01 -5.95926E+01 -6.50116E+01 -1.27695E+02  3.19563E+02  2.72586E+02  3.06933E+02  2.61289E+02  1.77086E+01 -6.74987E+01
 THETA6       -2.03799E+01 -7.69289E+01 -8.17151E+01 -5.54682E+01  1.21540E+02  2.90703E+02 -8.22495E+01  1.49875E+02  1.82236E+03  0.00000E+00  8.47536E+02  1.17850E+02  5.65605E+01 -3.32504E+01  1.12162E+01  1.86536E+02  1.21698E+01  7.63539E+01  1.19735E+02  1.15693E+02 -5.72048E+01 -3.76010E+02 -4.52479E+02  5.87803E+01  1.34352E+02  1.45890E+02 -3.23005E+02 -4.56688E+02  1.87308E+01  2.56923E+01  1.93169E+02  9.64324E+01  1.67659E+02  3.43780E+02  1.88334E+02 -1.58562E+02 -1.16782E+02 -2.15745E+02  2.67389E+01 -2.44628E+02 -7.86048E+01 -1.39943E+02  6.78142E+00  3.52650E+02  2.74710E+02 -1.91739E+02  1.41355E+01
 THETA7        5.32437E+01  1.52673E+02 -1.82839E+01  1.12976E+02 -8.58901E+01 -8.22495E+01  3.63344E+02 -2.18266E+02  9.21933E+03  0.00000E+00 -1.41871E+03  1.10067E+02  3.51157E+02  2.74051E+02  1.85456E+02 -2.23187E+02 -3.69797E+00  1.15401E+02  1.82410E+02 -1.96223E+02  1.18582E+02 -1.32727E+01  1.65303E+01  1.06978E+02 -2.20303E+02 -1.66838E+02  1.27208E+02  2.40468E+02  1.64472E+02 -1.36374E+02 -7.93217E+01 -9.55661E+01  1.08177E+02  2.22813E+02 -2.60211E+02  2.17033E+02 -1.12704E+02  5.67980E+01  1.37249E+02 -3.17231E+02 -4.00225E+02  6.09938E+01 -4.18671E+02  6.68404E+01 -1.25625E+02 -1.35567E+02  2.27022E+02
 THETA8       -1.98762E+02 -2.87379E+02 -9.99114E+01 -9.85777E+01  1.24060E+02  1.49875E+02 -2.18266E+02  5.56030E+02 -2.70865E+03  0.00000E+00  3.95619E+03 -4.00303E+01 -3.24282E+02 -3.26930E+02  2.07099E+02  2.70443E+02 -1.29738E+02 -1.49611E+02 -4.81017E+02  1.64738E+02 -1.11744E+02 -1.21061E+02 -2.26436E+02  2.87849E+02  2.56572E+02  1.72603E+02 -2.49272E+02 -6.04694E+01 -1.16744E+02  8.94611E+00  3.33095E+02  1.22517E+02 -2.11384E+02 -1.60006E+02  8.40435E+01 -4.48616E+02 -2.17105E+01 -1.90572E+02 -5.05690E+01  2.28200E+02  8.90138E+02 -1.65412E+02  3.67835E+02  4.18489E+00  3.06899E+01  2.71932E+02 -4.07926E+02
 SIGMA(1,1)   -1.69904E+03  6.61781E+03 -1.96584E+03 -1.12649E+03 -2.79776E+03  1.82236E+03  9.21933E+03 -2.70865E+03  2.41021E+06  0.00000E+00  1.82867E+05  5.62222E+03  1.79423E+04  2.31829E+04  1.77226E+04  1.27582E+04 -1.01923E+04  6.88783E+03 -1.94859E+04 -3.66159E+02  1.03428E+04 -8.74079E+03 -1.56954E+04 -9.48344E+03 -9.60808E+03  2.79443E+02 -5.31170E+03  1.88463E+04 -8.73756E+03 -2.04729E+04  2.48319E+04  1.13130E+04  9.91804E+03  5.14796E+03 -9.73818E+01  6.50335E+03 -1.57104E+04 -2.81135E+03  6.25611E+03 -1.92142E+04 -8.60806E+03 -1.46991E+04 -1.30237E+04  1.70305E+04  5.15312E+03 -4.44919E+03  8.74659E+03
 SIGMA(2,1)    0.00000E+00  0.00000E+00  0.00000E+00  0.00000E+00  0.00000E+00  0.00000E+00  0.00000E+00  0.00000E+00  0.00000E+00  0.00000E+00  0.00000E+00  0.00000E+00  0.00000E+00  0.00000E+00  0.00000E+00  0.00000E+00  0.00000E+00  0.00000E+00  0.00000E+00  0.00000E+00  0.00000E+00  0.00000E+00  0.00000E+00  0.00000E+00  0.00000E+00  0.00000E+00  0.00000E+00  0.00000E+00  0.00000E+00  0.00000E+00  0.00000E+00  0.00000E+00  0.00000E+00  0.00000E+00  0.00000E+00  0.00000E+00  0.00000E+00  0.00000E+00  0.00000E+00  0.00000E+00  0.00000E+00  0.00000E+00  0.00000E+00  0.00000E+00  0.00000E+00  0.00000E+00  0.00000E+00
 SIGMA(2,2)   -2.63395E+03 -3.22287E+03  2.68261E+03  4.30785E+03  2.07276E+03  8.47536E+02 -1.41871E+03  3.95619E+03  1.82867E+05  0.00000E+00  8.37201E+05  6.29694E+03  6.40716E+03 -1.28996E+02 -6.48477E+03 -2.83453E+03  2.31397E+03 -8.76389E+03 -1.93674E+04  2.23145E+03  3.00684E+03 -6.09577E+03 -5.99932E+03  1.60761E+04  6.29966E+03  3.75841E+03  5.41566E+03  1.01396E+04  4.35959E+03 -2.78146E+03  7.37575E+02 -2.29352E+03  6.12185E+02 -5.91705E+03 -8.14608E+03 -6.78259E+03 -9.48707E+03  3.09723E+02 -9.88178E+02 -2.27410E+03  1.40534E+04 -5.41660E+03  7.31869E+03  6.94967E+03 -2.08809E+03 -1.15217E+03 -4.25123E+02
 OMEGA(1,1)    8.17538E+01  3.19241E+01 -1.02089E+02  1.48930E+01  2.41169E+01  1.17850E+02  1.10067E+02 -4.00303E+01  5.62222E+03  0.00000E+00  6.29694E+03  9.92198E+02  8.72875E+02  3.55709E+02 -9.18143E+02 -5.57819E+02  2.99695E+01 -3.22219E+02  2.16503E+02  2.23805E+01  2.15525E+02 -6.99305E+02 -6.33608E+02  6.25742E+02 -1.49459E+02  1.34113E+02  2.02428E+02 -3.13848E+01 -2.67305E+01 -2.43145E+02  9.61474E+01  2.14456E+01  5.18473E+02  6.12163E+02 -7.11278E+02  1.55444E+02 -5.61790E+02  3.34484E+01  1.51632E+02 -1.10858E+03 -9.29942E+02  9.12778E+02 -1.00420E+02  8.06996E+02 -9.43253E+01 -6.35308E+02  3.57808E+02
 OMEGA(2,1)    7.72441E+01  4.56172E+01  4.66508E+01  4.29668E+02  1.05700E+02  5.65605E+01  3.51157E+02 -3.24282E+02  1.79423E+04  0.00000E+00  6.40716E+03  8.72875E+02  3.51174E+03  2.13138E+03 -8.06207E+02 -1.09329E+03 -6.81367E+00  3.60151E+02  3.50144E+02 -4.84996E+02  5.02459E+02 -1.77120E+03 -1.82872E+03  9.07316E+02 -8.91908E+02  8.06925E+02 -4.10979E+02 -4.23473E+02  1.50835E+02 -1.74192E+02  7.43620E+02  2.28181E+02  1.93134E+03  1.98050E+03 -6.83819E+02  1.03041E+03 -1.70950E+03 -4.85069E+02  5.42411E+02 -2.88183E+03 -4.28283E+03  1.48926E+03 -7.69564E+02  2.49510E+03  6.45908E+02 -2.18422E+03  1.77662E+03
 OMEGA(2,2)    9.36815E+01  1.78103E+02  2.07740E+01  2.65648E+02 -4.04842E+01 -3.32504E+01  2.74051E+02 -3.26930E+02  2.31829E+04  0.00000E+00 -1.28996E+02  3.55709E+02  2.13138E+03  2.00586E+03 -2.14280E+02 -3.07848E+02 -3.17225E+02  1.57804E+02 -1.44348E+02 -3.47567E+02  4.76070E+02 -8.03556E+02 -1.13915E+03 -8.99759E+01 -3.95614E+02  6.22230E+02 -2.18225E+02 -5.64338E+02  1.49624E+01 -3.57979E+02  5.55759E+02  3.18321E+02  9.83133E+02  1.14809E+03 -2.87300E+02  7.97721E+02 -9.26907E+02 -5.49924E+02  4.01591E+02 -1.74782E+03 -3.19234E+03  7.70753E+02 -6.21062E+02  1.32133E+03  8.59348E+02 -1.18882E+03  1.32268E+03
 OMEGA(3,1)   -2.31174E+02 -3.48909E+01 -2.83652E+02  5.52782E+01 -1.46956E+02  1.12162E+01  1.85456E+02  2.07099E+02  1.77226E+04  0.00000E+00 -6.48477E+03 -9.18143E+02 -8.06207E+02 -2.14280E+02  3.58850E+03  1.76017E+03  2.21932E+02  3.68109E+02 -4.19193E+02 -1.84890E+02 -3.31395E+02  1.05421E+03  5.90422E+02 -9.32512E+02  1.04861E+02 -3.90186E+02 -6.65076E+02 -2.99186E+02  2.93041E+02  1.40883E+02  5.91708E+02  1.71689E+02 -1.47168E+03 -6.01782E+02  9.84837E+02 -2.76500E+02  6.66978E+02 -5.41241E+02 -1.47643E+02  9.86955E+02  1.03105E+03 -3.56693E+03 -1.10120E+02 -9.96068E+02  6.44789E+02  1.08805E+03  7.55824E+01
 OMEGA(3,2)    1.82879E+01 -1.27905E+02 -2.02293E+02 -1.14609E+02 -1.69207E+02  1.86536E+02 -2.23187E+02  2.70443E+02  1.27582E+04  0.00000E+00 -2.83453E+03 -5.57819E+02 -1.09329E+03 -3.07848E+02  1.76017E+03  3.76405E+03 -1.34736E+02 -4.15197E+02 -3.46263E+02  2.29853E+02 -1.49576E+02  8.61787E+02 -2.72342E+02 -2.00926E+03  7.94598E+02 -3.37532E+02 -6.58172E+01 -7.01933E+02 -7.47299E+02  1.18175E+02  7.73275E+02  1.23783E+02 -8.29783E+02 -9.49051E+02  2.47961E+03 -3.25365E+02  1.31302E+03 -5.27867E+02 -3.84141E+02  1.53308E+03  1.42130E+03 -2.97275E+03  7.36934E+02 -1.12672E+02  3.68957E+02  7.13997E+02 -1.03848E+03
 OMEGA(3,3)   -1.15169E+02 -5.94496E+01  5.19302E+01  1.51671E+02 -5.42871E+00  1.21698E+01 -3.69797E+00 -1.29738E+02 -1.01923E+04  0.00000E+00  2.31397E+03  2.99695E+01 -6.81367E+00 -3.17225E+02  2.21932E+02 -1.34736E+02  2.90196E+03  6.74835E+01  2.25290E+02  6.63315E+02  1.48929E+02  9.06027E+01 -1.31175E+02  9.05884E+02  3.15771E+02 -1.23850E+01  4.51376E+02  1.50768E+02 -9.31138E+01  3.49112E+01 -2.02868E+02 -3.39874E+02  1.67859E+02  4.01819E+02 -1.23601E+02  2.42885E+02 -4.10385E+02 -7.59126E+01  1.03639E+02 -4.61769E+02  1.52303E+02 -2.44126E+03 -6.09603E+02 -4.12509E+02 -5.81464E+02 -4.92801E+02  8.27243E+02
 OMEGA(4,1)    3.87828E+01  4.76227E+02  1.08744E+02  9.11813E+01 -9.66247E+01  7.63539E+01  1.15401E+02 -1.49611E+02  6.88783E+03  0.00000E+00 -8.76389E+03 -3.22219E+02  3.60151E+02  1.57804E+02  3.68109E+02 -4.15197E+02  6.74835E+01  2.63651E+03  1.91239E+03 -8.36227E+02 -3.03182E+02 -1.94794E+02 -8.33296E+02  4.78024E+01 -4.16677E+02  1.07347E+02 -8.32091E+02 -2.95731E+02  1.19817E+02  5.44615E+02  4.76688E+00 -1.85182E+02  1.04668E+03  1.44102E+03 -3.48944E+02  5.45706E+02 -1.50537E+02  1.37009E+02  4.60369E+02 -8.88669E+02 -1.04084E+03 -1.22330E+02 -1.76709E+03  5.81819E+02  3.38916E+02 -1.17224E+03  9.58589E+02
 OMEGA(4,2)    4.82347E+02  6.53013E+02 -1.22771E+02 -6.38148E+01 -8.44105E+01  1.19735E+02  1.82410E+02 -4.81017E+02 -1.94859E+04  0.00000E+00 -1.93674E+04  2.16503E+02  3.50144E+02 -1.44348E+02 -4.19193E+02 -3.46263E+02  2.25290E+02  1.91239E+03  4.50986E+03 -1.79428E+02 -3.68214E+02 -8.26960E+02 -6.04008E+02  7.43262E+02 -2.92669E+02 -2.74423E+02 -2.89332E+02 -1.09773E+03  7.22847E+01  5.96596E+02 -1.02801E+03 -5.65947E+02  1.46138E+03  2.81447E+03 -2.40017E+02  1.07536E+03 -1.83022E+02  2.47100E+02  6.78099E+02 -1.10013E+03 -2.18631E+03  6.53283E+02 -2.32908E+03  9.86835E+02 -1.10114E+02 -2.41689E+03  1.10761E+03
 OMEGA(4,3)    1.19864E+02 -1.09787E+02  2.66590E+01 -2.71671E+02  7.91603E+01  1.15693E+02 -1.96223E+02  1.64738E+02 -3.66159E+02  0.00000E+00  2.23145E+03  2.23805E+01 -4.84996E+02 -3.47567E+02 -1.84890E+02  2.29853E+02  6.63315E+02 -8.36227E+02 -1.79428E+02  3.03148E+03  1.37465E+02  1.62930E+02  9.37764E+02  9.91904E+02  5.23847E+02 -1.90192E+02  2.50413E+02  1.95118E+02 -2.48459E+02 -2.82032E+02 -1.67123E+02  2.50323E+01 -3.76296E+02 -3.42143E+02  1.38975E+03 -8.24774E+02  2.54240E+02  2.20411E+02 -6.45012E+02  1.84852E+02  8.59100E+02 -1.74375E+03  2.58653E+02 -1.26212E+03 -5.04766E+02  1.19605E+03 -2.06851E+02
 OMEGA(4,4)    6.76654E+01 -1.16123E+01 -1.86184E+02  1.40485E+02 -1.09108E+02 -5.72048E+01  1.18582E+02 -1.11744E+02  1.03428E+04  0.00000E+00  3.00684E+03  2.15525E+02  5.02459E+02  4.76070E+02 -3.31395E+02 -1.49576E+02  1.48929E+02 -3.03182E+02 -3.68214E+02  1.37465E+02  7.48396E+02  1.87169E+01  2.25558E+02  3.03263E+02 -1.52292E+02 -1.34635E+02  3.70154E+02  5.25004E+02 -6.26830E+00 -5.73032E+02 -4.88853E+01  3.80813E+01  9.30518E+01  9.03497E+01 -3.25110E+02  6.88645E+02 -1.51226E+02 -1.75670E+02  1.79620E+02 -2.63450E+02 -3.47835E+02  3.48641E+02 -4.69327E+02 -6.88730E+01 -1.89294E+02 -3.72350E+02  9.29838E+01
 OMEGA(5,1)    8.10374E+01  1.68517E+02 -1.81209E+02 -9.10638E+01 -4.37150E+02 -3.76010E+02 -1.32727E+01 -1.21061E+02 -8.74079E+03  0.00000E+00 -6.09577E+03 -6.99305E+02 -1.77120E+03 -8.03556E+02  1.05421E+03  8.61787E+02  9.06027E+01 -1.94794E+02 -8.26960E+02  1.62930E+02  1.87169E+01  2.77696E+03  2.90050E+03 -1.23898E+03  1.87641E+01 -1.17832E+03  8.80901E+02  9.97482E+02  2.21190E+02 -1.62492E+02 -1.26252E+03 -3.72976E+02 -1.59421E+03 -1.85545E+03  7.25088E+02  8.77151E+01  1.65845E+03  3.46515E+02 -3.23761E+02  1.99149E+03  2.35451E+03 -1.33110E+03  3.70661E+02 -3.50299E+03 -7.64499E+02  1.76012E+03 -8.98605E+02
 OMEGA(5,2)    1.12277E+02  8.70780E+01 -2.03054E+02 -5.20968E+01 -2.31665E+02 -4.52479E+02  1.65303E+01 -2.26436E+02 -1.56954E+04  0.00000E+00 -5.99932E+03 -6.33608E+02 -1.82872E+03 -1.13915E+03  5.90422E+02 -2.72342E+02 -1.31175E+02 -8.33296E+02 -6.04008E+02  9.37764E+02  2.25558E+02  2.90050E+03  6.18915E+03 -4.99384E+02 -6.18108E+02 -1.77291E+03  1.05284E+03  1.95341E+03  5.14747E+02 -1.17040E+03 -2.72256E+03 -3.92483E+02 -1.91429E+03 -2.42755E+03  1.14569E+03  1.82060E+02  1.97138E+03  5.39400E+02 -6.75233E+02  2.29385E+03  2.67368E+03 -1.55603E+02  7.04418E+02 -5.59114E+03 -1.27669E+03  2.45620E+03 -1.33243E+03
 OMEGA(5,3)   -1.75952E+02 -1.31215E+02  8.84958E+01  1.02402E+02  2.50967E+02  5.87803E+01  1.06978E+02  2.87849E+02 -9.48344E+03  0.00000E+00  1.60761E+04  6.25742E+02  9.07316E+02 -8.99759E+01 -9.32512E+02 -2.00926E+03  9.05884E+02  4.78024E+01  7.43262E+02  9.91904E+02  3.03263E+02 -1.23898E+03 -4.99384E+02  4.25346E+03  5.46745E+01  1.41918E+02  3.68100E+02  7.66614E+02  1.15015E+03  4.69978E+01 -1.34728E+03 -8.67760E+02  7.69966E+02  1.23389E+03 -1.84547E+03  1.71907E+02 -1.07713E+03  3.30537E+02  3.95796E+02 -1.31065E+03 -2.39118E+02  8.58133E+02 -1.07990E+03  2.32808E+02 -1.15037E+03 -9.03365E+02  5.66217E+02
 OMEGA(5,4)   -1.02012E+02 -7.77929E+01  9.81102E+01 -1.79025E+02  1.18176E+02  1.34352E+02 -2.20303E+02  2.56572E+02 -9.60808E+03  0.00000E+00  6.29966E+03 -1.49459E+02 -8.91908E+02 -3.95614E+02  1.04861E+02  7.94598E+02  3.15771E+02 -4.16677E+02 -2.92669E+02  5.23847E+02 -1.52292E+02  1.87641E+01 -6.18108E+02  5.46745E+01  1.54511E+03  2.04576E+02 -7.05916E+01 -1.03086E+03  7.44336E+01  6.19568E+02  1.07508E+02 -4.05794E+01 -1.59122E+02 -2.50416E+02  1.76490E+02 -8.52192E+02  2.97055E+02 -1.02619E+02 -1.83487E+02  6.24748E+02  1.09552E+03 -1.05444E+03  6.15937E+02 -1.95151E+02  3.06472E+02  6.79984E+02 -5.38969E+02
 OMEGA(5,5)   -2.04011E+02 -1.29950E+02  1.35606E+02  5.74985E+01  2.29556E+02  1.45890E+02 -1.66838E+02  1.72603E+02  2.79443E+02  0.00000E+00  3.75841E+03  1.34113E+02  8.06925E+02  6.22230E+02 -3.90186E+02 -3.37532E+02 -1.23850E+01  1.07347E+02 -2.74423E+02 -1.90192E+02 -1.34635E+02 -1.17832E+03 -1.77291E+03  1.41918E+02  2.04576E+02  1.22042E+03 -6.00658E+02 -1.11805E+03 -3.47054E+02  2.62492E+02  1.35524E+03  6.26722E+02  6.90567E+02  4.95592E+02 -4.51668E+02 -2.89266E+02 -7.40422E+02 -3.25589E+02  4.07945E+01 -9.85437E+02 -1.54147E+03  4.70332E+02  2.76954E+02  1.70507E+03  1.02866E+03 -4.93110E+02  6.01417E+02
 OMEGA(6,1)    2.45071E+02  6.78860E+01 -2.87385E+01  8.54077E+01 -3.48711E+02 -3.23005E+02  1.27208E+02 -2.49272E+02 -5.31170E+03  0.00000E+00  5.41566E+03  2.02428E+02 -4.10979E+02 -2.18225E+02 -6.65076E+02 -6.58172E+01  4.51376E+02 -8.32091E+02 -2.89332E+02  2.50413E+02  3.70154E+02  8.80901E+02  1.05284E+03  3.68100E+02 -7.05916E+01 -6.00658E+02  1.89736E+03  1.31090E+03 -1.73893E+02 -5.84810E+02 -1.17682E+03 -5.10052E+02 -3.88062E+02 -6.33733E+02 -4.37106E+02  2.51570E+02  3.71842E+02  5.44632E+02  2.86284E+01  6.21888E+02  8.78907E+02  3.70531E+02  1.99908E+02 -9.71194E+02 -1.41023E+03  2.78964E+02 -5.06732E+02
 OMEGA(6,2)    1.82664E+01 -3.26834E+01  1.21421E+02  1.31012E+02 -3.77474E+02 -4.56688E+02  2.40468E+02 -6.04694E+01  1.88463E+04  0.00000E+00  1.01396E+04 -3.13848E+01 -4.23473E+02 -5.64338E+02 -2.99186E+02 -7.01933E+02  1.50768E+02 -2.95731E+02 -1.09773E+03  1.95118E+02  5.25004E+02  9.97482E+02  1.95341E+03  7.66614E+02 -1.03086E+03 -1.11805E+03  1.31090E+03  3.66078E+03  1.24839E+02 -1.22834E+03 -1.37161E+03 -7.27883E+02 -6.14440E+02 -1.50478E+03 -5.57456E+02  4.89868E+02  4.62254E+02  8.31145E+02 -8.76439E+01  7.61431E+02  2.41097E+03  4.55268E+02 -2.88607E+02 -1.52389E+03 -2.33687E+03  8.20172E+02 -9.40788E+02
 OMEGA(6,3)   -3.32949E+01  1.67033E+02  1.21288E+02  7.47595E+01  1.07304E+02  1.87308E+01  1.64472E+02 -1.16744E+02 -8.73756E+03  0.00000E+00  4.35959E+03 -2.67305E+01  1.50835E+02  1.49624E+01  2.93041E+02 -7.47299E+02 -9.31138E+01  1.19817E+02  7.22847E+01 -2.48459E+02 -6.26830E+00  2.21190E+02  5.14747E+02  1.15015E+03  7.44336E+01 -3.47054E+02 -1.73893E+02  1.24839E+02  1.91111E+03  4.34077E+02 -1.50831E+03 -7.17177E+02 -3.50370E+02 -2.78084E+02 -9.19054E+02  2.60116E+02  1.21448E+02  7.80510E+01  1.49534E+02 -1.27102E+01 -1.16531E+02  4.44583E+02 -3.89801E+02 -9.20150E+02 -4.89533E+02  1.19491E+02  3.20295E+02
 OMEGA(6,4)    6.13824E+01  1.15519E+02  1.46967E+02 -9.71972E+01  1.50601E+02  2.56923E+01 -1.36374E+02  8.94611E+00 -2.04729E+04  0.00000E+00 -2.78146E+03 -2.43145E+02 -1.74192E+02 -3.57979E+02  1.40883E+02  1.18175E+02  3.49112E+01  5.44615E+02  5.96596E+02 -2.82032E+02 -5.73032E+02 -1.62492E+02 -1.17040E+03  4.69978E+01  6.19568E+02  2.62492E+02 -5.84810E+02 -1.22834E+03  4.34077E+02  1.72191E+03  1.68950E+02 -3.11468E+02  1.92927E+02  3.81769E+02  1.57573E+02 -7.01042E+02 -2.35064E+02  2.40112E+02  1.84388E+00  6.75744E+01 -3.42077E+02 -4.29422E+02  3.46978E+02  4.90246E+02  4.23823E+02  4.49457E+01  3.17676E+02
 OMEGA(6,5)   -3.30007E+02 -4.32567E+02  9.39144E+01  1.45046E+02  2.33661E+02  1.93169E+02 -7.93217E+01  3.33095E+02  2.48319E+04  0.00000E+00  7.37575E+02  9.61474E+01  7.43620E+02  5.55759E+02  5.91708E+02  7.73275E+02 -2.02868E+02  4.76688E+00 -1.02801E+03 -1.67123E+02 -4.88853E+01 -1.26252E+03 -2.72256E+03 -1.34728E+03  1.07508E+02  1.35524E+03 -1.17682E+03 -1.37161E+03 -1.50831E+03  1.68950E+02  4.40095E+03  1.65003E+03  3.61704E+02  3.71787E+02  3.48748E+02 -4.19484E+02 -9.80838E+02 -7.12417E+02 -8.72491E+01 -5.33464E+02 -9.19426E+02 -9.85878E+02  6.14739E+02  3.06764E+03  1.83259E+03 -3.44561E+02  1.26786E+02
 OMEGA(6,6)   -1.35078E+02 -2.10281E+02  8.55038E+00  2.46706E+01  4.76156E+01  9.64324E+01 -9.55661E+01  1.22517E+02  1.13130E+04  0.00000E+00 -2.29352E+03  2.14456E+01  2.28181E+02  3.18321E+02  1.71689E+02  1.23783E+02 -3.39874E+02 -1.85182E+02 -5.65947E+02  2.50323E+01  3.80813E+01 -3.72976E+02 -3.92483E+02 -8.67760E+02 -4.05794E+01  6.26722E+02 -5.10052E+02 -7.27883E+02 -7.17177E+02 -3.11468E+02  1.65003E+03  1.16856E+03  1.49434E+02  2.35913E+01  1.21938E+02 -1.55577E+02 -1.34911E+02 -5.21662E+02 -9.52504E+01 -1.64288E+02 -4.50529E+02 -1.07257E+02  4.30646E+02  7.47780E+02  1.04684E+03  2.77602E+01 -6.13278E+01
 OMEGA(7,1)    1.62841E+02  1.90059E+02  1.90435E+02  1.00063E+02  1.92514E+01  1.67659E+02  1.08177E+02 -2.11384E+02  9.91804E+03  0.00000E+00  6.12185E+02  5.18473E+02  1.93134E+03  9.83133E+02 -1.47168E+03 -8.29783E+02  1.67859E+02  1.04668E+03  1.46138E+03 -3.76296E+02  9.30518E+01 -1.59421E+03 -1.91429E+03  7.69966E+02 -1.59122E+02  6.90567E+02 -3.88062E+02 -6.14440E+02 -3.50370E+02  1.92927E+02  3.61704E+02  1.49434E+02  2.82261E+03  2.09824E+03 -6.53061E+02  6.00943E+02 -1.12145E+03 -4.67219E+01  5.39453E+02 -2.38219E+03 -2.57400E+03  1.32647E+03 -1.03083E+03  1.99181E+03  2.53105E+02 -2.22857E+03  1.10266E+03
 OMEGA(7,2)    2.39254E+02  1.52038E+02 -2.11240E+02  1.54685E+02  1.09966E+02  3.43780E+02  2.22813E+02 -1.60006E+02  5.14796E+03  0.00000E+00 -5.91705E+03  6.12163E+02  1.98050E+03  1.14809E+03 -6.01782E+02 -9.49051E+02  4.01819E+02  1.44102E+03  2.81447E+03 -3.42143E+02  9.03497E+01 -1.85545E+03 -2.42755E+03  1.23389E+03 -2.50416E+02  4.95592E+02 -6.33733E+02 -1.50478E+03 -2.78084E+02  3.81769E+02  3.71787E+02  2.35913E+01  2.09824E+03  4.43248E+03 -5.06540E+02  8.69598E+02 -1.97515E+03 -5.29373E+02  1.04764E+03 -2.32902E+03 -3.54842E+03  7.16876E+02 -2.06411E+03  2.76844E+03  7.65642E+02 -3.20391E+03  1.61624E+03
 OMEGA(7,3)    1.78983E+02 -2.78484E+02 -4.04333E+01 -1.68949E+02  1.27912E+02  1.88334E+02 -2.60211E+02  8.40435E+01 -9.73818E+01  0.00000E+00 -8.14608E+03 -7.11278E+02 -6.83819E+02 -2.87300E+02  9.84837E+02  2.47961E+03 -1.23601E+02 -3.48944E+02 -2.40017E+02  1.38975E+03 -3.25110E+02  7.25088E+02  1.14569E+03 -1.84547E+03  1.76490E+02 -4.51668E+02 -4.37106E+02 -5.57456E+02 -9.19054E+02  1.57573E+02  3.48748E+02  1.21938E+02 -6.53061E+02 -5.06540E+02  4.24304E+03 -8.80845E+02  7.37666E+02 -2.73898E+02 -8.26465E+02  1.20559E+03  4.45261E+02 -3.05276E+03  1.06954E+03 -8.17713E+02  4.19601E+02  1.23003E+03 -7.41382E+02
 OMEGA(7,4)    1.30892E+02  2.09603E+02 -1.92218E+02  2.37185E+02 -2.42120E+02 -1.58562E+02  2.17033E+02 -4.48616E+02  6.50335E+03  0.00000E+00 -6.78259E+03  1.55444E+02  1.03041E+03  7.97721E+02 -2.76500E+02 -3.25365E+02  2.42885E+02  5.45706E+02  1.07536E+03 -8.24774E+02  6.88645E+02  8.77151E+01  1.82060E+02  1.71907E+02 -8.52192E+02 -2.89266E+02  2.51570E+02  4.89868E+02  2.60116E+02 -7.01042E+02 -4.19484E+02 -1.55577E+02  6.00943E+02  8.69598E+02 -8.80845E+02  2.57612E+03  2.64284E+01 -1.81584E+02  9.41186E+02 -6.12486E+02 -1.60860E+03  1.30572E+03 -1.73570E+03  2.52842E+02 -1.27822E+02 -2.03701E+03  6.48850E+02
 OMEGA(7,5)    1.44422E+01  1.60367E+02  1.10599E+02 -2.16860E+02 -3.60776E+02 -1.16782E+02 -1.12704E+02 -2.17105E+01 -1.57104E+04  0.00000E+00 -9.48707E+03 -5.61790E+02 -1.70950E+03 -9.26907E+02  6.66978E+02  1.31302E+03 -4.10385E+02 -1.50537E+02 -1.83022E+02  2.54240E+02 -1.51226E+02  1.65845E+03  1.97138E+03 -1.07713E+03  2.97055E+02 -7.40422E+02  3.71842E+02  4.62254E+02  1.21448E+02 -2.35064E+02 -9.80838E+02 -1.34911E+02 -1.12145E+03 -1.97515E+03  7.37666E+02  2.64284E+01  2.68459E+03  5.18698E+02 -4.83518E+02  1.66910E+03  2.33471E+03 -1.02540E+03  3.95341E+02 -2.42815E+03 -4.52646E+02  1.70100E+03 -1.21445E+03
 OMEGA(7,6)    1.47154E+02  3.57153E+02  1.71907E+02 -1.46195E+02 -8.13655E+01 -2.15745E+02  5.67980E+01 -1.90572E+02 -2.81135E+03  0.00000E+00  3.09723E+02  3.34484E+01 -4.85069E+02 -5.49924E+02 -5.41241E+02 -5.27867E+02 -7.59126E+01  1.37009E+02  2.47100E+02  2.20411E+02 -1.75670E+02  3.46515E+02  5.39400E+02  3.30537E+02 -1.02619E+02 -3.25589E+02  5.44632E+02  8.31145E+02  7.80510E+01  2.40112E+02 -7.12417E+02 -5.21662E+02 -4.67219E+01 -5.29373E+02 -2.73898E+02 -1.81584E+02  5.18698E+02  1.63175E+03 -3.15652E+02  9.65995E+01  7.70561E+02  3.36402E+02  6.73196E+01 -6.89666E+02 -9.53986E+02  9.89947E+02 -1.41152E+02
 OMEGA(7,7)    4.88239E+01  6.88284E+01 -1.25081E+02  1.02835E+02 -5.95926E+01  2.67389E+01  1.37249E+02 -5.05690E+01  6.25611E+03  0.00000E+00 -9.88178E+02  1.51632E+02  5.42411E+02  4.01591E+02 -1.47643E+02 -3.84141E+02  1.03639E+02  4.60369E+02  6.78099E+02 -6.45012E+02  1.79620E+02 -3.23761E+02 -6.75233E+02  3.95796E+02 -1.83487E+02  4.07945E+01  2.86284E+01 -8.76439E+01  1.49534E+02  1.84388E+00 -8.72491E+01 -9.52504E+01  5.39453E+02  1.04764E+03 -8.26465E+02  9.41186E+02 -4.83518E+02 -3.15652E+02  8.78096E+02 -5.04770E+02 -9.13094E+02  9.92566E+02 -9.16258E+02  6.39921E+02  1.18755E+02 -1.53422E+03  4.68700E+02
 OMEGA(8,1)   -7.17942E+01 -2.68887E+02  1.41759E+02 -1.09287E+02 -6.50116E+01 -2.44628E+02 -3.17231E+02  2.28200E+02 -1.92142E+04  0.00000E+00 -2.27410E+03 -1.10858E+03 -2.88183E+03 -1.74782E+03  9.86955E+02  1.53308E+03 -4.61769E+02 -8.88669E+02 -1.10013E+03  1.84852E+02 -2.63450E+02  1.99149E+03  2.29385E+03 -1.31065E+03  6.24748E+02 -9.85437E+02  6.21888E+02  7.61431E+02 -1.27102E+01  6.75744E+01 -5.33464E+02 -1.64288E+02 -2.38219E+03 -2.32902E+03  1.20559E+03 -6.12486E+02  1.66910E+03  9.65995E+01 -5.04770E+02  4.05385E+03  4.18524E+03 -8.33566E+02  1.28565E+03 -2.25931E+03 -7.03381E+02  1.91865E+03 -2.53840E+03
 OMEGA(8,2)   -3.68780E+02 -4.65245E+02  1.51197E+02 -3.93017E+02 -1.27695E+02 -7.86048E+01 -4.00225E+02  8.90138E+02 -8.60806E+03  0.00000E+00  1.40534E+04 -9.29942E+02 -4.28283E+03 -3.19234E+03  1.03105E+03  1.42130E+03  1.52303E+02 -1.04084E+03 -2.18631E+03  8.59100E+02 -3.47835E+02  2.35451E+03  2.67368E+03 -2.39118E+02  1.09552E+03 -1.54147E+03  8.78907E+02  2.41097E+03 -1.16531E+02 -3.42077E+02 -9.19426E+02 -4.50529E+02 -2.57400E+03 -3.54842E+03  4.45261E+02 -1.60860E+03  2.33471E+03  7.70561E+02 -9.13094E+02  4.18524E+03  8.49173E+03 -1.92745E+03  1.56071E+03 -3.53177E+03 -1.94297E+03  3.60576E+03 -3.59166E+03
 OMEGA(8,3)    1.57449E+02  2.70832E+02 -1.34948E+02  1.38594E+02  3.19563E+02 -1.39943E+02  6.09938E+01 -1.65412E+02 -1.46991E+04  0.00000E+00 -5.41660E+03  9.12778E+02  1.48926E+03  7.70753E+02 -3.56693E+03 -2.97275E+03 -2.44126E+03 -1.22330E+02  6.53283E+02 -1.74375E+03  3.48641E+02 -1.33110E+03 -1.55603E+02  8.58133E+02 -1.05444E+03  4.70332E+02  3.70531E+02  4.55268E+02  4.44583E+02 -4.29422E+02 -9.85878E+02 -1.07257E+02  1.32647E+03  7.16876E+02 -3.05276E+03  1.30572E+03 -1.02540E+03  3.36402E+02  9.92566E+02 -8.33566E+02 -1.92745E+03  9.41797E+03  4.21881E+00  1.03847E+03 -2.06788E+02 -1.88493E+03 -4.66748E+02
 OMEGA(8,4)   -1.69757E+02 -4.96287E+02  2.05312E+02 -1.94437E+02  2.72586E+02  6.78142E+00 -4.18671E+02  3.67835E+02 -1.30237E+04  0.00000E+00  7.31869E+03 -1.00420E+02 -7.69564E+02 -6.21062E+02 -1.10120E+02  7.36934E+02 -6.09603E+02 -1.76709E+03 -2.32908E+03  2.58653E+02 -4.69327E+02  3.70661E+02  7.04418E+02 -1.07990E+03  6.15937E+02  2.76954E+02  1.99908E+02 -2.88607E+02 -3.89801E+02  3.46978E+02  6.14739E+02  4.30646E+02 -1.03083E+03 -2.06411E+03  1.06954E+03 -1.73570E+03  3.95341E+02  6.73196E+01 -9.16258E+02  1.28565E+03  1.56071E+03  4.21881E+00  3.38984E+03 -5.93336E+02  3.45501E+02  2.25759E+03 -1.40479E+03
 OMEGA(8,5)   -7.62475E+01 -2.64617E+02  3.31342E+02  2.38443E+02  3.06933E+02  3.52650E+02  6.68404E+01  4.18489E+00  1.70305E+04  0.00000E+00  6.94967E+03  8.06996E+02  2.49510E+03  1.32133E+03 -9.96068E+02 -1.12672E+02 -4.12509E+02  5.81819E+02  9.86835E+02 -1.26212E+03 -6.88730E+01 -3.50299E+03 -5.59114E+03  2.32808E+02 -1.95151E+02  1.70507E+03 -9.71194E+02 -1.52389E+03 -9.20150E+02  4.90246E+02  3.06764E+03  7.47780E+02  1.99181E+03  2.76844E+03 -8.17713E+02  2.52842E+02 -2.42815E+03 -6.89666E+02  6.39921E+02 -2.25931E+03 -3.53177E+03  1.03847E+03 -5.93336E+02  6.82436E+03  1.33677E+03 -3.13966E+03  1.20131E+03
 OMEGA(8,6)   -2.00645E+02 -8.00107E+01 -1.15682E+02  4.74935E+00  2.61289E+02  2.74710E+02 -1.25625E+02  3.06899E+01  5.15312E+03  0.00000E+00 -2.08809E+03 -9.43253E+01  6.45908E+02  8.59348E+02  6.44789E+02  3.68957E+02 -5.81464E+02  3.38916E+02 -1.10114E+02 -5.04766E+02 -1.89294E+02 -7.64499E+02 -1.27669E+03 -1.15037E+03  3.06472E+02  1.02866E+03 -1.41023E+03 -2.33687E+03 -4.89533E+02  4.23823E+02  1.83259E+03  1.04684E+03  2.53105E+02  7.65642E+02  4.19601E+02 -1.27822E+02 -4.52646E+02 -9.53986E+02  1.18755E+02 -7.03381E+02 -1.94297E+03 -2.06788E+02  3.45501E+02  1.33677E+03  2.63978E+03 -5.58170E+02  8.56717E+02
 OMEGA(8,7)   -2.39881E+02 -1.04140E+02  5.49310E+01 -4.04160E+02  1.77086E+01 -1.91739E+02 -1.35567E+02  2.71932E+02 -4.44919E+03  0.00000E+00 -1.15217E+03 -6.35308E+02 -2.18422E+03 -1.18882E+03  1.08805E+03  7.13997E+02 -4.92801E+02 -1.17224E+03 -2.41689E+03  1.19605E+03 -3.72350E+02  1.76012E+03  2.45620E+03 -9.03365E+02  6.79984E+02 -4.93110E+02  2.78964E+02  8.20172E+02  1.19491E+02  4.49457E+01 -3.44561E+02  2.77602E+01 -2.22857E+03 -3.20391E+03  1.23003E+03 -2.03701E+03  1.70100E+03  9.89947E+02 -1.53422E+03  1.91865E+03  3.60576E+03 -1.88493E+03  2.25759E+03 -3.13966E+03 -5.58170E+02  4.99368E+03 -1.86221E+03
 OMEGA(8,8)    1.49648E+02  4.07242E+02 -5.26592E+01  1.47045E+02 -6.74987E+01  1.41355E+01  2.27022E+02 -4.07926E+02  8.74659E+03  0.00000E+00 -4.25123E+02  3.57808E+02  1.77662E+03  1.32268E+03  7.55824E+01 -1.03848E+03  8.27243E+02  9.58589E+02  1.10761E+03 -2.06851E+02  9.29838E+01 -8.98605E+02 -1.33243E+03  5.66217E+02 -5.38969E+02  6.01417E+02 -5.06732E+02 -9.40788E+02  3.20295E+02  3.17676E+02  1.26786E+02 -6.13278E+01  1.10266E+03  1.61624E+03 -7.41382E+02  6.48850E+02 -1.21445E+03 -1.41152E+02  4.68700E+02 -2.53840E+03 -3.59166E+03 -4.66748E+02 -1.40479E+03  1.20131E+03  8.56717E+02 -1.86221E+03  2.90715E+03
TABLE NO.     3: NUTS Bayesian Analysis: Problem=1 Subproblem=0 Superproblem1=0 Iteration1=0 Superproblem2=0 Iteration2=0
 NAME         THETA1       THETA2       THETA3       THETA4       THETA5       THETA6       THETA7       THETA8       SIGMA(1,1)   SIGMA(2,1)   SIGMA(2,2)   OMEGA(1,1)   OMEGA(2,1)   OMEGA(2,2)   OMEGA(3,1)   OMEGA(3,2)   OMEGA(3,3)   OMEGA(4,1)   OMEGA(4,2)   OMEGA(4,3)   OMEGA(4,4)   OMEGA(5,1)   OMEGA(5,2)   OMEGA(5,3)   OMEGA(5,4)   OMEGA(5,5)   OMEGA(6,1)   OMEGA(6,2)   OMEGA(6,3)   OMEGA(6,4)   OMEGA(6,5)   OMEGA(6,6)   OMEGA(7,1)   OMEGA(7,2)   OMEGA(7,3)   OMEGA(7,4)   OMEGA(7,5)   OMEGA(7,6)   OMEGA(7,7)   OMEGA(8,1)   OMEGA(8,2)   OMEGA(8,3)   OMEGA(8,4)   OMEGA(8,5)   OMEGA(8,6)   OMEGA(8,7)   OMEGA(8,8)
 THETA1        2.30673E+02  4.66051E+01 -1.76081E+01 -2.20407E+01 -3.72446E+01 -1.41487E+01  1.14116E+01 -9.85605E+01  2.03724E+02  0.00000E+00 -4.04891E+02  2.31184E+00  2.76274E+00  1.07048E+01 -2.22337E+01 -4.45130E+00  7.64989E+00 -1.21151E+01  5.92570E+00  2.72685E+01 -7.13916E+00  3.33832E+00 -1.75903E+00  8.63644E+00 -7.03171E+00 -1.32924E+01  3.21316E+00  2.11230E+01  1.38738E+01 -5.35282E+00 -1.08563E+01 -1.15406E+01 -2.42680E+01 -3.10691E+01  2.13316E+00  9.99636E+00 -5.28859E+00 -1.30758E+00 -9.98732E+00  1.05275E+01 -7.42504E+00  4.00030E+01  2.12018E+01  5.94777E+00  8.44815E+00  4.38725E+01 -1.18148E+01
 THETA2        4.66051E+01  2.31337E+02  1.62995E+01 -1.66872E+01 -2.33519E+01 -1.20575E+01  7.46307E+01 -9.88228E+01  1.71161E+03  0.00000E+00 -3.14478E+02  1.44138E+00 -5.62294E+00  3.95821E+01 -7.36727E+00 -5.57796E+01 -1.44653E+01  3.76050E+01  6.05382E+01  1.72789E+01  5.49847E+00  3.22572E+01  2.46074E+01  5.41893E+01 -2.80162E+01 -2.36200E+01 -9.57831E-01 -1.27856E+01  6.15348E+00  2.06196E+01 -1.34724E+01 -2.67101E+00 -1.91727E+00 -4.81238E+01  5.19354E-01  4.60077E+01  1.41636E+01  5.64148E+00 -1.27718E+01 -1.20914E+01 -9.75036E+00  1.80471E+01 -3.84184E+01 -2.81839E+01  1.48105E+00  2.46345E+01 -2.63013E+00
 THETA3       -1.76081E+01  1.62995E+01  3.36966E+02  4.38676E+00  5.86895E+00 -2.62558E+01 -2.75558E+01 -6.38683E+01  7.67424E+02  0.00000E+00 -6.35246E+02  1.29001E+00 -2.51212E+01 -8.12575E+00  5.13730E-01  2.29210E+01  3.10457E+01  1.19854E+01  1.50948E+01 -3.15451E+01 -3.68550E+01  2.99306E+01  1.47272E+01  5.31266E+00  8.77643E+00 -5.85194E+00  1.58572E+01 -4.87573E+01 -9.38007E+00  2.17265E+01 -4.95094E+00  4.54397E-01 -7.18548E+00 -1.44775E+01  4.00981E+01  7.49803E+00  7.81565E+00 -8.36651E+00 -5.17331E+00  1.54685E+01 -2.51915E+01 -4.14039E+01  9.32727E+00 -1.78396E+01  1.17563E+01 -3.04009E+01  2.51772E+00
 THETA4       -2.20407E+01 -1.66872E+01  4.38676E+00  2.12266E+02  2.18456E+01 -2.35030E+01  6.62994E+01 -4.91112E+01  5.74610E+02  0.00000E+00 -1.57859E+02  7.05948E+00  1.94235E+01  8.63902E+00  1.45897E+00  7.55727E+00  1.87755E+01 -9.89231E+00 -1.25261E+00 -3.11341E+01 -1.23520E+01 -1.48103E+01  1.52063E+01 -8.95067E+00  7.96505E+00 -2.11922E+00 -2.91042E-01  9.07031E+00  4.35183E+00  1.05978E+00  1.47919E+01 -1.49848E+00 -5.11433E+00  7.86932E+00  1.68154E+01  9.66104E+00  1.05679E+01  1.26654E+00  8.37717E+00  2.42974E+01  3.43225E+00 -8.67355E+00  1.69647E+01 -4.85079E+00 -1.80948E+01 -5.87891E-01 -1.10165E+01
 THETA5       -3.72446E+01 -2.33519E+01  5.86895E+00  2.18456E+01  2.69480E+02  5.55480E+01 -4.57353E+01  1.23841E+01 -4.71847E+02  0.00000E+00  3.30060E+02  3.24282E+00  2.06457E+01  9.73084E+00  1.45194E+01 -2.26796E+01  1.31203E+01 -4.31374E+00 -1.95105E+00 -2.51039E+01  1.94106E+00 -5.83394E+00  9.10156E+00 -1.97021E+01  3.95624E+01  2.45914E+01  2.54659E+01  3.85288E+00  3.97118E+00 -3.01881E+00  8.88808E+00 -1.28940E+01 -3.52425E+01  4.36259E+01 -1.84378E+01 -1.88894E+01  3.91626E+01  3.88257E+01  2.17831E+01 -1.29650E+01  2.95626E+00 -2.42141E+01 -3.09192E+00 -2.73016E+01 -4.49139E+01  2.70364E+01 -8.14964E+00
 THETA6       -1.41487E+01 -1.20575E+01 -2.62558E+01 -2.35030E+01  5.55480E+01  2.01604E+02 -2.39759E+01  7.02519E+01  3.83924E+02  0.00000E+00  3.72456E+02 -1.55039E+01 -1.98172E+01 -3.33938E+00  1.18348E+01 -7.84023E+00 -1.14261E+01 -3.97409E-01 -9.15633E-01 -6.52797E+00  1.15112E+01 -1.63339E+01  5.25929E+00  9.39847E+00  1.77640E+01  1.17737E+01 -8.73004E+00  6.98823E+00 -1.82757E-01 -2.76010E+01 -1.24979E+01 -9.41506E+00 -1.01545E+01  2.71340E+01 -9.42098E+00 -3.27703E-01  1.45594E+01  2.99161E+01  2.00941E+01  1.15378E+01  1.50172E+01 -1.66223E+01 -2.62125E+01 -4.80619E+01 -3.41452E+01 -1.04572E+01  5.28927E-01
 THETA7        1.14116E+01  7.46307E+01 -2.75558E+01  6.62994E+01 -4.57353E+01 -2.39759E+01  2.63676E+02 -1.00058E+02 -7.04292E+01  0.00000E+00 -4.79192E+01  2.58074E+00  2.42495E+01  3.13716E+01  2.65969E+00 -1.21829E+01 -1.81989E+01 -1.62670E+01 -9.32417E+00  9.01563E+00 -1.25178E+01 -2.37516E+01  5.87521E-01  4.47874E+01 -2.89369E+01 -6.57146E+00 -1.11716E+01  5.49013E-01 -6.26488E+00  4.81367E+00  2.23307E+01  6.01486E+00  2.47535E+01 -2.84177E+00 -3.91225E+01 -3.61478E+00 -3.14713E+01 -3.20704E+01  1.95553E+01  7.48530E-01 -2.24811E+01  2.25439E+01  3.89209E+01  1.71042E+01 -4.96763E+00 -1.39395E+01 -1.44480E+01
 THETA8       -9.85605E+01 -9.88228E+01 -6.38683E+01 -4.91112E+01  1.23841E+01  7.02519E+01 -1.00058E+02  3.45727E+02 -6.81541E+02  0.00000E+00  8.95863E+02 -2.02771E+01 -1.96728E+01 -1.93958E+01  3.62946E+01  2.42129E+00 -1.35558E+01  6.89208E+00 -2.10660E+01 -7.47427E+00  3.33699E+01  1.49018E+01  1.62663E+00 -2.03714E+01  2.13953E+01  1.31075E+01 -6.93450E+00  3.48697E-01  1.21705E+01 -1.91869E+01  8.83975E+00 -2.61301E-02  1.16830E+01  6.84359E+01 -7.39804E+00  5.61875E+00  3.24975E+01  1.08482E+01  2.05152E+01 -9.93326E+00 -1.24544E+01 -4.02681E+01 -3.81038E+01 -9.08012E+00 -4.07272E+00 -5.66534E+01  3.25874E+01
 SIGMA(1,1)    2.03724E+02  1.71161E+03  7.67424E+02  5.74610E+02 -4.71847E+02  3.83924E+02 -7.04292E+01 -6.81541E+02  2.62492E+06  0.00000E+00  1.03269E+04  1.33362E+02 -3.19114E+03  6.50288E+02 -2.45673E+03  1.43867E+03 -1.50148E+02  3.76211E+02 -1.95767E+03 -1.06640E+01  6.79396E+02  6.72035E+02  1.70436E+02 -1.26699E+02  1.19824E+02  1.77320E+02 -1.02335E+03  7.32395E+01  3.52682E+02  8.92712E+02  1.30541E+02  5.00194E+02 -2.83831E+03 -2.94517E+03 -1.85151E+03  1.77819E+03  1.05244E+02  5.54151E+02  1.07059E+03  1.66116E+03  5.53842E+03  2.37695E+03  1.48683E+02 -2.73250E+03 -4.98265E+01  2.87625E+03 -2.62341E+03
 SIGMA(2,1)    0.00000E+00  0.00000E+00  0.00000E+00  0.00000E+00  0.00000E+00  0.00000E+00  0.00000E+00  0.00000E+00  0.00000E+00  0.00000E+00  0.00000E+00  0.00000E+00  0.00000E+00  0.00000E+00  0.00000E+00  0.00000E+00  0.00000E+00  0.00000E+00  0.00000E+00  0.00000E+00  0.00000E+00  0.00000E+00  0.00000E+00  0.00000E+00  0.00000E+00  0.00000E+00  0.00000E+00  0.00000E+00  0.00000E+00  0.00000E+00  0.00000E+00  0.00000E+00  0.00000E+00  0.00000E+00  0.00000E+00  0.00000E+00  0.00000E+00  0.00000E+00  0.00000E+00  0.00000E+00  0.00000E+00  0.00000E+00  0.00000E+00  0.00000E+00  0.00000E+00  0.00000E+00  0.00000E+00
 SIGMA(2,2)   -4.04891E+02 -3.14478E+02 -6.35246E+02 -1.57859E+02  3.30060E+02  3.72456E+02 -4.79192E+01  8.95863E+02  1.03269E+04  0.00000E+00  7.00701E+05 -9.05374E+02 -5.34955E+02  2.72394E+01  1.45826E+03  2.25643E+02  8.58200E+02 -7.62137E+02  6.95863E+02 -2.00255E+02  5.24572E+02 -2.92437E+02 -5.95243E+02 -8.82287E+02  2.19349E+02 -7.71853E+02  3.93491E+02 -3.98688E+02  1.14385E+03  9.50191E+01 -9.07627E+02 -5.44696E+02  5.27292E+02  1.97902E+03 -1.38627E+03 -7.24775E+02 -3.18673E+02  2.00911E+02  6.59946E+02  7.76702E+02 -1.09397E+01 -8.22404E+02  5.30301E+02  1.51202E+03 -1.76504E+03 -4.74189E+02 -7.94620E+02
 OMEGA(1,1)    2.31184E+00  1.44138E+00  1.29001E+00  7.05948E+00  3.24282E+00 -1.55039E+01  2.58074E+00 -2.02771E+01  1.33362E+02  0.00000E+00 -9.05374E+02  4.92279E+02  2.78696E+02  4.15588E+01 -1.50548E+02 -8.27648E+01 -2.23650E+01 -1.38189E+02 -2.72161E+01  7.05076E+00 -1.26915E+01 -1.36212E+02 -5.61256E+01  2.99428E+01  1.86473E+01 -1.14744E+01 -3.99446E+01 -3.53430E+01  2.78683E+01  3.20098E+01 -1.74884E+01 -2.20026E+01  9.58597E+00 -1.81410E+01 -3.46239E+01 -4.95947E+00 -1.10483E+01  7.36077E+00 -1.32512E+00 -4.45392E+02 -1.35161E+02  1.04112E+02  8.43190E+01  8.10826E+01 -3.92347E+00  4.83126E+00  1.00431E+02
 OMEGA(2,1)    2.76274E+00 -5.62294E+00 -2.51212E+01  1.94235E+01  2.06457E+01 -1.98172E+01  2.42495E+01 -1.96728E+01 -3.19114E+03  0.00000E+00 -5.34955E+02  2.78696E+02  1.21566E+03  4.37871E+02 -5.27157E+00 -9.88351E+01 -8.21827E+01 -1.64341E+02 -8.43325E+01  4.82626E+01 -7.40334E+00 -2.38585E+02 -2.88425E+02 -1.87847E+01  4.36779E+01  3.56332E+01 -1.67110E+02 -1.47938E+02 -4.88924E+01  4.72031E+01  6.57943E+01  1.34548E+01  3.66101E+02  2.74979E+02  1.27021E+01 -4.40398E+01 -1.02516E+02 -4.38045E+01  5.77769E+01 -6.73369E+02 -8.29174E+02  5.58728E+01  1.41022E+02  2.48450E+02  1.50878E+02 -2.41688E+02  2.83356E+02
 OMEGA(2,2)    1.07048E+01  3.95821E+01 -8.12575E+00  8.63902E+00  9.73084E+00 -3.33938E+00  3.13716E+01 -1.93958E+01  6.50288E+02  0.00000E+00  2.72394E+01  4.15588E+01  4.37871E+02  7.02640E+02  7.50400E+01  9.42640E+01 -1.84143E+01 -4.37955E+01 -1.13513E+02  3.93337E+01 -8.47344E+00 -5.83060E+01 -2.36637E+02 -7.36397E+01 -1.29638E+01 -4.42713E-01 -5.86629E+01 -1.48436E+02 -4.51042E+01  1.29274E+01  4.15679E+01  2.10786E+01  1.61633E+02  4.91173E+02  5.95072E+01 -5.81638E+01 -8.92418E+01 -5.87821E+01  8.23998E+01 -2.14299E+02 -7.70713E+02 -1.04252E+02  5.28860E+01  1.90896E+02  1.27559E+02 -2.62787E+02  2.34616E+02
