TABLE NO.     1: Iterative Two Stage (No Prior): Problem=1 Subproblem=0 Superproblem1=0 Iteration1=0 Superproblem2=0 Iteration2=0
 NAME         THETA1       THETA2       THETA3       THETA4       THETA5       SIGMA(1,1)   OMEGA(1,1)   OMEGA(2,1)   OMEGA(2,2)   OMEGA(3,1)   OMEGA(3,2)   OMEGA(3,3)   OMEGA(4,1)   OMEGA(4,2)   OMEGA(4,3)   OMEGA(4,4)
 THETA1        2.47541E-04 -5.25831E-05  1.70852E-07  1.44405E-07 -2.70490E-07  7.80080E-08 -8.30513E-06  3.47845E-06  3.16571E-06  0.00000E+00  0.00000E+00 -1.33206E-08  0.00000E+00  0.00000E+00 -5.19419E-08 -1.08998E-07
 THETA2       -5.25831E-05  1.57552E-04 -4.40346E-07 -3.55519E-07  7.06560E-07 -2.01555E-07  3.03788E-06  3.40807E-06 -5.20581E-06  0.00000E+00  0.00000E+00  3.57428E-08  0.00000E+00  0.00000E+00  1.35213E-07  2.64529E-07
 THETA3        1.70852E-07 -4.40346E-07  5.17506E-04 -1.13160E-04 -9.20411E-07  2.58991E-07  3.16291E-07 -9.09105E-08 -4.79245E-08  0.00000E+00  0.00000E+00 -5.66718E-06  0.00000E+00  0.00000E+00  4.22073E-06 -5.91964E-06
 THETA4        1.44405E-07 -3.55519E-07 -1.13160E-04  6.07482E-04 -6.71901E-07  2.17583E-07  2.63313E-07 -7.64577E-08 -3.49176E-08  0.00000E+00  0.00000E+00  4.19700E-06  0.00000E+00  0.00000E+00 -4.37709E-06 -7.11625E-06
 THETA5       -2.70490E-07  7.06560E-07 -9.20411E-07 -6.71901E-07  7.42177E-04 -4.09317E-07 -5.01030E-07  1.43141E-07  7.97987E-08  0.00000E+00  0.00000E+00  7.12492E-08  0.00000E+00  0.00000E+00  2.44712E-07  4.96832E-07
 SIGMA(1,1)    7.80080E-08 -2.01555E-07  2.58991E-07  2.17583E-07 -4.09317E-07  1.17933E-07  1.44050E-07 -4.12800E-08 -2.22236E-08  0.00000E+00  0.00000E+00 -2.05561E-08  0.00000E+00  0.00000E+00 -7.93851E-08 -1.63738E-07
 OMEGA(1,1)   -8.30513E-06  3.03788E-06  3.16291E-07  2.63313E-07 -5.01030E-07  1.44050E-07  2.93087E-05 -7.68925E-06  1.01573E-07  0.00000E+00  0.00000E+00 -2.53635E-08  0.00000E+00  0.00000E+00 -9.72033E-08 -1.97584E-07
 OMEGA(2,1)    3.47845E-06  3.40807E-06 -9.09105E-08 -7.64577E-08  1.43141E-07 -4.12800E-08 -7.68925E-06  7.45524E-06 -2.27880E-06  0.00000E+00  0.00000E+00  7.29352E-09  0.00000E+00  0.00000E+00  2.80303E-08  5.74943E-08
 OMEGA(2,2)    3.16571E-06 -5.20581E-06 -4.79245E-08 -3.49176E-08  7.97987E-08 -2.22236E-08  1.01573E-07 -2.27880E-06  6.30009E-06  0.00000E+00  0.00000E+00  4.09210E-09  0.00000E+00  0.00000E+00  1.47508E-08  2.51869E-08
 OMEGA(3,1)    0.00000E+00  0.00000E+00  0.00000E+00  0.00000E+00  0.00000E+00  0.00000E+00  0.00000E+00  0.00000E+00  0.00000E+00  0.00000E+00  0.00000E+00  0.00000E+00  0.00000E+00  0.00000E+00  0.00000E+00  0.00000E+00
 OMEGA(3,2)    0.00000E+00  0.00000E+00  0.00000E+00  0.00000E+00  0.00000E+00  0.00000E+00  0.00000E+00  0.00000E+00  0.00000E+00  0.00000E+00  0.00000E+00  0.00000E+00  0.00000E+00  0.00000E+00  0.00000E+00  0.00000E+00
 OMEGA(3,3)   -1.33206E-08  3.57428E-08 -5.66718E-06  4.19700E-06  7.12492E-08 -2.05561E-08 -2.53635E-08  7.29352E-09  4.09210E-09  0.00000E+00  0.00000E+00  5.47569E-05  0.00000E+00  0.00000E+00 -1.47946E-05  3.57238E-06
 OMEGA(4,1)    0.00000E+00  0.00000E+00  0.00000E+00  0.00000E+00  0.00000E+00  0.00000E+00  0.00000E+00  0.00000E+00  0.00000E+00  0.00000E+00  0.00000E+00  0.00000E+00  0.00000E+00  0.00000E+00  0.00000E+00  0.00000E+00
 OMEGA(4,2)    0.00000E+00  0.00000E+00  0.00000E+00  0.00000E+00  0.00000E+00  0.00000E+00  0.00000E+00  0.00000E+00  0.00000E+00  0.00000E+00  0.00000E+00  0.00000E+00  0.00000E+00  0.00000E+00  0.00000E+00  0.00000E+00
 OMEGA(4,3)   -5.19419E-08  1.35213E-07  4.22073E-06 -4.37709E-06  2.44712E-07 -7.93851E-08 -9.72033E-08  2.80303E-08  1.47508E-08  0.00000E+00  0.00000E+00 -1.47946E-05  0.00000E+00  0.00000E+00  3.35967E-05 -2.05521E-05
 OMEGA(4,4)   -1.08998E-07  2.64529E-07 -5.91964E-06 -7.11625E-06  4.96832E-07 -1.63738E-07 -1.97584E-07  5.74943E-08  2.51869E-08  0.00000E+00  0.00000E+00  3.57238E-06  0.00000E+00  0.00000E+00 -2.05521E-05  7.91794E-05
TABLE NO.     2: Stochastic Approximation Expectation-Maximization (No Prior): Problem=1 Subproblem=0 Superproblem1=0 Iteration1=0 Superproblem2=0 Iteration2=0
 NAME         THETA1       THETA2       THETA3       THETA4       THETA5       SIGMA(1,1)   OMEGA(1,1)   OMEGA(2,1)   OMEGA(2,2)   OMEGA(3,1)   OMEGA(3,2)   OMEGA(3,3)   OMEGA(4,1)   OMEGA(4,2)   OMEGA(4,3)   OMEGA(4,4)
 THETA1        2.46218E-04 -5.27765E-05 -6.68880E-07 -1.89253E-06 -2.89025E-06  7.18325E-08 -8.82666E-06  3.72172E-06  3.11691E-06  0.00000E+00  0.00000E+00 -2.71645E-07  0.00000E+00  0.00000E+00  2.27576E-07 -1.61849E-07
 THETA2       -5.27765E-05  1.58703E-04 -1.45405E-06 -9.13274E-07  2.96664E-06 -2.57008E-07  3.17090E-06  3.21552E-06 -5.34140E-06  0.00000E+00  0.00000E+00 -7.21120E-08  0.00000E+00  0.00000E+00  4.23994E-07 -3.47620E-08
 THETA3       -6.68880E-07 -1.45405E-06  5.27866E-04 -1.06274E-04  7.18288E-06  2.36500E-07  9.60243E-07 -3.46072E-07  1.93102E-07  0.00000E+00  0.00000E+00 -8.38847E-06  0.00000E+00  0.00000E+00  6.87569E-06 -7.01800E-06
 THETA4       -1.89253E-06 -9.13274E-07 -1.06274E-04  5.78106E-04 -1.70900E-05  2.19189E-07  1.95387E-07 -2.11865E-07 -5.39692E-08  0.00000E+00  0.00000E+00  4.62382E-06  0.00000E+00  0.00000E+00 -6.61038E-06 -4.70514E-07
 THETA5       -2.89025E-06  2.96664E-06  7.18288E-06 -1.70900E-05  7.43423E-04 -4.37879E-07 -8.67263E-07  2.80047E-07 -2.69623E-07  0.00000E+00  0.00000E+00 -1.63771E-06  0.00000E+00  0.00000E+00 -1.20766E-06  5.72092E-06
 SIGMA(1,1)    7.18325E-08 -2.57008E-07  2.36500E-07  2.19189E-07 -4.37879E-07  1.17460E-07  1.41473E-07 -3.92013E-08 -2.49800E-08  0.00000E+00  0.00000E+00 -1.18020E-08  0.00000E+00  0.00000E+00 -8.94731E-08 -1.50486E-07
 OMEGA(1,1)   -8.82666E-06  3.17090E-06  9.60243E-07  1.95387E-07 -8.67263E-07  1.41473E-07  2.89381E-05 -7.65813E-06  1.00476E-07  0.00000E+00  0.00000E+00 -9.80841E-08  0.00000E+00  0.00000E+00 -1.41823E-07 -1.24861E-07
 OMEGA(2,1)    3.72172E-06  3.21552E-06 -3.46072E-07 -2.11865E-07  2.80047E-07 -3.92013E-08 -7.65813E-06  7.47656E-06 -2.30089E-06  0.00000E+00  0.00000E+00 -6.00700E-08  0.00000E+00  0.00000E+00  2.61671E-08  6.77338E-08
 OMEGA(2,2)    3.11691E-06 -5.34140E-06  1.93102E-07 -5.39692E-08 -2.69623E-07 -2.49800E-08  1.00476E-07 -2.30089E-06  6.46179E-06  0.00000E+00  0.00000E+00  4.30994E-08  0.00000E+00  0.00000E+00  6.01841E-08  4.47222E-08
 OMEGA(3,1)    0.00000E+00  0.00000E+00  0.00000E+00  0.00000E+00  0.00000E+00  0.00000E+00  0.00000E+00  0.00000E+00  0.00000E+00  0.00000E+00  0.00000E+00  0.00000E+00  0.00000E+00  0.00000E+00  0.00000E+00  0.00000E+00
 OMEGA(3,2)    0.00000E+00  0.00000E+00  0.00000E+00  0.00000E+00  0.00000E+00  0.00000E+00  0.00000E+00  0.00000E+00  0.00000E+00  0.00000E+00  0.00000E+00  0.00000E+00  0.00000E+00  0.00000E+00  0.00000E+00  0.00000E+00
 OMEGA(3,3)   -2.71645E-07 -7.21120E-08 -8.38847E-06  4.62382E-06 -1.63771E-06 -1.18020E-08 -9.80841E-08 -6.00700E-08  4.30994E-08  0.00000E+00  0.00000E+00  5.67618E-05  0.00000E+00  0.00000E+00 -1.42189E-05  3.07433E-06
 OMEGA(4,1)    0.00000E+00  0.00000E+00  0.00000E+00  0.00000E+00  0.00000E+00  0.00000E+00  0.00000E+00  0.00000E+00  0.00000E+00  0.00000E+00  0.00000E+00  0.00000E+00  0.00000E+00  0.00000E+00  0.00000E+00  0.00000E+00
 OMEGA(4,2)    0.00000E+00  0.00000E+00  0.00000E+00  0.00000E+00  0.00000E+00  0.00000E+00  0.00000E+00  0.00000E+00  0.00000E+00  0.00000E+00  0.00000E+00  0.00000E+00  0.00000E+00  0.00000E+00  0.00000E+00  0.00000E+00
 OMEGA(4,3)    2.27576E-07  4.23994E-07  6.87569E-06 -6.61038E-06 -1.20766E-06 -8.94731E-08 -1.41823E-07  2.61671E-08  6.01841E-08  0.00000E+00  0.00000E+00 -1.42189E-05  0.00000E+00  0.00000E+00  3.23898E-05 -1.85613E-05
 OMEGA(4,4)   -1.61849E-07 -3.47620E-08 -7.01800E-06 -4.70514E-07  5.72092E-06 -1.50486E-07 -1.24861E-07  6.77338E-08  4.47222E-08  0.00000E+00  0.00000E+00  3.07433E-06  0.00000E+00  0.00000E+00 -1.85613E-05  7.18524E-05
TABLE NO.     3: Objective Function Evaluation by Importance Sampling (No Prior): Problem=1 Subproblem=0 Superproblem1=0 Iteration1=0 Superproblem2=0 Iteration2=0
 NAME         THETA1       THETA2       THETA3       THETA4       THETA5       SIGMA(1,1)   OMEGA(1,1)   OMEGA(2,1)   OMEGA(2,2)   OMEGA(3,1)   OMEGA(3,2)   OMEGA(3,3)   OMEGA(4,1)   OMEGA(4,2)   OMEGA(4,3)   OMEGA(4,4)
 THETA1        2.40592E-04 -5.00748E-05 -1.02209E-07  3.48903E-08 -2.75892E-07  9.16873E-08 -4.99544E-07  1.62199E-07  2.38530E-07  0.00000E+00  0.00000E+00  1.78212E-08  0.00000E+00  0.00000E+00  7.49485E-08  5.67756E-08
 THETA2       -5.00748E-05  1.52492E-04  3.09315E-07  1.72909E-07  2.60925E-07 -3.03466E-08 -8.84310E-09  2.71083E-07 -1.40491E-06  0.00000E+00  0.00000E+00 -2.07323E-08  0.00000E+00  0.00000E+00 -2.72261E-08 -1.14106E-07
 THETA3       -1.02209E-07  3.09315E-07  5.16001E-04 -1.08847E-04  5.58913E-06  8.90648E-08  3.32403E-08  3.61499E-08 -1.35945E-07  0.00000E+00  0.00000E+00 -2.54319E-06  0.00000E+00  0.00000E+00  2.87051E-06  7.83109E-08
 THETA4        3.48903E-08  1.72909E-07 -1.08847E-04  5.91839E-04 -1.12399E-05 -6.18698E-09  9.78589E-09 -5.02236E-08  3.58277E-08  0.00000E+00  0.00000E+00  6.48104E-07  0.00000E+00  0.00000E+00 -1.06945E-06  3.32866E-06
 THETA5       -2.75892E-07  2.60925E-07  5.58913E-06 -1.12399E-05  7.42618E-04 -4.13790E-07 -1.14260E-07  7.67881E-08 -3.71706E-08  0.00000E+00  0.00000E+00 -8.86820E-07  0.00000E+00  0.00000E+00 -9.57916E-07  2.70654E-06
 SIGMA(1,1)    9.16873E-08 -3.03466E-08  8.90648E-08 -6.18698E-09 -4.13790E-07  1.16967E-07 -1.80441E-08  1.34821E-08 -2.87974E-08  0.00000E+00  0.00000E+00 -1.38317E-08  0.00000E+00  0.00000E+00 -4.36689E-10  7.12767E-09
 OMEGA(1,1)   -4.99544E-07 -8.84310E-09  3.32403E-08  9.78589E-09 -1.14260E-07 -1.80441E-08  2.29128E-05 -4.80229E-06  9.92026E-07  0.00000E+00  0.00000E+00 -1.16451E-08  0.00000E+00  0.00000E+00  2.95038E-08 -4.24883E-08
 OMEGA(2,1)    1.62199E-07  2.71083E-07  3.61499E-08 -5.02236E-08  7.67881E-08  1.34821E-08 -4.80229E-06  7.80694E-06 -3.03094E-06  0.00000E+00  0.00000E+00 -4.05845E-08  0.00000E+00  0.00000E+00  1.22165E-08 -2.06410E-10
 OMEGA(2,2)    2.38530E-07 -1.40491E-06 -1.35945E-07  3.58277E-08 -3.71706E-08 -2.87974E-08  9.92026E-07 -3.03094E-06  9.31585E-06  0.00000E+00  0.00000E+00  4.33971E-08  0.00000E+00  0.00000E+00 -1.93622E-08  2.24389E-08
 OMEGA(3,1)    0.00000E+00  0.00000E+00  0.00000E+00  0.00000E+00  0.00000E+00  0.00000E+00  0.00000E+00  0.00000E+00  0.00000E+00  0.00000E+00  0.00000E+00  0.00000E+00  0.00000E+00  0.00000E+00  0.00000E+00  0.00000E+00
 OMEGA(3,2)    0.00000E+00  0.00000E+00  0.00000E+00  0.00000E+00  0.00000E+00  0.00000E+00  0.00000E+00  0.00000E+00  0.00000E+00  0.00000E+00  0.00000E+00  0.00000E+00  0.00000E+00  0.00000E+00  0.00000E+00  0.00000E+00
 OMEGA(3,3)    1.78212E-08 -2.07323E-08 -2.54319E-06  6.48104E-07 -8.86820E-07 -1.38317E-08 -1.16451E-08 -4.05845E-08  4.33971E-08  0.00000E+00  0.00000E+00  5.57711E-05  0.00000E+00  0.00000E+00 -1.09026E-05  2.34909E-06
 OMEGA(4,1)    0.00000E+00  0.00000E+00  0.00000E+00  0.00000E+00  0.00000E+00  0.00000E+00  0.00000E+00  0.00000E+00  0.00000E+00  0.00000E+00  0.00000E+00  0.00000E+00  0.00000E+00  0.00000E+00  0.00000E+00  0.00000E+00
 OMEGA(4,2)    0.00000E+00  0.00000E+00  0.00000E+00  0.00000E+00  0.00000E+00  0.00000E+00  0.00000E+00  0.00000E+00  0.00000E+00  0.00000E+00  0.00000E+00  0.00000E+00  0.00000E+00  0.00000E+00  0.00000E+00  0.00000E+00
 OMEGA(4,3)    7.49485E-08 -2.72261E-08  2.87051E-06 -1.06945E-06 -9.57916E-07 -4.36689E-10  2.95038E-08  1.22165E-08 -1.93622E-08  0.00000E+00  0.00000E+00 -1.09026E-05  0.00000E+00  0.00000E+00  3.14259E-05 -1.23786E-05
 OMEGA(4,4)    5.67756E-08 -1.14106E-07  7.83109E-08  3.32866E-06  2.70654E-06  7.12767E-09 -4.24883E-08 -2.06410E-10  2.24389E-08  0.00000E+00  0.00000E+00  2.34909E-06  0.00000E+00  0.00000E+00 -1.23786E-05  6.64463E-05
TABLE NO.     4: MCMC Bayesian Analysis: Problem=1 Subproblem=0 Superproblem1=0 Iteration1=0 Superproblem2=0 Iteration2=0
 NAME         THETA1       THETA2       THETA3       THETA4       THETA5       SIGMA(1,1)   OMEGA(1,1)   OMEGA(2,1)   OMEGA(2,2)   OMEGA(3,1)   OMEGA(3,2)   OMEGA(3,3)   OMEGA(4,1)   OMEGA(4,2)   OMEGA(4,3)   OMEGA(4,4)
 THETA1        2.44888E-04 -3.72645E-05 -1.04521E-05  9.46484E-06 -3.81859E-06  2.40697E-07  1.41889E-06  1.39424E-06  1.02458E-06  0.00000E+00  0.00000E+00  4.21738E-06  0.00000E+00  0.00000E+00 -2.16468E-06 -5.88490E-06
 THETA2       -3.72645E-05  1.53382E-04  1.76558E-06 -1.46065E-06 -2.00231E-05  1.43013E-07  5.38591E-06 -8.49656E-07 -1.86895E-06  0.00000E+00  0.00000E+00  2.14732E-06  0.00000E+00  0.00000E+00 -1.85567E-06  5.40968E-06
 THETA3       -1.04521E-05  1.76558E-06  5.03917E-04 -3.85141E-05  1.12087E-05 -3.10693E-08 -3.46373E-06  3.21511E-07 -1.51448E-08  0.00000E+00  0.00000E+00  3.40915E-06  0.00000E+00  0.00000E+00  8.18387E-06 -1.18350E-05
 THETA4        9.46484E-06 -1.46065E-06 -3.85141E-05  5.71452E-04 -1.16443E-05  2.59092E-07  1.08178E-05 -6.63866E-06  3.38475E-06  0.00000E+00  0.00000E+00  1.61482E-05  0.00000E+00  0.00000E+00 -1.59952E-05  1.03934E-05
 THETA5       -3.81859E-06 -2.00231E-05  1.12087E-05 -1.16443E-05  7.12693E-04 -6.52680E-08 -2.54674E-06 -1.34346E-06  4.50800E-07  0.00000E+00  0.00000E+00 -4.03013E-06  0.00000E+00  0.00000E+00 -7.99513E-06  8.80951E-06
 SIGMA(1,1)    2.40697E-07  1.43013E-07 -3.10693E-08  2.59092E-07 -6.52680E-08  1.12743E-07 -1.25629E-07  6.69141E-08 -2.06971E-08  0.00000E+00  0.00000E+00 -3.63665E-09  0.00000E+00  0.00000E+00  1.58082E-08  7.55541E-08
 OMEGA(1,1)    1.41889E-06  5.38591E-06 -3.46373E-06  1.08178E-05 -2.54674E-06 -1.25629E-07  2.48556E-05 -5.74960E-06  1.77604E-06  0.00000E+00  0.00000E+00  2.64250E-07  0.00000E+00  0.00000E+00 -9.42622E-07  3.02183E-06
 OMEGA(2,1)    1.39424E-06 -8.49656E-07  3.21511E-07 -6.63866E-06 -1.34346E-06  6.69141E-08 -5.74960E-06  8.18939E-06 -3.51060E-06  0.00000E+00  0.00000E+00  1.06734E-06  0.00000E+00  0.00000E+00 -6.68513E-07 -1.70600E-06
 OMEGA(2,2)    1.02458E-06 -1.86895E-06 -1.51448E-08  3.38475E-06  4.50800E-07 -2.06971E-08  1.77604E-06 -3.51060E-06  9.74316E-06  0.00000E+00  0.00000E+00  1.63126E-06  0.00000E+00  0.00000E+00 -2.52622E-07  6.44756E-07
 OMEGA(3,1)    0.00000E+00  0.00000E+00  0.00000E+00  0.00000E+00  0.00000E+00  0.00000E+00  0.00000E+00  0.00000E+00  0.00000E+00  0.00000E+00  0.00000E+00  0.00000E+00  0.00000E+00  0.00000E+00  0.00000E+00  0.00000E+00
 OMEGA(3,2)    0.00000E+00  0.00000E+00  0.00000E+00  0.00000E+00  0.00000E+00  0.00000E+00  0.00000E+00  0.00000E+00  0.00000E+00  0.00000E+00  0.00000E+00  0.00000E+00  0.00000E+00  0.00000E+00  0.00000E+00  0.00000E+00
 OMEGA(3,3)    4.21738E-06  2.14732E-06  3.40915E-06  1.61482E-05 -4.03013E-06 -3.63665E-09  2.64250E-07  1.06734E-06  1.63126E-06  0.00000E+00  0.00000E+00  4.89871E-05  0.00000E+00  0.00000E+00 -1.33219E-05 -7.85326E-08
 OMEGA(4,1)    0.00000E+00  0.00000E+00  0.00000E+00  0.00000E+00  0.00000E+00  0.00000E+00  0.00000E+00  0.00000E+00  0.00000E+00  0.00000E+00  0.00000E+00  0.00000E+00  0.00000E+00  0.00000E+00  0.00000E+00  0.00000E+00
 OMEGA(4,2)    0.00000E+00  0.00000E+00  0.00000E+00  0.00000E+00  0.00000E+00  0.00000E+00  0.00000E+00  0.00000E+00  0.00000E+00  0.00000E+00  0.00000E+00  0.00000E+00  0.00000E+00  0.00000E+00  0.00000E+00  0.00000E+00
 OMEGA(4,3)   -2.16468E-06 -1.85567E-06  8.18387E-06 -1.59952E-05 -7.99513E-06  1.58082E-08 -9.42622E-07 -6.68513E-07 -2.52622E-07  0.00000E+00  0.00000E+00 -1.33219E-05  0.00000E+00  0.00000E+00  3.14680E-05 -1.21932E-05
 OMEGA(4,4)   -5.88490E-06  5.40968E-06 -1.18350E-05  1.03934E-05  8.80951E-06  7.55541E-08  3.02183E-06 -1.70600E-06  6.44756E-07  0.00000E+00  0.00000E+00 -7.85326E-08  0.00000E+00  0.00000E+00 -1.21932E-05  7.83449E-05
TABLE NO.     5: First Order Conditional Estimation with Interaction (No Prior): Problem=1 Subproblem=0 Superproblem1=0 Iteration1=0 Superproblem2=0 Iteration2=0
 NAME         THETA1       THETA2       THETA3       THETA4       THETA5       SIGMA(1,1)   OMEGA(1,1)   OMEGA(2,1)   OMEGA(2,2)   OMEGA(3,1)   OMEGA(3,2)   OMEGA(3,3)   OMEGA(4,1)   OMEGA(4,2)   OMEGA(4,3)   OMEGA(4,4)
 THETA1        2.40775E-04 -5.00646E-05  1.10075E-07 -2.07126E-09 -1.01416E-09  1.14942E-07  6.85285E-08 -7.85437E-08  3.15988E-07  0.00000E+00  0.00000E+00 -2.35638E-08  0.00000E+00  0.00000E+00  5.17842E-09 -5.19909E-10
 THETA2       -5.00646E-05  1.51280E-04  1.90557E-08  1.87141E-08  5.36580E-09  1.78710E-08 -1.53517E-07  3.95365E-07 -1.27175E-06  0.00000E+00  0.00000E+00 -3.32881E-09  0.00000E+00  0.00000E+00 -1.74787E-09 -1.93300E-08
 THETA3        1.10075E-07  1.90557E-08  5.12763E-04 -1.13186E-04  2.29895E-09  1.13388E-07 -1.95189E-08  1.36693E-08 -3.07531E-08  0.00000E+00  0.00000E+00  1.37299E-07  0.00000E+00  0.00000E+00 -3.94871E-08  3.39216E-07
 THETA4       -2.07126E-09  1.87141E-08 -1.13186E-04  6.00993E-04  2.38694E-08  1.42008E-09 -1.18064E-09 -1.26573E-09  8.20175E-09  0.00000E+00  0.00000E+00 -7.47056E-08  0.00000E+00  0.00000E+00  1.97263E-07 -3.97624E-07
 THETA5       -1.01416E-09  5.36580E-09  2.29895E-09  2.38694E-08  7.40750E-04 -4.82553E-12 -2.70201E-10 -4.21100E-10  2.50072E-09  0.00000E+00  0.00000E+00  4.65933E-10  0.00000E+00  0.00000E+00 -3.05700E-09 -2.42013E-08
 SIGMA(1,1)    1.14942E-07  1.78710E-08  1.13388E-07  1.42008E-09 -4.82553E-12  1.17598E-07 -2.03504E-08  1.45502E-08 -3.27991E-08  0.00000E+00  0.00000E+00 -2.42538E-08  0.00000E+00  0.00000E+00  4.37992E-09 -4.07368E-09
 OMEGA(1,1)    6.85285E-08 -1.53517E-07 -1.95189E-08 -1.18064E-09 -2.70201E-10 -2.03504E-08  2.31764E-05 -4.83070E-06  9.95436E-07  0.00000E+00  0.00000E+00  4.05927E-09  0.00000E+00  0.00000E+00 -8.42412E-10  1.65699E-09
 OMEGA(2,1)   -7.85437E-08  3.95365E-07  1.36693E-08 -1.26573E-09 -4.21100E-10  1.45502E-08 -4.83070E-06  7.78817E-06 -3.00287E-06  0.00000E+00  0.00000E+00 -2.91128E-09  0.00000E+00  0.00000E+00  9.65004E-10  9.37489E-10
 OMEGA(2,2)    3.15988E-07 -1.27175E-06 -3.07531E-08  8.20175E-09  2.50072E-09 -3.27991E-08  9.95436E-07 -3.00287E-06  9.12481E-06  0.00000E+00  0.00000E+00  6.92324E-09  0.00000E+00  0.00000E+00 -2.36928E-09 -7.54121E-09
 OMEGA(3,1)    0.00000E+00  0.00000E+00  0.00000E+00  0.00000E+00  0.00000E+00  0.00000E+00  0.00000E+00  0.00000E+00  0.00000E+00  0.00000E+00  0.00000E+00  0.00000E+00  0.00000E+00  0.00000E+00  0.00000E+00  0.00000E+00
 OMEGA(3,2)    0.00000E+00  0.00000E+00  0.00000E+00  0.00000E+00  0.00000E+00  0.00000E+00  0.00000E+00  0.00000E+00  0.00000E+00  0.00000E+00  0.00000E+00  0.00000E+00  0.00000E+00  0.00000E+00  0.00000E+00  0.00000E+00
 OMEGA(3,3)   -2.35638E-08 -3.32881E-09  1.37299E-07 -7.47056E-08  4.65933E-10 -2.42538E-08  4.05927E-09 -2.91128E-09  6.92324E-09  0.00000E+00  0.00000E+00  5.25714E-05  0.00000E+00  0.00000E+00 -1.16219E-05  2.58570E-06
 OMEGA(4,1)    0.00000E+00  0.00000E+00  0.00000E+00  0.00000E+00  0.00000E+00  0.00000E+00  0.00000E+00  0.00000E+00  0.00000E+00  0.00000E+00  0.00000E+00  0.00000E+00  0.00000E+00  0.00000E+00  0.00000E+00  0.00000E+00
 OMEGA(4,2)    0.00000E+00  0.00000E+00  0.00000E+00  0.00000E+00  0.00000E+00  0.00000E+00  0.00000E+00  0.00000E+00  0.00000E+00  0.00000E+00  0.00000E+00  0.00000E+00  0.00000E+00  0.00000E+00  0.00000E+00  0.00000E+00
 OMEGA(4,3)    5.17842E-09 -1.74787E-09 -3.94871E-08  1.97263E-07 -3.05700E-09  4.37992E-09 -8.42412E-10  9.65004E-10 -2.36928E-09  0.00000E+00  0.00000E+00 -1.16219E-05  0.00000E+00  0.00000E+00  3.21182E-05 -1.36295E-05
 OMEGA(4,4)   -5.19909E-10 -1.93300E-08  3.39216E-07 -3.97624E-07 -2.42013E-08 -4.07368E-09  1.65699E-09  9.37489E-10 -7.54121E-09  0.00000E+00  0.00000E+00  2.58570E-06  0.00000E+00  0.00000E+00 -1.36295E-05  7.23735E-05
