TABLE NO.     3: NUTS Bayesian Analysis: Problem=1 Subproblem=0 Superproblem1=0 Iteration1=0 Superproblem2=0 Iteration2=0
 NAME         THETA1       THETA2       THETA3       THETA4       THETA5       THETA6       THETA7       THETA8       SIGMA(1,1)   SIGMA(2,1)   SIGMA(2,2)   OMEGA(1,1)   OMEGA(2,1)   OMEGA(2,2)   OMEGA(3,1)   OMEGA(3,2)   OMEGA(3,3)   OMEGA(4,1)   OMEGA(4,2)   OMEGA(4,3)   OMEGA(4,4)   OMEGA(5,1)   OMEGA(5,2)   OMEGA(5,3)   OMEGA(5,4)   OMEGA(5,5)   OMEGA(6,1)   OMEGA(6,2)   OMEGA(6,3)   OMEGA(6,4)   OMEGA(6,5)   OMEGA(6,6)   OMEGA(7,1)   OMEGA(7,2)   OMEGA(7,3)   OMEGA(7,4)   OMEGA(7,5)   OMEGA(7,6)   OMEGA(7,7)   OMEGA(8,1)   OMEGA(8,2)   OMEGA(8,3)   OMEGA(8,4)   OMEGA(8,5)   OMEGA(8,6)   OMEGA(8,7)   OMEGA(8,8)
 THETA1        2.33025E+02  6.22051E+01 -1.72743E+01 -1.66254E+00 -2.62762E+01 -1.26292E+01  3.87134E+01 -1.03643E+02  2.18102E+02  0.00000E+00  3.61181E+02  4.30115E+00 -4.11340E+00  1.29815E+01 -3.41475E+01 -3.30228E+01 -1.15232E+01 -2.42440E+01  3.42292E+01  1.03399E+01 -1.16504E+01  4.64718E+00  5.54320E+00 -8.58512E-01 -7.75426E+00  2.78199E+00 -5.56796E+00  1.21709E+01  1.52052E+01  2.02310E+01  1.13815E+01 -1.24804E+01 -4.54216E+01 -8.71102E+00  1.14861E+01 -8.53711E+00  1.65532E+01  3.34169E+01 -1.84260E+01  1.15948E+01  1.47998E+01  4.20077E+01 -1.75050E+01 -1.29615E+01 -1.74103E+01  4.33985E+01 -2.37375E+01
 THETA2        6.22051E+01  2.84068E+02 -8.21627E-01  4.94001E+00 -2.74346E+01 -1.53248E+01  1.03182E+02 -1.18271E+02 -2.04783E+02  0.00000E+00  2.09693E+02 -1.11554E+01 -3.81401E+01  6.45929E+01 -2.35245E+01 -7.36182E+01  1.37431E+00  7.73294E+00  3.48946E+01 -4.47815E+00 -7.93328E+00  2.57235E+01 -4.80161E+00 -1.44241E+01 -1.28963E-01 -2.19395E+01  1.25897E+01  6.56084E+00 -8.27509E+00  2.54281E+01 -1.33370E+01 -1.52787E+01 -4.06277E+01 -1.18145E+02 -3.57663E+01 -1.76691E+01  4.63997E+01  1.81914E+01 -1.96605E+01  3.91294E+01 -4.60081E+00  3.86830E+01 -3.50328E+00  1.93842E+01 -2.26396E+01  5.78496E+01 -2.66345E+01
 THETA3       -1.72743E+01 -8.21627E-01  4.08899E+02  1.12775E+01  3.50856E+00 -2.93950E+01 -2.09797E+01 -3.68104E+01 -2.44228E+02  0.00000E+00  7.01396E+01 -7.18982E+00 -5.16658E+01 -2.57674E+00 -2.78023E+01  4.20107E+01  2.88333E+01  8.51659E+00 -2.31503E+01 -6.58232E+01 -1.65473E+01 -3.11562E+01  5.08961E+01 -5.79819E+00 -2.26007E+01 -1.15232E+01 -7.75784E+00 -6.17750E-01 -3.63447E+01  2.14844E+01 -2.94007E+01  4.71357E-01 -3.97907E+01  8.01732E+00  6.99712E+01  1.62997E+01 -2.61798E+01 -5.19380E+00 -2.78441E+01  3.23751E+01 -2.47899E+01 -5.32094E+01 -3.78966E-01  7.02104E+00 -4.82897E+01 -1.92560E+01  1.90813E+01
 THETA4       -1.66254E+00  4.94001E+00  1.12775E+01  2.28272E+02  8.71348E+00 -1.26698E+01  8.34619E+01 -7.16024E+01 -2.72548E+02  0.00000E+00 -7.15053E+01 -3.37829E+00 -8.61921E+00 -9.73262E+00 -1.67501E+01 -6.48988E+01  9.45975E-01  1.44575E+01  3.42587E+01 -6.67345E+01 -2.66872E+01 -8.91598E+00  1.96282E+01 -1.08051E+01 -5.94220E+00  1.67219E+01  1.85833E+01  2.05806E+01 -3.48257E+01  1.26062E+01 -1.57186E+01 -1.38197E+01 -8.31016E+00  5.87359E+00  2.04085E+01 -2.23620E+01  5.04027E-02  2.95451E+00 -1.71944E+01  2.44488E+01  2.04977E+01  2.73918E+01  1.67252E+00  1.59546E+01 -1.33176E+01  1.87120E+01 -2.57011E+01
 THETA5       -2.62762E+01 -2.74346E+01  3.50856E+00  8.71348E+00  2.60137E+02  4.73928E+01 -4.72195E+01  5.14721E+01 -1.91054E+01  0.00000E+00  4.13060E+02  1.34444E+01 -2.56327E+01 -7.25853E+00  9.92719E+00  7.22682E+01  1.18504E+01 -1.80695E+01  2.02115E+01 -3.26557E+01  5.25382E+00 -3.17643E+01 -3.98538E+00 -4.51772E+01  2.77146E+01  9.47756E+00 -2.95686E-01  1.86423E+01 -3.65038E+00 -1.64387E+00  1.59960E+00 -9.33899E+00 -1.07912E+01  2.03488E+01  6.31535E+01  1.73708E+01 -7.20882E+00  4.03534E+01  4.08810E-01 -4.40443E+01 -1.81200E+01 -4.71483E+01 -1.77647E+01  5.32535E+00 -4.39312E+01 -2.70891E+01  2.08546E+01
 THETA6       -1.26292E+01 -1.53248E+01 -2.93950E+01 -1.26698E+01  4.73928E+01  2.19321E+02 -3.99040E+01  6.49684E+01  6.55577E+02  0.00000E+00  5.20600E+02 -9.16612E+00 -3.52475E+00 -5.85370E+00  1.31091E+01  5.01910E+01 -2.08715E+01 -1.29774E+01  7.96880E+00 -4.99250E+00 -3.90967E+00 -2.95752E+01 -3.02704E+01 -4.90698E+01  1.55082E+01  2.54426E+01 -6.38125E+00 -8.61874E+00  1.63264E+01 -1.89377E+00  2.79755E+01 -1.64687E+00  1.12482E+01 -6.90018E+00  2.42764E+01  7.75821E-02 -9.82503E+00  7.81178E+00  3.63142E-01 -4.69747E+00  5.66171E+00 -3.02013E+01  8.39748E-01  2.01505E+01 -1.57709E+01  1.21576E+01 -1.98409E+01
 THETA7        3.87134E+01  1.03182E+02 -2.09797E+01  8.34619E+01 -4.72195E+01 -3.99040E+01  3.38968E+02 -1.48443E+02 -4.43737E+02  0.00000E+00 -9.27530E+01 -6.95499E+00 -3.05870E+01  1.99073E+01 -5.23151E+00 -1.13044E+02  1.23180E+01  3.66504E+01  3.98185E+01 -2.91621E+01 -1.09551E-01  1.95502E-01 -1.48275E+01  4.14045E+00 -2.57332E+01  3.20889E+00  4.06516E+01  2.18906E+01 -7.78156E+00 -6.16733E+00 -1.06075E+01  4.59511E+00 -2.04409E+01 -1.85435E+01 -6.59153E+01  1.54667E+01  5.72267E+01  7.19350E+00 -2.02276E+01  5.51047E+01  5.43691E+01  6.64416E+01  5.09288E+00 -8.57992E+00  7.66688E+00  5.26794E+01 -3.00204E+01
 THETA8       -1.03643E+02 -1.18271E+02 -3.68104E+01 -7.16024E+01  5.14721E+01  6.49684E+01 -1.48443E+02  3.85388E+02  2.70039E+02  0.00000E+00 -2.16268E+02  9.69365E+00  2.59424E+01 -2.19019E+01  3.22513E+00  1.06989E+02  2.05601E+01  7.86433E-01 -2.03802E+01  2.93287E+01  1.20764E+01 -3.72126E+01 -2.13220E+01  3.06816E+01  2.50567E+01  8.39248E+00 -5.74743E+01 -4.13410E+00  1.99542E+01  6.42498E+00 -1.43210E+00  6.58400E+00  2.47950E+01  5.00053E+01  4.49384E+01  3.02098E+00 -3.26666E+01 -1.49523E+01  3.05485E+01 -5.79117E+01 -4.80731E+01 -6.10962E+01  4.13699E+01  7.68985E+00  8.22919E+00 -6.33406E+01  3.01405E+01
 SIGMA(1,1)    2.18102E+02 -2.04783E+02 -2.44228E+02 -2.72548E+02 -1.91054E+01  6.55577E+02 -4.43737E+02  2.70039E+02  2.47413E+06  0.00000E+00 -2.70661E+04  3.75566E+02 -3.71632E+02  1.04976E+02 -1.83843E+03  2.51012E+03  1.11374E+03  1.21757E+03 -4.05498E+02 -2.93438E+02  1.41111E+03 -1.27883E+03  7.40614E+02  6.82209E+02 -2.17390E+03  2.11228E+02 -2.25679E+03  1.21918E+03  3.85659E+03  5.58828E+02  2.10328E+03 -8.29877E+02  1.68780E+03  7.67633E+02  1.19645E+03 -7.47606E+02 -2.28795E+03 -3.52905E+02 -7.24499E+02 -8.91649E+02 -9.89782E+02  4.54533E+03  2.04852E+03  2.48733E+03 -2.92794E+03  2.95368E+03 -7.76037E+02
 SIGMA(2,1)    0.00000E+00  0.00000E+00  0.00000E+00  0.00000E+00  0.00000E+00  0.00000E+00  0.00000E+00  0.00000E+00  0.00000E+00  0.00000E+00  0.00000E+00  0.00000E+00  0.00000E+00  0.00000E+00  0.00000E+00  0.00000E+00  0.00000E+00  0.00000E+00  0.00000E+00  0.00000E+00  0.00000E+00  0.00000E+00  0.00000E+00  0.00000E+00  0.00000E+00  0.00000E+00  0.00000E+00  0.00000E+00  0.00000E+00  0.00000E+00  0.00000E+00  0.00000E+00  0.00000E+00  0.00000E+00  0.00000E+00  0.00000E+00  0.00000E+00  0.00000E+00  0.00000E+00  0.00000E+00  0.00000E+00  0.00000E+00  0.00000E+00  0.00000E+00  0.00000E+00  0.00000E+00  0.00000E+00
 SIGMA(2,2)    3.61181E+02  2.09693E+02  7.01396E+01 -7.15053E+01  4.13060E+02  5.20600E+02 -9.27530E+01 -2.16268E+02 -2.70661E+04  0.00000E+00  6.86548E+05 -7.15117E+02 -1.71212E+03 -6.47182E+02 -8.05823E+02 -1.77544E+03  4.61602E+02 -3.88921E+02 -6.45908E+01  4.23331E+02  1.62118E+02  1.66604E+02 -1.05327E+03  2.27290E+03  8.40737E+02  1.51406E+02  9.35295E+02 -1.89668E+02 -1.01177E+03  4.90457E+02  1.71967E+03  9.98873E+02 -3.37969E+02 -2.42250E+03 -1.13630E+03  7.96646E+02  2.16969E+03  3.32196E+02 -5.33155E+02  1.07555E+03 -2.41003E+02  3.06156E+03 -4.36196E+02  1.16415E+03  6.23876E+02  1.82046E+02  5.03624E+02
 OMEGA(1,1)    4.30115E+00 -1.11554E+01 -7.18982E+00 -3.37829E+00  1.34444E+01 -9.16612E+00 -6.95499E+00  9.69365E+00  3.75566E+02  0.00000E+00 -7.15117E+02  4.40880E+02  1.83305E+02  2.00231E+01 -8.74952E+01  1.43819E+01 -2.13281E+01 -3.23109E+01  5.81461E+01  4.05286E+01  1.85326E+01 -1.37211E+02 -3.97587E+01  5.51723E+01 -4.48578E+01 -1.93725E+01 -6.43213E+01 -1.24216E+01  1.44756E+01  2.37960E+01  8.03928E+00 -8.61179E-01  1.15749E+02  2.46689E+01  3.03278E+01  2.53119E+01 -1.65868E+01 -2.36077E+01 -1.54059E+01 -3.79087E+02 -4.68792E+00  4.22408E+01 -8.34169E+00  3.63127E+01  2.49771E+01 -4.17438E+01  5.42369E+01
 OMEGA(2,1)   -4.11340E+00 -3.81401E+01 -5.16658E+01 -8.61921E+00 -2.56327E+01 -3.52475E+00 -3.05870E+01  2.59424E+01 -3.71632E+02  0.00000E+00 -1.71212E+03  1.83305E+02  1.55844E+03  3.77633E+02 -6.37557E+01  8.75815E+00 -1.66270E+01  2.02595E+01  4.63945E+01  4.11782E+01  2.92310E+01 -1.38028E+02 -2.31770E+02  2.64129E+01  7.40715E+01  5.52859E+00 -1.40686E+02 -2.22284E+02 -1.48834E+02 -3.59495E+01  1.75373E+01  6.37586E+00  2.62071E+02  2.22597E+02 -1.78594E+01 -4.44971E+01  2.07902E+01 -7.94378E+01  5.78191E+01 -4.56780E+02 -5.92877E+02  5.62031E+00 -7.08084E+01  7.26960E+01  1.30947E+02 -1.41922E+02  1.65457E+02
 OMEGA(2,2)    1.29815E+01  6.45929E+01 -2.57674E+00 -9.73262E+00 -7.25853E+00 -5.85370E+00  1.99073E+01 -2.19019E+01  1.04976E+02  0.00000E+00 -6.47182E+02  2.00231E+01  3.77633E+02  7.13545E+02 -2.12991E+01  1.90675E+02  3.76575E+01  1.98227E+01  1.17228E+01  1.44367E+01  1.82981E+00 -5.06235E+01 -2.66099E+02 -6.26248E+01  5.73524E+01  4.42734E+00 -9.58697E+01 -2.55284E+02 -1.01456E+02  4.15604E+01  3.50714E+01  2.81722E+01  6.71358E+01  4.74192E+02  2.39818E+01 -3.71288E+01 -5.10334E+01  4.62987E+00  3.66034E+01 -1.14542E+02 -7.23466E+02 -1.37360E+02 -2.34035E+01  6.93395E+01  1.28748E+02 -8.54460E+01  1.44552E+02
 OMEGA(3,1)   -3.41475E+01 -2.35245E+01 -2.78023E+01 -1.67501E+01  9.92719E+00  1.31091E+01 -5.23151E+00  3.22513E+00 -1.83843E+03  0.00000E+00 -8.05823E+02 -8.74952E+01 -6.37557E+01 -2.12991E+01  2.44958E+03  4.08272E+02 -1.45649E+02  4.43360E+01  2.21237E+00 -1.54823E+02 -1.96840E+01  5.27436E+01 -7.94595E+01 -2.98805E+02 -2.81177E+01  3.05590E+01 -8.78275E+01  1.09139E+01 -2.53333E+02 -1.05006E+02  7.05342E+01  3.92883E+01 -1.12449E+02 -7.14345E+00  9.83132E+01  1.27015E+02 -2.30178E+01  8.44892E+00  2.64517E+01 -1.44489E+02  1.23113E+02 -6.11483E+02 -1.02823E+02  3.74594E+01  3.11295E+01  5.76304E+01  1.83528E+01
 OMEGA(3,2)   -3.30228E+01 -7.36182E+01  4.20107E+01 -6.48988E+01  7.22682E+01  5.01910E+01 -1.13044E+02  1.06989E+02  2.51012E+03  0.00000E+00 -1.77544E+03  1.43819E+01  8.75815E+00  1.90675E+02  4.08272E+02  3.28035E+03  1.27717E+02 -6.86162E+01  6.36134E+01  6.36238E+01  1.36280E+01 -9.19229E+01 -1.60607E+02 -4.21820E+02 -7.87747E+01  8.50218E+01  3.99481E+01 -2.74863E+02 -4.07398E+02  2.30141E+01  9.69967E+01  2.66874E+01  5.63000E+01 -1.30103E+02  7.32654E+02  1.54981E+02 -5.56634E+01 -1.31017E+01 -9.07053E+00  1.57279E+01 -3.59076E+02 -1.24948E+03 -1.45303E+02  6.67172E+01  1.75693E+02 -7.49070E+01  1.19918E+02
 OMEGA(3,3)   -1.15232E+01  1.37431E+00  2.88333E+01  9.45975E-01  1.18504E+01 -2.08715E+01  1.23180E+01  2.05601E+01  1.11374E+03  0.00000E+00  4.61602E+02 -2.13281E+01 -1.66270E+01  3.76575E+01 -1.45649E+02  1.27717E+02  1.28454E+03 -5.95734E+01 -2.07736E+00  2.24240E+02  1.80887E+01 -5.55144E+01 -4.66173E+01 -3.00358E+02 -4.41525E+00 -3.05381E+01  2.52438E+01 -4.41323E+01 -1.77469E+02 -1.90653E+01  3.09528E+01 -3.62378E+00 -4.53484E+01 -5.15630E+01 -5.01257E+01 -4.92362E+01  2.19267E+01  3.70096E+01 -2.85103E+01  1.29247E+01 -1.27263E+02 -6.35231E+02 -5.35734E+01  8.96590E+01  2.62807E+00  6.64990E+01  6.22577E+00
 OMEGA(4,1)   -2.42440E+01  7.73294E+00  8.51659E+00  1.44575E+01 -1.80695E+01 -1.29774E+01  3.66504E+01  7.86433E-01  1.21757E+03  0.00000E+00 -3.88921E+02 -3.23109E+01  2.02595E+01  1.98227E+01  4.43360E+01 -6.86162E+01 -5.95734E+01  1.22765E+03  2.31741E+02  2.11195E+01 -8.54956E+01  4.07551E+01 -2.70297E+01  1.23492E+01 -1.53562E+02  6.25646E+00 -1.24070E+02  3.40787E+01 -6.13737E+00  8.58196E-01 -8.09472E+01  2.32341E+01  2.32743E+02  1.76530E+02  4.96884E+00  1.85763E+01 -5.92007E+01 -1.15328E+01  4.50626E+01 -1.86422E+02 -5.71889E+01 -1.01913E+02 -3.19519E+02  4.83211E+01  3.00879E+01 -1.40807E+02  9.50776E+01
 OMEGA(4,2)    3.42292E+01  3.48946E+01 -2.31503E+01  3.42587E+01  2.02115E+01  7.96880E+00  3.98185E+01 -2.03802E+01 -4.05498E+02  0.00000E+00 -6.45908E+01  5.81461E+01  4.63945E+01  1.17228E+01  2.21237E+00  6.36134E+01 -2.07736E+00  2.31741E+02  1.49690E+03  1.24002E+02 -5.42273E+01 -3.73437E+01  6.56263E+01  4.59193E+01 -1.47021E+02 -3.10078E+01 -3.13395E+01  3.52592E+01  1.44708E+01 -7.05892E+01 -4.20259E+00 -9.22365E+00  2.57550E+01  4.88626E+02  1.30094E+02  2.69552E+02 -7.49489E+01 -5.75343E+01  2.08922E+01 -1.10717E+02 -3.00929E+02 -1.60800E+02 -4.39308E+02  8.79378E+01  6.48267E+01 -1.41525E+02  9.62728E+01
 OMEGA(4,3)    1.03399E+01 -4.47815E+00 -6.58232E+01 -6.67345E+01 -3.26557E+01 -4.99250E+00 -2.91621E+01  2.93287E+01 -2.93438E+02  0.00000E+00  4.23331E+02  4.05286E+01  4.11782E+01  1.44367E+01 -1.54823E+02  6.36238E+01  2.24240E+02  2.11195E+01  1.24002E+02  2.34222E+03 -4.12386E+01 -9.31669E+01  4.60535E+01  2.18401E+02 -5.58201E+01 -1.49435E+01 -3.49605E+01  8.40023E+01 -7.41853E+01 -3.24740E+01 -1.24296E+01  1.42257E+01  1.01276E+02 -2.19959E+01  3.72774E+02 -9.23048E+01 -1.18454E+01  7.98548E+01 -1.16812E+01 -1.14222E+02 -3.69896E+01 -5.24946E+02 -2.77698E+02  6.14404E+01 -2.79214E+01 -2.48636E+00  4.42728E+01
 OMEGA(4,4)   -1.16504E+01 -7.93328E+00 -1.65473E+01 -2.66872E+01  5.25382E+00 -3.90967E+00 -1.09551E-01  1.20764E+01  1.41111E+03  0.00000E+00  1.62118E+02  1.85326E+01  2.92310E+01  1.82981E+00 -1.96840E+01  1.36280E+01  1.80887E+01 -8.54956E+01 -5.42273E+01 -4.12386E+01  3.64399E+02  2.60750E+01  6.06284E+00 -3.97013E+01  7.57814E+01 -3.19099E+01 -5.85335E+00 -3.57732E+01 -5.14076E+00 -7.24022E+01 -2.38205E+01 -5.43535E+00  7.28724E+00 -2.77431E+01  2.57914E+01  2.30907E+02  4.14047E+01 -4.38384E+01 -8.85590E+00 -1.57630E+01 -3.14547E+01 -5.20158E+00 -8.63687E+01 -4.51363E+01  2.99702E+01 -6.21244E+00 -2.09037E+01
 OMEGA(5,1)    4.64718E+00  2.57235E+01 -3.11562E+01 -8.91598E+00 -3.17643E+01 -2.95752E+01  1.95502E-01 -3.72126E+01 -1.27883E+03  0.00000E+00  1.66604E+02 -1.37211E+02 -1.38028E+02 -5.06235E+01  5.27436E+01 -9.19229E+01 -5.55144E+01  4.07551E+01 -3.73437E+01 -9.31669E+01  2.60750E+01  1.58458E+03  3.46031E+02 -1.33184E+02 -6.44637E+01 -2.22193E+02  2.36923E+02 -2.02181E+01  6.60548E+01 -2.14336E+01 -2.06530E+02 -2.12879E+01 -1.49116E+02 -8.15768E+01 -9.26097E+01 -3.98546E+01  1.30450E+02 -2.04234E+01  4.46318E+00  2.54216E+02  1.01325E+02  1.31928E+02  1.74560E+01 -4.92565E+02 -8.99362E+01  1.40496E+02 -1.39754E+02
 OMEGA(5,2)    5.54320E+00 -4.80161E+00  5.08961E+01  1.96282E+01 -3.98538E+00 -3.02704E+01 -1.48275E+01 -2.13220E+01  7.40614E+02  0.00000E+00 -1.05327E+03 -3.97587E+01 -2.31770E+02 -2.66099E+02 -7.94595E+01 -1.60607E+02 -4.66173E+01 -2.70297E+01  6.56263E+01  4.60535E+01  6.06284E+00  3.46031E+02  2.16059E+03  1.19854E+02 -3.47770E+01 -2.62517E+02  1.31269E+01  3.02172E+02  1.82660E+02 -3.62467E+01 -2.25771E+02 -3.12821E+01 -3.90217E+01 -3.13524E+02  9.00895E+01  3.68647E+01  4.43782E+02  2.35461E+01 -2.36422E+01  5.35559E+01  3.40598E+02  1.24418E+02 -9.95699E+01 -7.34288E+02 -1.16619E+02  1.95193E+01 -9.23193E+01
 OMEGA(5,3)   -8.58512E-01 -1.44241E+01 -5.79819E+00 -1.08051E+01 -4.51772E+01 -4.90698E+01  4.14045E+00  3.06816E+01  6.82209E+02  0.00000E+00  2.27290E+03  5.51723E+01  2.64129E+01 -6.26248E+01 -2.98805E+02 -4.21820E+02 -3.00358E+02  1.23492E+01  4.59193E+01  2.18401E+02 -3.97013E+01 -1.33184E+02  1.19854E+02  3.25745E+03  4.04142E+00 -7.93682E+01 -2.07738E+01 -1.94459E+01  4.41871E+02  1.18500E+02  3.50603E-01  1.21529E+00  2.27493E+01 -6.83191E+01 -2.66158E+02 -6.46094E+01  3.60590E+01  4.37544E+00 -3.57036E+01 -1.23244E+01 -2.64740E+01  4.98029E+02  1.38161E+02 -2.80459E+02  1.05629E+02 -1.30273E+01 -6.22073E+01
 OMEGA(5,4)   -7.75426E+00 -1.28963E-01 -2.26007E+01 -5.94220E+00  2.77146E+01  1.55082E+01 -2.57332E+01  2.50567E+01 -2.17390E+03  0.00000E+00  8.40737E+02 -4.48578E+01  7.40715E+01  5.73524E+01 -2.81177E+01 -7.87747E+01 -4.41525E+00 -1.53562E+02 -1.47021E+02 -5.58201E+01  7.57814E+01 -6.44637E+01 -3.47770E+01  4.04142E+00  1.48742E+03  5.04355E+01  2.28979E+01 -1.05752E+02 -4.51833E+01  1.35557E+02 -6.22318E+01 -5.49766E+01 -3.33704E+01 -2.05734E+01  3.70201E+01 -7.34677E+01  4.18146E+02  3.01246E+01 -6.57997E+00  6.51339E+01 -6.53015E+01  3.63249E+01  1.72323E+02 -1.81750E+02 -6.34410E+00  7.94270E+00 -2.03839E+01
 OMEGA(5,5)    2.78199E+00 -2.19395E+01 -1.15232E+01  1.67219E+01  9.47756E+00  2.54426E+01  3.20889E+00  8.39248E+00  2.11228E+02  0.00000E+00  1.51406E+02 -1.93725E+01  5.52859E+00  4.42734E+00  3.05590E+01  8.50218E+01 -3.05381E+01  6.25646E+00 -3.10078E+01 -1.49435E+01 -3.19099E+01 -2.22193E+02 -2.62517E+02 -7.93682E+01  5.04355E+01  6.34314E+02 -3.83646E+01 -6.51275E+01 -1.01710E+02  6.30244E+00  2.90739E+02  3.15546E+01  6.24131E+00  5.38014E+01  9.40411E+01  1.36299E+01 -3.14325E+02 -8.24476E+00  3.06595E+01  7.20174E+00 -2.06991E+01 -3.13719E+01  2.29306E+01  3.40079E+02  6.38656E+01 -5.65748E+01  2.11766E+01
 OMEGA(6,1)   -5.56796E+00  1.25897E+01 -7.75784E+00  1.85833E+01 -2.95686E-01 -6.38125E+00  4.06516E+01 -5.74743E+01 -2.25679E+03  0.00000E+00  9.35295E+02 -6.43213E+01 -1.40686E+02 -9.58697E+01 -8.78275E+01  3.99481E+01  2.52438E+01 -1.24070E+02 -3.13395E+01 -3.49605E+01 -5.85335E+00  2.36923E+02  1.31269E+01 -2.07738E+01  2.28979E+01 -3.83646E+01  1.31266E+03  2.62362E+02  9.07618E+01 -4.37226E+01 -1.88539E+02 -1.16136E+02 -1.47725E+02 -1.06525E+02 -1.34605E+02 -3.62709E+01  8.41174E+01  1.44143E+02  4.08341E+01  3.37757E+02  1.51942E+02  3.41817E+01  1.40101E+01 -1.19106E+02 -4.80382E+02  4.52518E+01 -1.28474E+02
 OMEGA(6,2)    1.21709E+01  6.56084E+00 -6.17750E-01  2.05806E+01  1.86423E+01 -8.61874E+00  2.18906E+01 -4.13410E+00  1.21918E+03  0.00000E+00 -1.89668E+02 -1.24216E+01 -2.22284E+02 -2.55284E+02  1.09139E+01 -2.74863E+02 -4.41323E+01  3.40787E+01  3.52592E+01  8.40023E+01 -3.57732E+01 -2.02181E+01  3.02172E+02 -1.94459E+01 -1.05752E+02 -6.51275E+01  2.62362E+02  1.82552E+03  1.59493E+02 -2.11716E+01 -2.76976E+02 -1.54949E+02 -1.18990E+02 -1.89866E+02 -4.45042E+01  2.23274E+01  9.11068E+01  3.93207E+02 -1.00456E+01  9.94338E+01  5.11304E+02  7.30294E+01  2.06044E+01 -1.71715E+02 -6.94046E+02  1.11606E+02 -1.34748E+02
 OMEGA(6,3)    1.52052E+01 -8.27509E+00 -3.63447E+01 -3.48257E+01 -3.65038E+00  1.63264E+01 -7.78156E+00  1.99542E+01  3.85659E+03  0.00000E+00 -1.01177E+03  1.44756E+01 -1.48834E+02 -1.01456E+02 -2.53333E+02 -4.07398E+02 -1.77469E+02 -6.13737E+00  1.44708E+01 -7.41853E+01 -5.14076E+00  6.60548E+01  1.82660E+02  4.41871E+02 -4.51833E+01 -1.01710E+02  9.07618E+01  1.59493E+02  2.60019E+03  2.52972E+01 -2.13524E+02 -8.10627E+01  1.05491E+02  1.01542E+02 -2.45921E+02  1.41593E+01 -2.69163E+01 -7.07271E+01  5.42072E+01  1.12078E+02  1.74111E+02  6.44039E+02 -8.79852E+00 -2.82035E+02 -3.61902E+02 -5.97568E+01 -1.21535E+02
 OMEGA(6,4)    2.02310E+01  2.54281E+01  2.14844E+01  1.26062E+01 -1.64387E+00 -1.89377E+00 -6.16733E+00  6.42498E+00  5.58828E+02  0.00000E+00  4.90457E+02  2.37960E+01 -3.59495E+01  4.15604E+01 -1.05006E+02  2.30141E+01 -1.90653E+01  8.58196E-01 -7.05892E+01 -3.24740E+01 -7.24022E+01 -2.14336E+01 -3.62467E+01  1.18500E+02  1.35557E+02  6.30244E+00 -4.37226E+01 -2.11716E+01  2.52972E+01  1.33407E+03  2.42235E+01 -1.01242E+02 -2.40669E+01 -1.18545E+00  2.11080E+01 -2.43862E+02 -6.85231E+00  2.82929E+02 -1.00394E+01 -9.19595E+01 -8.09212E+01 -2.46353E+01  2.63105E+02  7.69810E+01 -1.89314E+02  8.02549E+01  3.92780E+01
 OMEGA(6,5)    1.13815E+01 -1.33370E+01 -2.94007E+01 -1.57186E+01  1.59960E+00  2.79755E+01 -1.06075E+01 -1.43210E+00  2.10328E+03  0.00000E+00  1.71967E+03  8.03928E+00  1.75373E+01  3.50714E+01  7.05342E+01  9.69967E+01  3.09528E+01 -8.09472E+01 -4.20259E+00 -1.24296E+01 -2.38205E+01 -2.06530E+02 -2.25771E+02  3.50603E-01 -6.22318E+01  2.90739E+02 -1.88539E+02 -2.76976E+02 -2.13524E+02  2.42235E+01  1.72581E+03  2.75159E+02 -4.60328E+01 -3.61561E+01  1.96789E+01 -1.13771E+01 -2.45532E+02 -1.96161E+02  1.78654E+01 -7.30141E+01 -2.21648E+01 -3.09771E+01 -2.75404E+01  5.00817E+02  4.32088E+02 -5.35174E+01  1.07311E+02
 OMEGA(6,6)   -1.24804E+01 -1.52787E+01  4.71357E-01 -1.38197E+01 -9.33899E+00 -1.64687E+00  4.59511E+00  6.58400E+00 -8.29877E+02  0.00000E+00  9.98873E+02 -8.61179E-01  6.37586E+00  2.81722E+01  3.92883E+01  2.66874E+01 -3.62378E+00  2.32341E+01 -9.22365E+00  1.42257E+01 -5.43535E+00 -2.12879E+01 -3.12821E+01  1.21529E+00 -5.49766E+01  3.15546E+01 -1.16136E+02 -1.54949E+02 -8.10627E+01 -1.01242E+02  2.75159E+02  4.17765E+02  2.30735E+01  3.15039E+01 -2.58734E+01  3.68445E+01 -6.09592E+01 -1.65291E+02  2.33635E+01 -3.01577E+01 -8.86076E+01  1.15403E+01 -7.52066E+00  1.07257E+02  3.60684E+02 -5.16837E+01  7.57096E+01
 OMEGA(7,1)   -4.54216E+01 -4.06277E+01 -3.97907E+01 -8.31016E+00 -1.07912E+01  1.12482E+01 -2.04409E+01  2.47950E+01  1.68780E+03  0.00000E+00 -3.37969E+02  1.15749E+02  2.62071E+02  6.71358E+01 -1.12449E+02  5.63000E+01 -4.53484E+01  2.32743E+02  2.57550E+01  1.01276E+02  7.28724E+00 -1.49116E+02 -3.90217E+01  2.27493E+01 -3.33704E+01  6.24131E+00 -1.47725E+02 -1.18990E+02  1.05491E+02 -2.40669E+01 -4.60328E+01  2.30735E+01  1.52325E+03  2.92424E+02 -1.21866E+02 -4.57079E+01 -1.20731E+02 -4.67647E+01  9.68928E+01 -5.10974E+02 -1.17018E+02 -1.98067E+01 -1.29717E+02  6.28291E+01  3.71393E+01 -4.51241E+02  1.24971E+02
 OMEGA(7,2)   -8.71102E+00 -1.18145E+02  8.01732E+00  5.87359E+00  2.03488E+01 -6.90018E+00 -1.85435E+01  5.00053E+01  7.67633E+02  0.00000E+00 -2.42250E+03  2.46689E+01  2.22597E+02  4.74192E+02 -7.14345E+00 -1.30103E+02 -5.15630E+01  1.76530E+02  4.88626E+02 -2.19959E+01 -2.77431E+01 -8.15768E+01 -3.13524E+02 -6.83191E+01 -2.05734E+01  5.38014E+01 -1.06525E+02 -1.89866E+02  1.01542E+02 -1.18545E+00 -3.61561E+01  3.15039E+01  2.92424E+02  2.02114E+03 -1.25488E+01 -6.74948E+01 -2.69115E+02 -2.56683E+00  2.56305E+02 -1.10542E+02 -8.02966E+02 -5.26192E+01 -1.78828E+02  1.30227E+02  1.18584E+02 -4.55206E+02  1.80202E+02
 OMEGA(7,3)    1.14861E+01 -3.57663E+01  6.99712E+01  2.04085E+01  6.31535E+01  2.42764E+01 -6.59153E+01  4.49384E+01  1.19645E+03  0.00000E+00 -1.13630E+03  3.03278E+01 -1.78594E+01  2.39818E+01  9.83132E+01  7.32654E+02 -5.01257E+01  4.96884E+00  1.30094E+02  3.72774E+02  2.57914E+01 -9.26097E+01  9.00895E+01 -2.66158E+02  3.70201E+01  9.40411E+01 -1.34605E+02 -4.45042E+01 -2.45921E+02  2.11080E+01  1.96789E+01 -2.58734E+01 -1.21866E+02 -1.25488E+01  2.84075E+03  1.57680E+02 -1.90632E+00 -4.86524E+01 -7.35403E+01 -4.88331E+01 -1.52965E+01 -8.55786E+02 -4.07209E+01  5.58966E+01  5.82661E+01 -1.84194E+02  1.04177E+02
 OMEGA(7,4)   -8.53711E+00 -1.76691E+01  1.62997E+01 -2.23620E+01  1.73708E+01  7.75821E-02  1.54667E+01  3.02098E+00 -7.47606E+02  0.00000E+00  7.96646E+02  2.53119E+01 -4.44971E+01 -3.71288E+01  1.27015E+02  1.54981E+02 -4.92362E+01  1.85763E+01  2.69552E+02 -9.23048E+01  2.30907E+02 -3.98546E+01  3.68647E+01 -6.46094E+01 -7.34677E+01  1.36299E+01 -3.62709E+01  2.23274E+01  1.41593E+01 -2.43862E+02 -1.13771E+01  3.68445E+01 -4.57079E+01 -6.74948E+01  1.57680E+02  1.58422E+03  8.07876E+00 -1.71237E+02  2.79964E+02  4.98790E+01  4.88604E+01 -1.22448E+02 -4.27236E+02  2.66058E+01  1.25497E+02 -4.09859E+02  9.89626E-01
 OMEGA(7,5)    1.65532E+01  4.63997E+01 -2.61798E+01  5.04027E-02 -7.20882E+00 -9.82503E+00  5.72267E+01 -3.26666E+01 -2.28795E+03  0.00000E+00  2.16969E+03 -1.65868E+01  2.07902E+01 -5.10334E+01 -2.30178E+01 -5.56634E+01  2.19267E+01 -5.92007E+01 -7.49489E+01 -1.18454E+01  4.14047E+01  1.30450E+02  4.43782E+02  3.60590E+01  4.18146E+02 -3.14325E+02  8.41174E+01  9.11068E+01 -2.69163E+01 -6.85231E+00 -2.45532E+02 -6.09592E+01 -1.20731E+02 -2.69115E+02 -1.90632E+00  8.07876E+00  1.88721E+03  2.52167E+02 -1.68534E+02  1.49083E+02  1.21813E+02  3.37770E+01  4.08014E+01 -6.98469E+02 -1.13443E+02  1.68700E+02 -7.93447E+01
 OMEGA(7,6)    3.34169E+01  1.81914E+01 -5.19380E+00  2.95451E+00  4.03534E+01  7.81178E+00  7.19350E+00 -1.49523E+01 -3.52905E+02  0.00000E+00  3.32196E+02 -2.36077E+01 -7.94378E+01  4.62987E+00  8.44892E+00 -1.31017E+01  3.70096E+01 -1.15328E+01 -5.75343E+01  7.98548E+01 -4.38384E+01 -2.04234E+01  2.35461E+01  4.37544E+00  3.01246E+01 -8.24476E+00  1.44143E+02  3.93207E+02 -7.07271E+01  2.82929E+02 -1.96161E+02 -1.65291E+02 -4.67647E+01 -2.56683E+00 -4.86524E+01 -1.71237E+02  2.52167E+02  1.57309E+03 -1.12965E+02  4.48474E+01  1.71089E+01 -3.43745E+01  4.83042E+01 -8.31250E+01 -5.78907E+02  3.06359E+02 -3.70752E+01
 OMEGA(7,7)   -1.84260E+01 -1.96605E+01 -2.78441E+01 -1.71944E+01  4.08810E-01  3.63142E-01 -2.02276E+01  3.05485E+01 -7.24499E+02  0.00000E+00 -5.33155E+02 -1.54059E+01  5.78191E+01  3.66034E+01  2.64517E+01 -9.07053E+00 -2.85103E+01  4.50626E+01  2.08922E+01 -1.16812E+01 -8.85590E+00  4.46318E+00 -2.36422E+01 -3.57036E+01 -6.57997E+00  3.06595E+01  4.08341E+01 -1.00456E+01  5.42072E+01 -1.00394E+01  1.78654E+01  2.33635E+01  9.68928E+01  2.56305E+02 -7.35403E+01  2.79964E+02 -1.68534E+02 -1.12965E+02  6.09122E+02  1.81219E+01 -1.01997E+02  6.29231E+01 -8.72864E+01 -9.67298E+00 -4.93392E+00 -4.74211E+02  5.30271E+01
 OMEGA(8,1)    1.15948E+01  3.91294E+01  3.23751E+01  2.44488E+01 -4.40443E+01 -4.69747E+00  5.51047E+01 -5.79117E+01 -8.91649E+02  0.00000E+00  1.07555E+03 -3.79087E+02 -4.56780E+02 -1.14542E+02 -1.44489E+02  1.57279E+01  1.29247E+01 -1.86422E+02 -1.10717E+02 -1.14222E+02 -1.57630E+01  2.54216E+02  5.35559E+01 -1.23244E+01  6.51339E+01  7.20174E+00  3.37757E+02  9.94338E+01  1.12078E+02 -9.19595E+01 -7.30141E+01 -3.01577E+01 -5.10974E+02 -1.10542E+02 -4.88331E+01  4.98790E+01  1.49083E+02  4.48474E+01  1.81219E+01  2.01210E+03  5.47563E+02  5.76905E+01  3.33929E+01 -3.33848E+02 -2.10042E+02  2.82074E+02 -6.37486E+02
 OMEGA(8,2)    1.47998E+01 -4.60081E+00 -2.47899E+01  2.04977E+01 -1.81200E+01  5.66171E+00  5.43691E+01 -4.80731E+01 -9.89782E+02  0.00000E+00 -2.41003E+02 -4.68792E+00 -5.92877E+02 -7.23466E+02  1.23113E+02 -3.59076E+02 -1.27263E+02 -5.71889E+01 -3.00929E+02 -3.69896E+01 -3.14547E+01  1.01325E+02  3.40598E+02 -2.64740E+01 -6.53015E+01 -2.06991E+01  1.51942E+02  5.11304E+02  1.74111E+02 -8.09212E+01 -2.21648E+01 -8.86076E+01 -1.17018E+02 -8.02966E+02 -1.52965E+01  4.88604E+01  1.21813E+02  1.71089E+01 -1.01997E+02  5.47563E+02  3.03856E+03  2.16070E+02  7.28994E+01 -3.44261E+02 -3.06077E+02  5.66831E+02 -8.00629E+02
 OMEGA(8,3)    4.20077E+01  3.86830E+01 -5.32094E+01  2.73918E+01 -4.71483E+01 -3.02013E+01  6.64416E+01 -6.10962E+01  4.54533E+03  0.00000E+00  3.06156E+03  4.22408E+01  5.62031E+00 -1.37360E+02 -6.11483E+02 -1.24948E+03 -6.35231E+02 -1.01913E+02 -1.60800E+02 -5.24946E+02 -5.20158E+00  1.31928E+02  1.24418E+02  4.98029E+02  3.63249E+01 -3.13719E+01  3.41817E+01  7.30294E+01  6.44039E+02 -2.46353E+01 -3.09771E+01  1.15403E+01 -1.98067E+01 -5.26192E+01 -8.55786E+02 -1.22448E+02  3.37770E+01 -3.43745E+01  6.29231E+01  5.76905E+01  2.16070E+02  4.08950E+03  2.47090E+02 -2.97234E+02 -2.82472E+02  1.39877E+01 -4.46335E+02
 OMEGA(8,4)   -1.75050E+01 -3.50328E+00 -3.78966E-01  1.67252E+00 -1.77647E+01  8.39748E-01  5.09288E+00  4.13699E+01  2.04852E+03  0.00000E+00 -4.36196E+02 -8.34169E+00 -7.08084E+01 -2.34035E+01 -1.02823E+02 -1.45303E+02 -5.35734E+01 -3.19519E+02 -4.39308E+02 -2.77698E+02 -8.63687E+01  1.74560E+01 -9.95699E+01  1.38161E+02  1.72323E+02  2.29306E+01  1.40101E+01  2.06044E+01 -8.79852E+00  2.63105E+02 -2.75404E+01 -7.52066E+00 -1.29717E+02 -1.78828E+02 -4.07209E+01 -4.27236E+02  4.08014E+01  4.83042E+01 -8.72864E+01  3.33929E+01  7.28994E+01  2.47090E+02  1.88412E+03 -3.11722E+01 -1.13876E+02  4.66287E+02 -2.10970E+02
 OMEGA(8,5)   -1.29615E+01  1.93842E+01  7.02104E+00  1.59546E+01  5.32535E+00  2.01505E+01 -8.57992E+00  7.68985E+00  2.48733E+03  0.00000E+00  1.16415E+03  3.63127E+01  7.26960E+01  6.93395E+01  3.74594E+01  6.67172E+01  8.96590E+01  4.83211E+01  8.79378E+01  6.14404E+01 -4.51363E+01 -4.92565E+02 -7.34288E+02 -2.80459E+02 -1.81750E+02  3.40079E+02 -1.19106E+02 -1.71715E+02 -2.82035E+02  7.69810E+01  5.00817E+02  1.07257E+02  6.28291E+01  1.30227E+02  5.58966E+01  2.66058E+01 -6.98469E+02 -8.31250E+01 -9.67298E+00 -3.33848E+02 -3.44261E+02 -2.97234E+02 -3.11722E+01  2.45652E+03  4.89656E+02 -2.77769E+02  3.87426E+02
 OMEGA(8,6)   -1.74103E+01 -2.26396E+01 -4.82897E+01 -1.33176E+01 -4.39312E+01 -1.57709E+01  7.66688E+00  8.22919E+00 -2.92794E+03  0.00000E+00  6.23876E+02  2.49771E+01  1.30947E+02  1.28748E+02  3.11295E+01  1.75693E+02  2.62807E+00  3.00879E+01  6.48267E+01 -2.79214E+01  2.99702E+01 -8.99362E+01 -1.16619E+02  1.05629E+02 -6.34410E+00  6.38656E+01 -4.80382E+02 -6.94046E+02 -3.61902E+02 -1.89314E+02  4.32088E+02  3.60684E+02  3.71393E+01  1.18584E+02  5.82661E+01  1.25497E+02 -1.13443E+02 -5.78907E+02 -4.93392E+00 -2.10042E+02 -3.06077E+02 -2.82472E+02 -1.13876E+02  4.89656E+02  2.34234E+03 -2.34414E+02  4.63848E+02
 OMEGA(8,7)    4.33985E+01  5.78496E+01 -1.92560E+01  1.87120E+01 -2.70891E+01  1.21576E+01  5.26794E+01 -6.33406E+01  2.95368E+03  0.00000E+00  1.82046E+02 -4.17438E+01 -1.41922E+02 -8.54460E+01  5.76304E+01 -7.49070E+01  6.64990E+01 -1.40807E+02 -1.41525E+02 -2.48636E+00 -6.21244E+00  1.40496E+02  1.95193E+01 -1.30273E+01  7.94270E+00 -5.65748E+01  4.52518E+01  1.11606E+02 -5.97568E+01  8.02549E+01 -5.35174E+01 -5.16837E+01 -4.51241E+02 -4.55206E+02 -1.84194E+02 -4.09859E+02  1.68700E+02  3.06359E+02 -4.74211E+02  2.82074E+02  5.66831E+02  1.39877E+01  4.66287E+02 -2.77769E+02 -2.34414E+02  2.39019E+03 -6.56718E+02
 OMEGA(8,8)   -2.37375E+01 -2.66345E+01  1.90813E+01 -2.57011E+01  2.08546E+01 -1.98409E+01 -3.00204E+01  3.01405E+01 -7.76037E+02  0.00000E+00  5.03624E+02  5.42369E+01  1.65457E+02  1.44552E+02  1.83528E+01  1.19918E+02  6.22577E+00  9.50776E+01  9.62728E+01  4.42728E+01 -2.09037E+01 -1.39754E+02 -9.23193E+01 -6.22073E+01 -2.03839E+01  2.11766E+01 -1.28474E+02 -1.34748E+02 -1.21535E+02  3.92780E+01  1.07311E+02  7.57096E+01  1.24971E+02  1.80202E+02  1.04177E+02  9.89626E-01 -7.93447E+01 -3.70752E+01  5.30271E+01 -6.37486E+02 -8.00629E+02 -4.46335E+02 -2.10970E+02  3.87426E+02  4.63848E+02 -6.56718E+02  1.17887E+03
