TABLE NO.     1: Iterative Two Stage (No Prior): Problem=1 Subproblem=0 Superproblem1=0 Iteration1=0 Superproblem2=0 Iteration2=0
 NAME         THETA1       THETA2       THETA3       THETA4       SIGMA(1,1)   OMEGA(1,1)   OMEGA(2,1)   OMEGA(2,2)   OMEGA(3,1)   OMEGA(3,2)   OMEGA(3,3)   OMEGA(4,1)   OMEGA(4,2)   OMEGA(4,3)   OMEGA(4,4)
 THETA1        4.96307E+02 -6.52434E+01 -5.00032E+01  1.61209E+01 -2.45654E+02  1.64176E+02 -1.63872E+02 -2.49423E+01  5.74525E+01 -1.06934E+02  4.44228E+01 -1.03013E+01  2.59626E+02 -5.24279E+01 -3.72676E+01
 THETA2       -6.52434E+01  4.55272E+02 -3.45118E+01 -5.95813E+01 -5.01227E+02 -9.53242E+01 -6.37172E+01 -1.24494E+02 -1.62807E+02  7.72504E+01  9.16864E+01  2.24376E+02  8.99156E+01 -8.25242E+01 -4.51081E+01
 THETA3       -5.00032E+01 -3.45118E+01  3.58439E+02 -2.16849E+02  7.80271E+01  2.11586E+01 -1.65278E+02  1.20199E+02  1.66474E+02  6.06420E+01 -9.47091E+00 -9.82393E+01 -1.30169E+02  3.77808E+01 -1.10653E+02
 THETA4        1.61209E+01 -5.95813E+01 -2.16849E+02  5.18385E+02 -1.12914E+02 -1.08507E+01  2.21927E+02  2.38741E+01 -9.27448E+01 -4.57087E+01 -2.98571E+00 -7.32015E+01 -5.34207E+01 -2.48095E+02  2.99676E+02
 SIGMA(1,1)   -2.45654E+02 -5.01227E+02  7.80271E+01 -1.12914E+02  1.96190E+04  6.63613E+02  2.36445E+01  1.02066E+03  4.29179E+02 -1.01469E+03 -1.91997E+02  8.76018E+02  3.89331E+02  3.62277E+02  1.00406E+03
 OMEGA(1,1)    1.64176E+02 -9.53242E+01  2.11586E+01 -1.08507E+01  6.63613E+02  1.65094E+03 -1.01307E+03  1.41288E+02  3.86565E+02 -3.50649E+02  2.36273E+01 -4.24938E+02  2.26185E+02 -4.47275E+01 -1.19415E+02
 OMEGA(2,1)   -1.63872E+02 -6.37172E+01 -1.65278E+02  2.21927E+02  2.36445E+01 -1.01307E+03  2.94642E+03 -3.77858E+02 -9.58335E+02  1.90143E+02  7.76920E+01  5.82085E+01 -3.51648E+02  5.55119E+01  8.64838E+01
 OMEGA(2,2)   -2.49423E+01 -1.24494E+02  1.20199E+02  2.38741E+01  1.02066E+03  1.41288E+02 -3.77858E+02  1.15273E+03  2.54258E+02 -1.60710E+02 -1.05018E+02 -1.87353E+02 -5.00291E+02  2.22391E+01 -1.80657E+00
 OMEGA(3,1)    5.74525E+01 -1.62807E+02  1.66474E+02 -9.27448E+01  4.29179E+02  3.86565E+02 -9.58335E+02  2.54258E+02  2.11902E+03 -6.08182E+01 -4.56255E+02 -1.27391E+03  2.35108E+02  2.18731E+02  5.66192E+01
 OMEGA(3,2)   -1.06934E+02  7.72504E+01  6.06420E+01 -4.57087E+01 -1.01469E+03 -3.50649E+02  1.90143E+02 -1.60710E+02 -6.08182E+01  1.31812E+03 -5.28552E+01  2.07070E+02 -1.09559E+03 -1.88610E+02  1.84594E+02
 OMEGA(3,3)    4.44228E+01  9.16864E+01 -9.47091E+00 -2.98571E+00 -1.91997E+02  2.36273E+01  7.76920E+01 -1.05018E+02 -4.56255E+02 -5.28552E+01  7.72288E+02  1.65341E+02  4.66931E+01 -8.67845E+02  1.79205E+02
 OMEGA(4,1)   -1.03013E+01  2.24376E+02 -9.82393E+01 -7.32015E+01  8.76018E+02 -4.24938E+02  5.82085E+01 -1.87353E+02 -1.27391E+03  2.07070E+02  1.65341E+02  2.40342E+03 -2.33947E+02 -9.76767E+01 -1.55689E+01
 OMEGA(4,2)    2.59626E+02  8.99156E+01 -1.30169E+02 -5.34207E+01  3.89331E+02  2.26185E+02 -3.51648E+02 -5.00291E+02  2.35108E+02 -1.09559E+03  4.66931E+01 -2.33947E+02  2.70148E+03 -4.08496E+01 -2.72712E+02
 OMEGA(4,3)   -5.24279E+01 -8.25242E+01  3.77808E+01 -2.48095E+02  3.62277E+02 -4.47275E+01  5.55119E+01  2.22391E+01  2.18731E+02 -1.88610E+02 -8.67845E+02 -9.76767E+01 -4.08496E+01  2.31063E+03 -1.34116E+03
 OMEGA(4,4)   -3.72676E+01 -4.51081E+01 -1.10653E+02  2.99676E+02  1.00406E+03 -1.19415E+02  8.64838E+01 -1.80657E+00  5.66192E+01  1.84594E+02  1.79205E+02 -1.55689E+01 -2.72712E+02 -1.34116E+03  1.78488E+03
TABLE NO.     2: Stochastic Approximation Expectation-Maximization (No Prior): Problem=1 Subproblem=0 Superproblem1=0 Iteration1=0 Superproblem2=0 Iteration2=0
 NAME         THETA1       THETA2       THETA3       THETA4       SIGMA(1,1)   OMEGA(1,1)   OMEGA(2,1)   OMEGA(2,2)   OMEGA(3,1)   OMEGA(3,2)   OMEGA(3,3)   OMEGA(4,1)   OMEGA(4,2)   OMEGA(4,3)   OMEGA(4,4)
 THETA1        4.88206E+02 -6.69119E+01 -4.96564E+01  2.20094E+01  6.38792E-01  1.70962E+02 -1.77523E+02 -8.46934E+00  4.23612E+01 -5.72415E+01  2.09311E+01  2.12097E+01  1.84686E+02 -1.42009E+01 -4.15576E+01
 THETA2       -6.69119E+01  3.99774E+02  1.57415E+01 -7.15735E+01 -4.48697E+02 -1.04771E+02 -6.26866E+01 -2.58448E+01 -1.24191E+02  8.89901E+00  8.90916E+01  1.43369E+02  7.92385E+01 -2.29209E+01 -6.02048E+01
 THETA3       -4.96564E+01  1.57415E+01  3.10641E+02 -1.84949E+02  2.50210E+01  1.31226E+01 -1.22751E+02  1.14300E+02  1.32686E+02  1.03485E+01  3.31577E+01 -6.03018E+01 -7.03761E+01 -2.21365E+01 -7.85649E+01
 THETA4        2.20094E+01 -7.15735E+01 -1.84949E+02  4.95556E+02  3.39361E+00  6.76737E+00  1.39499E+02  2.74177E+01 -5.34584E+01  2.76927E+01 -3.77252E+01 -6.01623E+01 -1.17260E+02 -1.64025E+02  2.49707E+02
 SIGMA(1,1)    6.38792E-01 -4.48697E+02  2.50210E+01  3.39361E+00  1.99586E+04  6.52733E+02  3.99731E+01  6.83215E+02  4.35453E+02 -1.19466E+02 -2.41376E+02  1.03144E+03  2.54407E+01  1.57414E+02  1.17680E+03
 OMEGA(1,1)    1.70962E+02 -1.04771E+02  1.31226E+01  6.76737E+00  6.52733E+02  1.64328E+03 -9.30463E+02  1.30825E+02  2.52627E+02 -2.73811E+02 -2.29783E+01 -2.58578E+02  1.64730E+02 -2.33532E+01 -1.35715E+02
 OMEGA(2,1)   -1.77523E+02 -6.26866E+01 -1.22751E+02  1.39499E+02  3.99731E+01 -9.30463E+02  2.51820E+03 -3.34625E+02 -5.61864E+02  1.76161E+02  5.59878E+01 -1.24540E+02 -2.55750E+02  4.41684E+01  1.08123E+02
 OMEGA(2,2)   -8.46934E+00 -2.58448E+01  1.14300E+02  2.74177E+01  6.83215E+02  1.30825E+02 -3.34625E+02  9.69472E+02  2.14263E+02  1.79268E+01 -4.50209E+01 -1.20724E+02 -5.35231E+02 -3.56790E+01  3.44727E+00
 OMEGA(3,1)    4.23612E+01 -1.24191E+02  1.32686E+02 -5.34584E+01  4.35453E+02  2.52627E+02 -5.61864E+02  2.14263E+02  1.71339E+03  5.11221E+01 -4.20568E+02 -1.02064E+03  1.53298E+02  2.84361E+02 -2.18021E+01
 OMEGA(3,2)   -5.72415E+01  8.89901E+00  1.03485E+01  2.76927E+01 -1.19466E+02 -2.73811E+02  1.76161E+02  1.79268E+01  5.11221E+01  8.54454E+02 -3.56003E+01  1.17334E+02 -7.39974E+02 -1.89788E+02  2.04424E+02
 OMEGA(3,3)    2.09311E+01  8.90916E+01  3.31577E+01 -3.77252E+01 -2.41376E+02 -2.29783E+01  5.59878E+01 -4.50209E+01 -4.20568E+02 -3.56003E+01  6.57613E+02  1.97716E+02 -2.93830E+01 -6.77581E+02  1.12611E+02
 OMEGA(4,1)    2.12097E+01  1.43369E+02 -6.03018E+01 -6.01623E+01  1.03144E+03 -2.58578E+02 -1.24540E+02 -1.20724E+02 -1.02064E+03  1.17334E+02  1.97716E+02  2.19555E+03 -1.71609E+02 -2.75575E+02  4.58473E+01
 OMEGA(4,2)    1.84686E+02  7.92385E+01 -7.03761E+01 -1.17260E+02  2.54407E+01  1.64730E+02 -2.55750E+02 -5.35231E+02  1.53298E+02 -7.39974E+02 -2.93830E+01 -1.71609E+02  2.22992E+03  1.90133E+02 -3.75487E+02
 OMEGA(4,3)   -1.42009E+01 -2.29209E+01 -2.21365E+01 -1.64025E+02  1.57414E+02 -2.33532E+01  4.41684E+01 -3.56790E+01  2.84361E+02 -1.89788E+02 -6.77581E+02 -2.75575E+02  1.90133E+02  1.81260E+03 -1.02859E+03
 OMEGA(4,4)   -4.15576E+01 -6.02048E+01 -7.85649E+01  2.49707E+02  1.17680E+03 -1.35715E+02  1.08123E+02  3.44727E+00 -2.18021E+01  2.04424E+02  1.12611E+02  4.58473E+01 -3.75487E+02 -1.02859E+03  1.63122E+03
TABLE NO.     3: Objective Function Evaluation by Importance Sampling (No Prior): Problem=1 Subproblem=0 Superproblem1=0 Iteration1=0 Superproblem2=0 Iteration2=0
 NAME         THETA1       THETA2       THETA3       THETA4       SIGMA(1,1)   OMEGA(1,1)   OMEGA(2,1)   OMEGA(2,2)   OMEGA(3,1)   OMEGA(3,2)   OMEGA(3,3)   OMEGA(4,1)   OMEGA(4,2)   OMEGA(4,3)   OMEGA(4,4)
 THETA1        4.92043E+02 -6.91812E+01 -5.36784E+01  1.92991E+01 -5.53080E+01 -5.73178E+00 -2.60840E+01  5.43948E+00 -4.03187E+01  2.04536E+01  3.21704E+00 -1.66436E+01  5.40079E+00 -1.27412E+01 -5.95820E+00
 THETA2       -6.91812E+01  3.91543E+02  1.66916E+01 -7.24791E+01 -1.07291E+02 -3.07171E+01 -4.82969E+01  4.36284E+01 -4.95371E+01 -1.18314E+02  3.77475E+01 -3.66364E+01  9.03044E+01  2.23196E+01 -5.66855E+01
 THETA3       -5.36784E+01  1.66916E+01  3.08389E+02 -1.94585E+02 -4.48109E+01 -2.44568E+01 -4.68744E+01  7.07895E+01  9.47483E+01 -9.30038E+01 -3.75064E+01 -7.11048E+01 -3.69962E+01  6.32645E+00  4.17608E+01
 THETA4        1.92991E+01 -7.24791E+01 -1.94585E+02  4.96703E+02 -1.29144E+02 -1.09323E+01 -3.84342E+01  3.29862E+01 -6.32927E+01  8.05727E+01 -2.19013E+01  1.43625E+00 -8.85732E+01  5.34159E+01 -3.51271E+01
 SIGMA(1,1)   -5.53080E+01 -1.07291E+02 -4.48109E+01 -1.29144E+02  2.40020E+04  1.95681E+02  1.11445E+02  1.08367E+03  1.75866E+02  2.12451E+01  5.66497E+02  6.01947E+02 -4.57416E+02  4.23868E+02  6.58403E+02
 OMEGA(1,1)   -5.73178E+00 -3.07171E+01 -2.44568E+01 -1.09323E+01  1.95681E+02  1.33049E+03 -4.77643E+02  7.96184E+01 -2.63559E+02  7.65901E+00  2.21046E+00  7.78584E+01 -1.36455E+01 -2.07627E+00 -8.67611E+00
 OMEGA(2,1)   -2.60840E+01 -4.82969E+01 -4.68744E+01 -3.84342E+01  1.11445E+02 -4.77643E+02  2.38126E+03 -3.05575E+02  6.79094E+00 -2.56818E+02 -3.17970E+01 -5.11059E+02  1.46890E+02  2.47491E+01 -9.43012E+00
 OMEGA(2,2)    5.43948E+00  4.36284E+01  7.07895E+01  3.29862E+01  1.08367E+03  7.96184E+01 -3.05575E+02  9.92243E+02  3.24415E+01  1.48132E+02  4.63233E+01  9.44394E+01 -4.27055E+02 -3.36487E+00  1.24406E+01
 OMEGA(3,1)   -4.03187E+01 -4.95371E+01  9.47483E+01 -6.32927E+01  1.75866E+02 -2.63559E+02  6.79094E+00  3.24415E+01  1.69960E+03 -1.95343E+02 -1.57539E+02 -1.01133E+03  1.64198E+02  1.13129E+02 -6.91546E+01
 OMEGA(3,2)    2.04536E+01 -1.18314E+02 -9.30038E+01  8.05727E+01  2.12451E+01  7.65901E+00 -2.56818E+02  1.48132E+02 -1.95343E+02  1.10547E+03  5.06449E+01  1.86890E+02 -6.97766E+02 -1.80896E+02  1.52563E+02
 OMEGA(3,3)    3.21704E+00  3.77475E+01 -3.75064E+01 -2.19013E+01  5.66497E+02  2.21046E+00 -3.17970E+01  4.63233E+01 -1.57539E+02  5.06449E+01  5.07534E+02  9.89015E+01 -4.35855E+01 -6.74199E+02  2.23694E+02
 OMEGA(4,1)   -1.66436E+01 -3.66364E+01 -7.11048E+01  1.43625E+00  6.01947E+02  7.78584E+01 -5.11059E+02  9.44394E+01 -1.01133E+03  1.86890E+02  9.89015E+01  2.61818E+03 -4.26374E+02 -3.40223E+02  1.24348E+02
 OMEGA(4,2)    5.40079E+00  9.03044E+01 -3.69962E+01 -8.85732E+01 -4.57416E+02 -1.36455E+01  1.46890E+02 -4.27055E+02  1.64198E+02 -6.97766E+02 -4.35855E+01 -4.26374E+02  2.26163E+03  1.21173E+02 -5.06812E+02
 OMEGA(4,3)   -1.27412E+01  2.23196E+01  6.32645E+00  5.34159E+01  4.23868E+02 -2.07627E+00  2.47491E+01 -3.36487E+00  1.13129E+02 -1.80896E+02 -6.74199E+02 -3.40223E+02  1.21173E+02  2.19226E+03 -1.02526E+03
 OMEGA(4,4)   -5.95820E+00 -5.66855E+01  4.17608E+01 -3.51271E+01  6.58403E+02 -8.67611E+00 -9.43012E+00  1.24406E+01 -6.91546E+01  1.52563E+02  2.23694E+02  1.24348E+02 -5.06812E+02 -1.02526E+03  1.37885E+03
TABLE NO.     4: MCMC Bayesian Analysis: Problem=1 Subproblem=0 Superproblem1=0 Iteration1=0 Superproblem2=0 Iteration2=0
 NAME         THETA1       THETA2       THETA3       THETA4       SIGMA(1,1)   OMEGA(1,1)   OMEGA(2,1)   OMEGA(2,2)   OMEGA(3,1)   OMEGA(3,2)   OMEGA(3,3)   OMEGA(4,1)   OMEGA(4,2)   OMEGA(4,3)   OMEGA(4,4)
 THETA1        4.64011E+02 -5.38018E+01 -5.88897E+01  1.39925E+01 -1.53777E+01 -5.30162E+00 -1.53533E+01  1.63134E+00 -2.45327E+01  7.45195E+00  3.23033E-01  9.09799E+00  1.25881E+00 -5.47229E+00  6.71441E+00
 THETA2       -5.38018E+01  3.47053E+02  2.07736E+01 -5.17504E+01 -1.64485E+02 -2.79993E+01 -3.28031E+01  2.76578E+01 -4.51140E+01 -6.12593E+01  2.28505E+01 -2.99263E+01  6.69657E+01  9.91030E+00 -4.62970E+01
 THETA3       -5.88897E+01  2.07736E+01  2.85372E+02 -1.80872E+02 -1.02869E+02 -2.37181E+01 -3.07731E+01  5.59538E+01  8.53930E+01 -7.16055E+01 -2.41285E+01 -6.81415E+01 -3.97707E+01  2.43641E+01  3.79892E+01
 THETA4        1.39925E+01 -5.17504E+01 -1.80872E+02  4.58694E+02 -1.55310E+02 -4.95509E+00 -3.03725E+01  3.57723E+01 -2.38194E+01  5.27356E+01 -3.02795E+01 -1.69324E+00 -9.98644E+01  9.29035E+01 -3.07910E+01
 SIGMA(1,1)   -1.53777E+01 -1.64485E+02 -1.02869E+02 -1.55310E+02  2.12984E+04  1.88699E+02  7.91816E+01  7.06873E+02 -6.83338E+01 -7.02368E+01  5.05678E+02  3.26706E+02 -2.22045E+02  4.82648E+02  4.74068E+02
 OMEGA(1,1)   -5.30162E+00 -2.79993E+01 -2.37181E+01 -4.95509E+00  1.88699E+02  1.13832E+03 -2.73563E+02  3.19501E+01 -3.02981E+02  2.04215E+01  2.02632E+00  3.08023E+01 -1.07674E+01  1.98169E+01 -1.37643E+01
 OMEGA(2,1)   -1.53533E+01 -3.28031E+01 -3.07731E+01 -3.03725E+01  7.91816E+01 -2.73563E+02  1.80227E+03 -1.37409E+02  3.16170E+01 -2.34527E+02 -1.53052E+01 -3.68588E+02  1.56943E+02  3.78729E+01 -4.16069E+01
 OMEGA(2,2)    1.63134E+00  2.76578E+01  5.59538E+01  3.57723E+01  7.06873E+02  3.19501E+01 -1.37409E+02  6.97428E+02  3.64737E+01  3.29912E+01  3.96792E+01  9.59045E+01 -2.52799E+02 -2.18774E+00 -6.47371E+00
 OMEGA(3,1)   -2.45327E+01 -4.51140E+01  8.53930E+01 -2.38194E+01 -6.83338E+01 -3.02981E+02  3.16170E+01  3.64737E+01  1.61820E+03 -1.19616E+02 -2.09015E+02 -8.58763E+02  3.68213E+01  1.71747E+02 -3.54968E+01
 OMEGA(3,2)    7.45195E+00 -6.12593E+01 -7.16055E+01  5.27356E+01 -7.02368E+01  2.04215E+01 -2.34527E+02  3.29912E+01 -1.19616E+02  1.04621E+03 -2.42621E+01  1.53443E+02 -5.17511E+02 -1.45451E+02  1.17410E+02
 OMEGA(3,3)    3.23033E-01  2.28505E+01 -2.41285E+01 -3.02795E+01  5.05678E+02  2.02632E+00 -1.53052E+01  3.96792E+01 -2.09015E+02 -2.42621E+01  5.01058E+02  1.31090E+02 -3.53146E+01 -5.64970E+02  1.46492E+02
 OMEGA(4,1)    9.09799E+00 -2.99263E+01 -6.81415E+01 -1.69324E+00  3.26706E+02  3.08023E+01 -3.68588E+02  9.59045E+01 -8.58763E+02  1.53443E+02  1.31090E+02  2.26110E+03 -2.92986E+02 -4.07972E+02  1.04610E+02
 OMEGA(4,2)    1.25881E+00  6.69657E+01 -3.97707E+01 -9.98644E+01 -2.22045E+02 -1.07674E+01  1.56943E+02 -2.52799E+02  3.68213E+01 -5.17511E+02 -3.53146E+01 -2.92986E+02  1.88336E+03  5.99774E+01 -3.53018E+02
 OMEGA(4,3)   -5.47229E+00  9.91030E+00  2.43641E+01  9.29035E+01  4.82648E+02  1.98169E+01  3.78729E+01 -2.18774E+00  1.71747E+02 -1.45451E+02 -5.64970E+02 -4.07972E+02  5.99774E+01  1.86743E+03 -7.98289E+02
 OMEGA(4,4)    6.71441E+00 -4.62970E+01  3.79892E+01 -3.07910E+01  4.74068E+02 -1.37643E+01 -4.16069E+01 -6.47371E+00 -3.54968E+01  1.17410E+02  1.46492E+02  1.04610E+02 -3.53018E+02 -7.98289E+02  1.11828E+03
TABLE NO.     5: First Order Conditional Estimation with Interaction (No Prior): Problem=1 Subproblem=0 Superproblem1=0 Iteration1=0 Superproblem2=0 Iteration2=0
 NAME         THETA1       THETA2       THETA3       THETA4       SIGMA(1,1)   OMEGA(1,1)   OMEGA(2,1)   OMEGA(2,2)   OMEGA(3,1)   OMEGA(3,2)   OMEGA(3,3)   OMEGA(4,1)   OMEGA(4,2)   OMEGA(4,3)   OMEGA(4,4)
 THETA1        4.97881E+02 -5.32505E+01 -5.93916E+01  9.02020E+00 -2.62282E+02 -9.78757E+00 -3.42882E+01 -1.49098E+01 -2.55378E+01  2.41607E+01 -6.57107E+00 -1.57082E+01  1.12802E+01 -2.18422E+01 -1.47909E+01
 THETA2       -5.32505E+01  4.24621E+02 -1.99816E+01 -5.47556E+01 -1.50724E+02 -3.32963E+01 -3.44891E+01 -5.86399E+01 -7.41498E+01 -3.99246E+01  4.85851E+01 -4.22569E+01  1.09036E+02 -8.44389E+00 -6.25921E+01
 THETA3       -5.93916E+01 -1.99816E+01  3.39417E+02 -2.17074E+02 -2.45426E+01 -2.25556E+01 -6.09379E+01  7.63263E+01  1.06952E+02 -8.05188E+01 -6.82793E+01 -6.48702E+01 -6.71508E+01  1.87676E+01  3.62774E+01
 THETA4        9.02020E+00 -5.47556E+01 -2.17074E+02  5.23214E+02 -2.00095E+02 -1.47366E+01 -4.45234E+01  1.84145E+01 -4.77757E+01  5.22755E+01 -3.45459E+01 -2.71892E+01 -6.65062E+01  4.34928E+01 -3.26459E+01
 SIGMA(1,1)   -2.62282E+02 -1.50724E+02 -2.45426E+01 -2.00095E+02  2.10485E+04 -5.28158E+01  7.10599E+02  1.57143E+03  2.58045E+02 -8.81946E+02  8.77772E+02  7.61803E+02 -2.23079E+02  4.20110E+02  6.82798E+02
 OMEGA(1,1)   -9.78757E+00 -3.32963E+01 -2.25556E+01 -1.47366E+01 -5.28158E+01  1.37398E+03 -3.10729E+02  5.02002E+01 -3.52174E+02  4.61257E+00  1.25616E+01 -1.45967E-01 -1.04651E+01  1.95508E+00 -8.10768E+00
 OMEGA(2,1)   -3.42882E+01 -3.44891E+01 -6.09379E+01 -4.45234E+01  7.10599E+02 -3.10729E+02  2.49288E+03 -1.69649E+02 -2.06501E+02 -3.80985E+02  1.04532E+01 -4.09546E+02  1.14981E+02  4.16560E+01 -1.16757E+01
 OMEGA(2,2)   -1.49098E+01 -5.86399E+01  7.63263E+01  1.84145E+01  1.57143E+03  5.02002E+01 -1.69649E+02  9.94885E+02 -9.52032E+00 -2.86474E+01  5.77591E+01  5.32347E+01 -2.97532E+02 -1.52429E+00 -9.70682E+00
 OMEGA(3,1)   -2.55378E+01 -7.41498E+01  1.06952E+02 -4.77757E+01  2.58045E+02 -3.52174E+02 -2.06501E+02 -9.52032E+00  1.98411E+03 -7.65896E+01 -1.97556E+02 -1.17046E+03  1.89628E+02  6.79076E+01 -3.36653E+01
 OMEGA(3,2)    2.41607E+01 -3.99246E+01 -8.05188E+01  5.22755E+01 -8.81946E+02  4.61257E+00 -3.80985E+02 -2.86474E+01 -7.65896E+01  1.52948E+03 -2.19636E+02  1.77574E+02 -8.91904E+02  4.94628E+01  1.43026E+02
 OMEGA(3,3)   -6.57107E+00  4.85851E+01 -6.82793E+01 -3.45459E+01  8.77772E+02  1.25616E+01  1.04532E+01  5.77591E+01 -1.97556E+02 -2.19636E+02  6.75427E+02  1.32000E+02  1.16555E+02 -8.75728E+02  2.46498E+02
 OMEGA(4,1)   -1.57082E+01 -4.22569E+01 -6.48702E+01 -2.71892E+01  7.61803E+02 -1.45967E-01 -4.09546E+02  5.32347E+01 -1.17046E+03  1.77574E+02  1.32000E+02  2.83089E+03 -3.58184E+02 -3.66891E+02  3.56842E+01
 OMEGA(4,2)    1.12802E+01  1.09036E+02 -6.71508E+01 -6.65062E+01 -2.23079E+02 -1.04651E+01  1.14981E+02 -2.97532E+02  1.89628E+02 -8.91904E+02  1.16555E+02 -3.58184E+02  2.50548E+03 -1.63524E+02 -4.39632E+02
 OMEGA(4,3)   -2.18422E+01 -8.44389E+00  1.87676E+01  4.34928E+01  4.20110E+02  1.95508E+00  4.16560E+01 -1.52429E+00  6.79076E+01  4.94628E+01 -8.75728E+02 -3.66891E+02 -1.63524E+02  2.57111E+03 -1.16217E+03
 OMEGA(4,4)   -1.47909E+01 -6.25921E+01  3.62774E+01 -3.26459E+01  6.82798E+02 -8.10768E+00 -1.16757E+01 -9.70682E+00 -3.36653E+01  1.43026E+02  2.46498E+02  3.56842E+01 -4.39632E+02 -1.16217E+03  1.50956E+03
