TABLE NO.     1: Iterative Two Stage (No Prior): Problem=1 Subproblem=0 Superproblem1=0 Iteration1=0 Superproblem2=0 Iteration2=0
 NAME         THETA1       THETA2       THETA3       THETA4       THETA5       THETA6       THETA7       THETA8       SIGMA(1,1)   SIGMA(2,1)   SIGMA(2,2)   OMEGA(1,1)   OMEGA(2,1)   OMEGA(2,2)   OMEGA(3,1)   OMEGA(3,2)   OMEGA(3,3)   OMEGA(4,1)   OMEGA(4,2)   OMEGA(4,3)   OMEGA(4,4)   OMEGA(5,1)   OMEGA(5,2)   OMEGA(5,3)   OMEGA(5,4)   OMEGA(5,5)   OMEGA(6,1)   OMEGA(6,2)   OMEGA(6,3)   OMEGA(6,4)   OMEGA(6,5)   OMEGA(6,6)   OMEGA(7,1)   OMEGA(7,2)   OMEGA(7,3)   OMEGA(7,4)   OMEGA(7,5)   OMEGA(7,6)   OMEGA(7,7)   OMEGA(8,1)   OMEGA(8,2)   OMEGA(8,3)   OMEGA(8,4)   OMEGA(8,5)   OMEGA(8,6)   OMEGA(8,7)   OMEGA(8,8)
 THETA1        3.47695E-01 -4.12980E-01  3.81612E-01  7.43827E-01 -7.28187E-01 -6.52204E-01 -2.89830E-01  7.87333E-01  8.18454E-01  0.00000E+00  8.95146E-02 -5.74600E-01 -2.74328E-01 -2.87474E-01 -2.96537E-01  1.56565E-01  7.04435E-01 -2.66127E-01 -2.72218E-01  3.66163E-01 -4.21866E-01  2.47708E-01  9.70086E-02  9.42793E-03 -3.85438E-01 -6.00028E-01 -4.34799E-01 -4.23521E-01  3.15238E-01 -3.76490E-01 -2.92133E-01 -5.95259E-01  5.64285E-02 -3.68740E-01 -5.40574E-01 -3.33173E-01  1.25649E-02  4.13130E-01 -1.69246E-01 -4.37794E-01 -7.33719E-01  4.67972E-01 -6.44943E-01  5.10225E-01  8.41735E-01  3.07769E-01 -6.12648E-01
 THETA2       -4.12980E-01  2.22940E-01 -2.85473E-01 -3.54664E-01  5.42593E-01  3.57425E-01 -1.18992E-01 -4.63069E-01 -5.84485E-01  0.00000E+00 -6.05383E-01  1.65952E-01  6.08465E-01 -3.51080E-01 -3.71094E-01  2.02541E-01 -6.26242E-01 -1.68988E-01 -1.01312E-01 -5.85175E-01 -2.73199E-01 -1.85541E-01  3.28767E-03  2.87957E-01  6.41477E-01  4.96448E-01  5.70422E-01  6.47649E-01  9.85738E-02 -1.55134E-01  5.91109E-01  4.15766E-01 -7.09615E-02  7.01505E-01  4.61639E-01  4.17100E-01 -8.17787E-02 -7.34045E-01  3.11658E-01  3.84203E-01  4.89995E-01 -5.87612E-01  1.08720E-01 -4.01672E-01 -2.89338E-01  1.85906E-01  6.09495E-01
 THETA3        3.81612E-01 -2.85473E-01  2.29943E-01 -3.68450E-02 -3.75099E-02 -3.05927E-01  2.64463E-01  2.16920E-01  1.62216E-01  0.00000E+00  2.59928E-01 -6.02356E-01  2.93264E-02 -5.41939E-01  1.18699E-01  5.18918E-01  5.16146E-02  1.74691E-01 -4.46451E-01  3.68360E-01  3.59435E-01 -1.22913E-01 -5.22045E-02 -4.37632E-01 -3.33912E-01 -2.10239E-01 -5.50273E-02 -5.21230E-01 -4.05370E-01 -2.41271E-03 -5.92679E-01 -2.52070E-01 -5.78215E-01 -1.45912E-01 -6.59727E-01 -1.13061E-01 -6.06791E-01  2.75503E-01 -1.54996E-01 -7.64931E-01 -5.12229E-01  1.01247E-01 -6.09092E-01 -2.69889E-01  1.96165E-01 -3.08818E-01 -6.06681E-01
 THETA4        7.43827E-01 -3.54664E-01 -3.68450E-02  3.09409E-01 -7.39780E-01 -4.63935E-01 -4.79230E-01  7.87898E-01  8.58789E-01  0.00000E+00  1.93505E-02 -2.03835E-01 -4.01655E-01  1.21020E-02 -2.44078E-01 -2.64404E-01  7.00300E-01 -4.53060E-01  4.97148E-02  3.26751E-01 -4.74961E-01  3.81855E-01 -6.58381E-02  1.26126E-01 -3.35140E-01 -6.19260E-01 -5.05568E-01 -2.68857E-01  3.71186E-01 -3.37958E-01 -2.12605E-01 -5.49086E-01  4.80258E-01 -4.37050E-01 -2.64798E-01 -2.14296E-01  3.42753E-01  3.00212E-01 -5.74780E-02 -1.25055E-02 -5.83611E-01  4.40899E-01 -2.61709E-01  6.96906E-01  7.52886E-01  5.85615E-01 -3.17961E-01
 THETA5       -7.28187E-01  5.42593E-01 -3.75099E-02 -7.39780E-01  2.14534E-01  5.74098E-01  3.63943E-01 -7.17491E-01 -7.93877E-01  0.00000E+00 -2.34628E-01  3.76041E-01  4.67633E-01 -1.38280E-01  1.54120E-01  1.89861E-01 -7.96573E-01  2.06805E-01 -3.79025E-02 -3.78574E-01  3.10487E-01 -2.21631E-01 -4.35030E-02 -2.99610E-02  4.81677E-01  6.17890E-01  5.35049E-01  4.72807E-01 -4.38074E-01  2.67683E-01  1.97146E-01  5.41227E-01 -2.04737E-01  5.91248E-01  2.95849E-01  4.67654E-01 -1.48312E-01 -6.19869E-01  1.68318E-01  2.91815E-01  5.58173E-01 -5.28905E-01  2.86338E-01 -5.94648E-01 -7.10895E-01 -1.79513E-01  5.85564E-01
 THETA6       -6.52204E-01  3.57425E-01 -3.05927E-01 -4.63935E-01  5.74098E-01  2.66043E-01  2.70457E-01 -5.54059E-01 -5.62115E-01  0.00000E+00 -1.70386E-01  3.89483E-01  2.91691E-01  2.44692E-01  1.06927E-01 -1.79091E-01 -5.13872E-01 -1.50311E-01  3.85160E-01 -5.68978E-01  7.84163E-02  2.07276E-01 -9.80128E-02  4.10277E-01  6.04029E-01  4.18998E-01  1.81701E-01  6.29415E-01 -4.33681E-01  3.18447E-01  2.70906E-01  6.64342E-01  2.01227E-02  2.10476E-01  4.87793E-01  4.09448E-01  4.46004E-02 -4.30672E-01  3.99535E-02  5.25652E-01  5.00433E-01 -2.10542E-01  4.24407E-01 -2.46195E-01 -5.98376E-01  2.89957E-02  6.62547E-01
 THETA7       -2.89830E-01 -1.18992E-01  2.64463E-01 -4.79230E-01  3.63943E-01  2.70457E-01  1.50226E-01 -1.85589E-01 -3.38958E-01  0.00000E+00  3.01902E-01  2.32561E-02 -8.88431E-02  6.65736E-02  2.86746E-01  2.11733E-01 -2.39525E-01  5.16607E-01 -2.69443E-01  2.47619E-01  3.45002E-01 -3.13857E-01  2.30343E-01 -3.31900E-01 -7.42769E-02  1.69239E-01  1.26002E-01 -1.17716E-01 -5.60837E-01  5.56176E-01 -3.86844E-01  1.98722E-01 -3.11765E-01  8.31287E-02 -2.68842E-01  4.11190E-01 -2.21479E-01 -4.52357E-02 -3.76940E-01 -1.84533E-01  3.32731E-02 -9.99414E-02  1.21296E-01 -2.51575E-01 -4.09453E-01 -4.88906E-01 -6.58200E-02
 THETA8        7.87333E-01 -4.63069E-01  2.16920E-01  7.87898E-01 -7.17491E-01 -5.54059E-01 -1.85589E-01  3.80053E-01  8.70074E-01  0.00000E+00  3.72475E-01 -3.23904E-01 -6.39083E-01  1.11593E-01 -2.18065E-03 -2.45751E-01  8.85178E-01 -2.57833E-01 -1.30252E-01  5.54361E-01 -3.06364E-01  1.77526E-01  5.30971E-02 -1.34818E-01 -6.20300E-01 -8.25610E-01 -3.42211E-01 -4.52327E-01  2.65807E-01 -2.29768E-02 -4.10233E-01 -5.69388E-01  4.00769E-01 -5.79465E-01 -4.98025E-01 -2.08074E-01  3.21536E-01  4.25974E-01 -4.37061E-01 -2.53610E-01 -8.32800E-01  6.07935E-01 -4.45391E-01  7.17107E-01  8.26436E-01  3.12193E-01 -6.24867E-01
 SIGMA(1,1)    8.18454E-01 -5.84485E-01  1.62216E-01  8.58789E-01 -7.93877E-01 -5.62115E-01 -3.38958E-01  8.70074E-01  3.42769E-03  0.00000E+00  2.61731E-01 -3.33345E-01 -5.26358E-01  6.99035E-02 -6.27101E-02 -2.72774E-01  8.42037E-01 -3.36605E-01  2.49148E-03  4.58704E-01 -3.02016E-01  3.46855E-01  1.67186E-02 -3.71796E-02 -5.18404E-01 -6.95697E-01 -4.99457E-01 -4.72334E-01  2.94854E-01 -1.67041E-01 -3.61564E-01 -6.31691E-01  3.30594E-01 -5.82392E-01 -4.02859E-01 -3.26918E-01  3.20701E-01  4.64178E-01 -2.92278E-01 -2.58038E-01 -7.05098E-01  6.16187E-01 -3.92476E-01  7.11406E-01  7.78355E-01  3.31102E-01 -5.71765E-01
 SIGMA(2,1)    0.00000E+00  0.00000E+00  0.00000E+00  0.00000E+00  0.00000E+00  0.00000E+00  0.00000E+00  0.00000E+00  0.00000E+00  0.00000E+00  0.00000E+00  0.00000E+00  0.00000E+00  0.00000E+00  0.00000E+00  0.00000E+00  0.00000E+00  0.00000E+00  0.00000E+00  0.00000E+00  0.00000E+00  0.00000E+00  0.00000E+00  0.00000E+00  0.00000E+00  0.00000E+00  0.00000E+00  0.00000E+00  0.00000E+00  0.00000E+00  0.00000E+00  0.00000E+00  0.00000E+00  0.00000E+00  0.00000E+00  0.00000E+00  0.00000E+00  0.00000E+00  0.00000E+00  0.00000E+00  0.00000E+00  0.00000E+00  0.00000E+00  0.00000E+00  0.00000E+00  0.00000E+00  0.00000E+00
 SIGMA(2,2)    8.95146E-02 -6.05383E-01  2.59928E-01  1.93505E-02 -2.34628E-01 -1.70386E-01  3.01902E-01  3.72475E-01  2.61731E-01  0.00000E+00  4.27225E-03 -8.78336E-02 -7.61369E-01  5.15752E-01  6.54555E-01 -3.34087E-01  5.26397E-01  3.64018E-01 -9.23067E-02  5.77707E-01  3.91865E-01 -1.16482E-01  6.42400E-04 -2.88495E-01 -7.02750E-01 -6.09033E-01 -3.36419E-01 -6.52355E-01 -4.02527E-01  5.15118E-01 -5.52899E-01 -1.33583E-01  8.63467E-02 -6.24716E-01 -3.96937E-01 -1.34244E-01  2.34318E-01  4.40560E-01 -5.22279E-01 -3.46274E-01 -5.32151E-01  5.71932E-01  2.94970E-02  3.04797E-01 -3.00268E-02 -3.55856E-01 -5.76028E-01
 OMEGA(1,1)   -5.74600E-01  1.65952E-01 -6.02356E-01 -2.03835E-01  3.76041E-01  3.89483E-01  2.32561E-02 -3.23904E-01 -3.33345E-01  0.00000E+00 -8.78336E-02  1.50269E-01 -1.22610E-01  4.93789E-01  4.31427E-01 -5.22184E-01 -2.33674E-01  4.36663E-02  3.07776E-01 -1.66569E-01  1.36309E-01  1.83794E-02  4.93816E-02  7.71795E-02  1.87310E-01  3.73692E-01  1.79866E-01  3.86891E-01  3.36325E-03  3.12148E-01  2.45069E-01  1.84820E-01  5.84570E-01  2.09806E-01  5.80994E-01  3.42014E-01  4.99821E-01 -3.93665E-01  5.50293E-02  7.21459E-01  5.15060E-01 -3.70989E-02  5.84706E-01  1.10791E-01 -4.39761E-01  1.71366E-01  6.06733E-01
 OMEGA(2,1)   -2.74328E-01  6.08465E-01  2.93264E-02 -4.01655E-01  4.67633E-01  2.91691E-01 -8.88431E-02 -6.39083E-01 -5.26358E-01  0.00000E+00 -7.61369E-01 -1.22610E-01  2.22245E-01 -6.75762E-01 -5.64143E-01  5.29254E-01 -7.62554E-01 -1.81092E-01  8.35416E-02 -6.69035E-01 -7.28122E-02  3.87331E-02 -2.14522E-01  2.08763E-01  7.51589E-01  7.06931E-01  3.46542E-01  5.41909E-01  5.01838E-02 -5.03304E-01  4.37175E-01  3.65292E-01 -4.89195E-01  6.31449E-01  3.33233E-01  7.89682E-02 -5.46078E-01 -4.16780E-01  6.04633E-01  1.60332E-01  5.76908E-01 -6.81113E-01 -4.24702E-02 -7.00750E-01 -2.60089E-01  9.12125E-02  5.31332E-01
 OMEGA(2,2)   -2.87474E-01 -3.51080E-01 -5.41939E-01  1.21020E-02 -1.38280E-01  2.44692E-01  6.65736E-02  1.11593E-01  6.99035E-02  0.00000E+00  5.15752E-01  4.93789E-01 -6.75762E-01  2.80208E-01  5.27972E-01 -7.56292E-01  3.87924E-01  7.61166E-02  4.53211E-01  1.35305E-01  1.44859E-01  1.20376E-01  7.26689E-02  1.10634E-01 -2.96467E-01 -2.52870E-01 -2.31146E-01 -5.17659E-02 -2.79547E-02  5.35489E-01 -1.72671E-02  1.25539E-01  5.14618E-01 -4.91543E-01  2.59699E-01 -7.06652E-02  6.15599E-01  2.45162E-01 -3.46129E-01  3.16541E-01  7.86422E-02  3.96336E-01  5.42838E-01  4.80637E-01 -1.86866E-01 -1.37858E-01  1.04689E-02
 OMEGA(3,1)   -2.96537E-01 -3.71094E-01  1.18699E-01 -2.44078E-01  1.54120E-01  1.06927E-01  2.86746E-01 -2.18065E-03 -6.27101E-02  0.00000E+00  6.54555E-01  4.31427E-01 -5.64143E-01  5.27972E-01  1.05353E-01 -4.99987E-01  1.37398E-01  3.51030E-01  1.66865E-02  3.93448E-01  6.27407E-01 -1.10463E-01  4.77464E-02 -3.58856E-01 -4.06481E-01 -1.14815E-01 -2.41910E-02 -3.57577E-01 -4.58361E-01  6.46120E-01 -4.17832E-01 -3.81175E-02  1.87761E-01 -3.37673E-01 -3.42009E-03  9.59721E-02  2.65560E-01  1.45613E-01 -4.24506E-01 -9.10044E-02 -6.95381E-02  4.15242E-01  2.44127E-01  1.47105E-01 -3.55719E-01 -4.17939E-01 -2.06053E-01
 OMEGA(3,2)    1.56565E-01  2.02541E-01  5.18918E-01 -2.64404E-01  1.89861E-01 -1.79091E-01  2.11733E-01 -2.45751E-01 -2.72774E-01  0.00000E+00 -3.34087E-01 -5.22184E-01  5.29254E-01 -7.56292E-01 -4.99987E-01  1.23323E-01 -3.81795E-01  2.50181E-01 -5.54420E-01 -1.98931E-02 -8.77529E-02 -3.32468E-01  2.12043E-01 -1.56524E-01  1.63904E-01  2.55574E-01  2.10142E-01 -4.41326E-03 -6.41678E-02 -2.60972E-01 -1.71850E-02  2.26057E-02 -6.67919E-01  4.77662E-01 -4.43510E-01  4.11289E-03 -7.14610E-01 -6.65262E-02  2.28155E-01 -4.38693E-01 -2.97729E-02 -4.02941E-01 -4.80502E-01 -5.28146E-01  2.99538E-02 -1.66585E-01 -1.07746E-01
 OMEGA(3,3)    7.04435E-01 -6.26242E-01  5.16146E-02  7.00300E-01 -7.96573E-01 -5.13872E-01 -2.39525E-01  8.85178E-01  8.42037E-01  0.00000E+00  5.26397E-01 -2.33674E-01 -7.62554E-01  3.87924E-01  1.37398E-01 -3.81795E-01  1.79986E-01 -1.94137E-01  3.83128E-02  5.06588E-01 -2.22471E-01  2.73651E-01  5.57820E-02 -7.49125E-03 -6.64540E-01 -8.34272E-01 -5.14178E-01 -4.85636E-01  3.00615E-01  2.28971E-02 -3.46390E-01 -4.76558E-01  4.30864E-01 -7.21752E-01 -3.61621E-01 -4.24697E-01  4.39642E-01  5.95070E-01 -4.25415E-01 -2.26178E-01 -7.36821E-01  7.83555E-01 -2.79721E-01  8.01955E-01  7.21213E-01  1.89461E-01 -6.38636E-01
 OMEGA(4,1)   -2.66127E-01 -1.68988E-01  1.74691E-01 -4.53060E-01  2.06805E-01 -1.50311E-01  5.16607E-01 -2.57833E-01 -3.36605E-01  0.00000E+00  3.64018E-01  4.36663E-02 -1.81092E-01  7.61166E-02  3.51030E-01  2.50181E-01 -1.94137E-01  8.67476E-02 -5.26114E-01  4.43507E-01  3.60370E-01 -6.91414E-01  3.23305E-01 -4.66495E-01 -2.66873E-01  4.88845E-02  2.00776E-01 -4.36218E-01 -3.69728E-01  4.08857E-01 -2.75356E-01  1.10204E-02 -3.52593E-01  7.38229E-02 -3.31209E-01  2.05056E-01 -1.97757E-01  6.47083E-02 -2.15661E-01 -3.35592E-01  1.57731E-02 -1.41435E-01  1.56736E-01 -2.76898E-01 -4.42233E-01 -6.18505E-01 -2.37733E-01
 OMEGA(4,2)   -2.72218E-01 -1.01312E-01 -4.46451E-01  4.97148E-02 -3.79025E-02  3.85160E-01 -2.69443E-01 -1.30252E-01  2.49148E-03  0.00000E+00 -9.23067E-02  3.07776E-01  8.35416E-02  4.53211E-01  1.66865E-02 -5.54420E-01  3.83128E-02 -5.26114E-01  1.31421E-01 -4.74988E-01  1.74684E-01  6.39655E-01 -5.34467E-01  3.91025E-01  2.26134E-01  1.56237E-01 -2.57521E-01  3.88467E-01  2.20301E-01 -1.91452E-01  2.50873E-01  3.01326E-01  2.97545E-01 -3.10352E-01  6.19306E-01 -3.25483E-01  1.86357E-01  1.50714E-01  2.74493E-01  4.90921E-01  3.88219E-01  6.60043E-02  5.26992E-01  7.71838E-02 -5.97724E-02  2.22223E-01  3.70701E-01
 OMEGA(4,3)    3.66163E-01 -5.85175E-01  3.68360E-01  3.26751E-01 -3.78574E-01 -5.68978E-01  2.47619E-01  5.54361E-01  4.58704E-01  0.00000E+00  5.77707E-01 -1.66569E-01 -6.69035E-01  1.35305E-01  3.93448E-01 -1.98931E-02  5.06588E-01  4.43507E-01 -4.74988E-01  1.03132E-01  1.86605E-01 -3.28753E-01  3.43315E-01 -6.99745E-01 -8.29384E-01 -5.09022E-01 -1.90391E-01 -7.64175E-01 -1.22912E-01  3.59391E-01 -6.68463E-01 -6.42854E-01  9.33742E-02 -3.92829E-01 -7.57720E-01 -5.24890E-02  8.17780E-02  4.27533E-01 -4.12754E-01 -5.04474E-01 -6.01461E-01  3.19576E-01 -2.34295E-01  3.84877E-01  2.98198E-01 -2.64114E-01 -7.23266E-01
 OMEGA(4,4)   -4.21866E-01 -2.73199E-01  3.59435E-01 -4.74961E-01  3.10487E-01  7.84163E-02  3.45002E-01 -3.06364E-01 -3.02016E-01  0.00000E+00  3.91865E-01  1.36309E-01 -7.28122E-02  1.44859E-01  6.27407E-01 -8.77529E-02 -2.22471E-01  3.60370E-01  1.74684E-01  1.86605E-01  1.68283E-01 -9.02973E-02 -2.11624E-01 -4.60900E-01 -2.99735E-01  2.20958E-01 -2.81637E-02 -3.38440E-01 -4.32186E-01  2.92074E-01 -3.83386E-01  4.59242E-02 -2.67731E-01 -1.77425E-01 -2.88062E-02 -1.87309E-01 -2.69425E-01  2.42680E-01  4.44888E-02 -2.45261E-01  1.70853E-01 -6.38678E-02  2.95826E-01 -3.49920E-01 -4.58805E-01 -5.52755E-01 -1.57835E-01
 OMEGA(5,1)    2.47708E-01 -1.85541E-01 -1.22913E-01  3.81855E-01 -2.21631E-01  2.07276E-01 -3.13857E-01  1.77526E-01  3.46855E-01  0.00000E+00 -1.16482E-01  1.83794E-02  3.87331E-02  1.20376E-01 -1.10463E-01 -3.32468E-01  2.73651E-01 -6.91414E-01  6.39655E-01 -3.28753E-01 -9.02973E-02  1.39900E-01 -3.61606E-01  5.61253E-01  1.93298E-01 -7.55317E-02 -5.74325E-01  2.13986E-01  1.35127E-01 -3.83146E-01  1.94853E-02  5.36728E-02  2.85329E-01 -3.40561E-01  2.99509E-01 -3.55757E-01  1.72611E-01  1.85957E-01  2.09540E-01  2.55950E-01 -2.83003E-02  3.60007E-01  8.32940E-02  4.09299E-01  2.54201E-01  4.41366E-01  1.53522E-01
 OMEGA(5,2)    9.70086E-02  3.28767E-03 -5.22045E-02 -6.58381E-02 -4.35030E-02 -9.80128E-02  2.30343E-01  5.30971E-02  1.67186E-02  0.00000E+00  6.42400E-04  4.93816E-02 -2.14522E-01  7.26689E-02  4.77464E-02  2.12043E-01  5.57820E-02  3.23305E-01 -5.34467E-01  3.43315E-01 -2.11624E-01 -3.61606E-01  9.08303E-02 -2.69771E-01 -1.17066E-01  9.96128E-02  1.89214E-01 -1.19998E-01  2.72890E-02  4.32213E-01  4.34072E-02 -3.26894E-01 -1.67629E-02  2.23610E-01 -3.04482E-01  2.08324E-01  1.38271E-01 -9.65222E-02 -2.57988E-01 -2.10308E-01 -6.23512E-04 -1.16804E-03 -2.38174E-01  3.10144E-01 -1.69358E-02 -2.15438E-01 -1.61142E-01
 OMEGA(5,3)    9.42793E-03  2.87957E-01 -4.37632E-01  1.26126E-01 -2.99610E-02  4.10277E-01 -3.31900E-01 -1.34818E-01 -3.71796E-02  0.00000E+00 -2.88495E-01  7.71795E-02  2.08763E-01  1.10634E-01 -3.58856E-01 -1.56524E-01 -7.49125E-03 -4.66495E-01  3.91025E-01 -6.99745E-01 -4.60900E-01  5.61253E-01 -2.69771E-01  8.62430E-02  5.42011E-01 -2.14958E-02 -2.77682E-01  4.94557E-01  9.03783E-02 -3.50515E-01  4.60119E-01  4.75770E-01  2.18310E-01  3.09386E-04  5.25925E-01 -2.66279E-02  2.39289E-01 -2.13100E-01  2.29734E-01  4.97998E-01  1.59386E-01  1.34539E-01  2.10768E-01  1.61778E-01 -1.94201E-02  4.85333E-01  4.94314E-01
 OMEGA(5,4)   -3.85438E-01  6.41477E-01 -3.33912E-01 -3.35140E-01  4.81677E-01  6.04029E-01 -7.42769E-02 -6.20300E-01 -5.18404E-01  0.00000E+00 -7.02750E-01  1.87310E-01  7.51589E-01 -2.96467E-01 -4.06481E-01  1.63904E-01 -6.64540E-01 -2.66873E-01  2.26134E-01 -8.29384E-01 -2.99735E-01  1.93298E-01 -1.17066E-01  5.42011E-01  1.64913E-01  6.21955E-01  2.92115E-01  8.11166E-01  4.62527E-03 -2.66099E-01  5.89891E-01  5.95550E-01 -1.83054E-01  5.80015E-01  6.25304E-01  3.37436E-01 -1.43715E-01 -5.78193E-01  3.53470E-01  4.60319E-01  6.15217E-01 -4.12324E-01  1.85637E-01 -4.07645E-01 -3.73791E-01  2.21972E-01  7.71390E-01
 OMEGA(5,5)   -6.00028E-01  4.96448E-01 -2.10239E-01 -6.19260E-01  6.17890E-01  4.18998E-01  1.69239E-01 -8.25610E-01 -6.95697E-01  0.00000E+00 -6.09033E-01  3.73692E-01  7.06931E-01 -2.52870E-01 -1.14815E-01  2.55574E-01 -8.34272E-01  4.88845E-02  1.56237E-01 -5.09022E-01  2.20958E-01 -7.55317E-02  9.96128E-02 -2.14958E-02  6.21955E-01  3.05683E-01  4.25443E-01  5.44403E-01  5.22357E-03 -6.72080E-02  4.23719E-01  3.01990E-01 -3.03940E-01  6.94961E-01  5.06862E-01  2.38870E-01 -3.11343E-01 -4.59158E-01  4.45657E-01  2.73085E-01  8.76829E-01 -6.55892E-01  3.06868E-01 -5.97247E-01 -5.84661E-01 -1.75303E-01  6.21065E-01
 OMEGA(6,1)   -4.34799E-01  5.70422E-01 -5.50273E-02 -5.05568E-01  5.35049E-01  1.81701E-01  1.26002E-01 -3.42211E-01 -4.99457E-01  0.00000E+00 -3.36419E-01  1.79866E-01  3.46542E-01 -2.31146E-01 -2.41910E-02  2.10142E-01 -5.14178E-01  2.00776E-01 -2.57521E-01 -1.90391E-01 -2.81637E-02 -5.74325E-01  1.89214E-01 -2.77682E-01  2.92115E-01  4.25443E-01  1.12223E-01  3.95336E-01  1.11274E-01  2.57580E-01  3.65913E-01  2.27983E-01 -1.57501E-01  5.86368E-01  2.13652E-01  4.32090E-01 -1.34019E-01 -5.26566E-01 -1.01215E-01  8.15286E-02  3.78245E-01 -4.48044E-01 -9.96072E-02 -4.68112E-01 -2.05499E-01 -1.80683E-01  2.85813E-01
 OMEGA(6,2)   -4.23521E-01  6.47649E-01 -5.21230E-01 -2.68857E-01  4.72807E-01  6.29415E-01 -1.17716E-01 -4.52327E-01 -4.72334E-01  0.00000E+00 -6.52355E-01  3.86891E-01  5.41909E-01 -5.17659E-02 -3.57577E-01 -4.41326E-03 -4.85636E-01 -4.36218E-01  3.88467E-01 -7.64175E-01 -3.38440E-01  2.13986E-01 -1.19998E-01  4.94557E-01  8.11166E-01  5.44403E-01  3.95336E-01  1.61912E-01  2.33904E-01 -1.14529E-01  6.58914E-01  5.64587E-01  1.55116E-01  5.58295E-01  6.69838E-01  2.92352E-01  1.05261E-01 -5.85543E-01  2.44893E-01  6.70553E-01  5.85225E-01 -3.41938E-01  2.55845E-01 -2.35256E-01 -1.85181E-01  3.52943E-01  8.06299E-01
 OMEGA(6,3)    3.15238E-01  9.85738E-02 -4.05370E-01  3.71186E-01 -4.38074E-01 -4.33681E-01 -5.60837E-01  2.65807E-01  2.94854E-01  0.00000E+00 -4.02527E-01  3.36325E-03  5.01838E-02 -2.79547E-02 -4.58361E-01 -6.41678E-02  3.00615E-01 -3.69728E-01  2.20301E-01 -1.22912E-01 -4.32186E-01  1.35127E-01  2.72890E-02  9.03783E-02  4.62527E-03  5.22357E-03  1.11274E-01  2.33904E-01  1.33697E-01 -4.95261E-01  4.91087E-01 -2.58225E-01  3.22852E-01  9.21862E-02  2.62857E-01 -3.79190E-01  1.95084E-01  1.32008E-01  2.05203E-01  1.68970E-01  8.88579E-02  1.93766E-02 -8.70155E-02  2.68146E-01  5.71367E-01  3.35708E-01  2.42759E-02
 OMEGA(6,4)   -3.76490E-01 -1.55134E-01 -2.41271E-03 -3.37958E-01  2.67683E-01  3.18447E-01  5.56176E-01 -2.29768E-02 -1.67041E-01  0.00000E+00  5.15118E-01  3.12148E-01 -5.03304E-01  5.35489E-01  6.46120E-01 -2.60972E-01  2.28971E-02  4.08857E-01 -1.91452E-01  3.59391E-01  2.92074E-01 -3.83146E-01  4.32213E-01 -3.50515E-01 -2.66099E-01 -6.72080E-02  2.57580E-01 -1.14529E-01 -4.95261E-01  1.52957E-01 -3.08952E-01  1.46281E-01  4.84748E-02 -1.11545E-01 -1.41536E-01  4.23094E-01  2.55257E-01 -8.21743E-02 -6.43501E-01 -8.99713E-02 -1.91386E-02  1.73705E-01  1.20235E-01  1.08544E-01 -3.71918E-01 -4.72601E-01 -1.30836E-01
 OMEGA(6,5)   -2.92133E-01  5.91109E-01 -5.92679E-01 -2.12605E-01  1.97146E-01  2.70906E-01 -3.86844E-01 -4.10233E-01 -3.61564E-01  0.00000E+00 -5.52899E-01  2.45069E-01  4.37175E-01 -1.72671E-02 -4.17832E-01 -1.71850E-02 -3.46390E-01 -2.75356E-01  2.50873E-01 -6.68463E-01 -3.83386E-01  1.94853E-02  4.34072E-02  4.60119E-01  5.89891E-01  4.23719E-01  3.65913E-01  6.58914E-01  4.91087E-01 -3.08952E-01  8.21944E-02  2.17846E-01  1.43339E-01  5.13935E-01  6.28052E-01  2.85154E-02  1.92689E-01 -4.63407E-01  3.51185E-01  5.07530E-01  5.56022E-01 -3.09458E-01  2.34053E-01 -1.80599E-01 -1.49123E-01  2.65291E-01  6.17982E-01
 OMEGA(6,6)   -5.95259E-01  4.15766E-01 -2.52070E-01 -5.49086E-01  5.41227E-01  6.64342E-01  1.98722E-01 -5.69388E-01 -6.31691E-01  0.00000E+00 -1.33583E-01  1.84820E-01  3.65292E-01  1.25539E-01 -3.81175E-02  2.26057E-02 -4.76558E-01  1.10204E-02  3.01326E-01 -6.42854E-01  4.59242E-02  5.36728E-02 -3.26894E-01  4.75770E-01  5.95550E-01  3.01990E-01  2.27983E-01  5.64587E-01 -2.58225E-01  1.46281E-01  2.17846E-01  1.55441E-01 -2.10114E-01  2.06805E-01  5.29477E-01  2.34580E-01 -1.29148E-01 -2.80707E-01  8.66394E-02  3.37396E-01  4.54189E-01 -2.09491E-01  3.51877E-01 -4.29662E-01 -5.44308E-01 -1.10341E-01  5.37155E-01
 OMEGA(7,1)    5.64285E-02 -7.09615E-02 -5.78215E-01  4.80258E-01 -2.04737E-01  2.01227E-02 -3.11765E-01  4.00769E-01  3.30594E-01  0.00000E+00  8.63467E-02  5.84570E-01 -4.89195E-01  5.14618E-01  1.87761E-01 -6.67919E-01  4.30864E-01 -3.52593E-01  2.97545E-01  9.33742E-02 -2.67731E-01  2.85329E-01 -1.67629E-02  2.18310E-01 -1.83054E-01 -3.03940E-01 -1.57501E-01  1.55116E-01  3.22852E-01  4.84748E-02  1.43339E-01 -2.10114E-01  1.60516E-01 -1.89800E-01  2.51380E-01  7.32776E-02  7.84235E-01 -1.29752E-01 -7.66534E-02  6.68678E-01 -1.10245E-01  3.71457E-01  2.85013E-01  6.82722E-01  2.49987E-01  6.32621E-01  2.62992E-01
 OMEGA(7,2)   -3.68740E-01  7.01505E-01 -1.45912E-01 -4.37050E-01  5.91248E-01  2.10476E-01  8.31287E-02 -5.79465E-01 -5.82392E-01  0.00000E+00 -6.24716E-01  2.09806E-01  6.31449E-01 -4.91543E-01 -3.37673E-01  4.77662E-01 -7.21752E-01  7.38229E-02 -3.10352E-01 -3.92829E-01 -1.77425E-01 -3.40561E-01  2.23610E-01  3.09386E-04  5.80015E-01  6.94961E-01  5.86368E-01  5.58295E-01  9.21862E-02 -1.11545E-01  5.13935E-01  2.06805E-01 -1.89800E-01  1.04705E-01  2.51259E-01  4.65595E-01 -1.37821E-01 -7.13745E-01  2.75400E-01  2.69588E-01  5.43339E-01 -5.82184E-01  5.54629E-02 -5.07237E-01 -3.53899E-01  9.60455E-02  5.93627E-01
 OMEGA(7,3)   -5.40574E-01  4.61639E-01 -6.59727E-01 -2.64798E-01  2.95849E-01  4.87793E-01 -2.68842E-01 -4.98025E-01 -4.02859E-01  0.00000E+00 -3.96937E-01  5.80994E-01  3.33233E-01  2.59699E-01 -3.42009E-03 -4.43510E-01 -3.61621E-01 -3.31209E-01  6.19306E-01 -7.57720E-01 -2.88062E-02  2.99509E-01 -3.04482E-01  5.25925E-01  6.25304E-01  5.06862E-01  2.13652E-01  6.69838E-01  2.62857E-01 -1.41536E-01  6.28052E-01  5.29477E-01  2.51380E-01  2.51259E-01  1.18380E-01  9.21151E-02  2.63945E-01 -3.77163E-01  3.19501E-01  6.59353E-01  7.25800E-01 -1.28643E-01  5.35173E-01 -1.33159E-01 -3.76631E-01  2.02857E-01  7.38117E-01
 OMEGA(7,4)   -3.33173E-01  4.17100E-01 -1.13061E-01 -2.14296E-01  4.67654E-01  4.09448E-01  4.11190E-01 -2.08074E-01 -3.26918E-01  0.00000E+00 -1.34244E-01  3.42014E-01  7.89682E-02 -7.06652E-02  9.59721E-02  4.11289E-03 -4.24697E-01  2.05056E-01 -3.25483E-01 -5.24890E-02 -1.87309E-01 -3.55757E-01  2.08324E-01 -2.66279E-02  3.37436E-01  2.38870E-01  4.32090E-01  2.92352E-01 -3.79190E-01  4.23094E-01  2.85154E-02  2.34580E-01  7.32776E-02  4.65595E-01  9.21151E-02  9.43819E-02  8.56853E-02 -6.75402E-01 -3.01674E-01  2.81345E-01  1.91774E-01 -2.36640E-01  1.71379E-01 -1.55888E-01 -3.86987E-01  9.89358E-02  4.14521E-01
 OMEGA(7,5)    1.25649E-02 -8.17787E-02 -6.06791E-01  3.42753E-01 -1.48312E-01  4.46004E-02 -2.21479E-01  3.21536E-01  3.20701E-01  0.00000E+00  2.34318E-01  4.99821E-01 -5.46078E-01  6.15599E-01  2.65560E-01 -7.14610E-01  4.39642E-01 -1.97757E-01  1.86357E-01  8.17780E-02 -2.69425E-01  1.72611E-01  1.38271E-01  2.39289E-01 -1.43715E-01 -3.11343E-01 -1.34019E-01  1.05261E-01  1.95084E-01  2.55257E-01  1.92689E-01 -1.29148E-01  7.84235E-01 -1.37821E-01  2.63945E-01  8.56853E-02  1.01653E-01 -1.73771E-01 -2.53217E-01  5.08769E-01 -9.10075E-02  4.59123E-01  3.06164E-01  6.83716E-01  8.57708E-02  3.79469E-01  1.92678E-01
 OMEGA(7,6)    4.13130E-01 -7.34045E-01  2.75503E-01  3.00212E-01 -6.19869E-01 -4.30672E-01 -4.52357E-02  4.25974E-01  4.64178E-01  0.00000E+00  4.40560E-01 -3.93665E-01 -4.16780E-01  2.45162E-01  1.45613E-01 -6.65262E-02  5.95070E-01  6.47083E-02  1.50714E-01  4.27533E-01  2.42680E-01  1.85957E-01 -9.65222E-02 -2.13100E-01 -5.78193E-01 -4.59158E-01 -5.26566E-01 -5.85543E-01  1.32008E-01 -8.21743E-02 -4.63407E-01 -2.80707E-01 -1.29752E-01 -7.13745E-01 -3.77163E-01 -6.75402E-01 -1.73771E-01  1.02391E-01 -1.23784E-01 -5.01711E-01 -4.23603E-01  3.77336E-01 -1.65217E-01  2.58729E-01  4.04817E-01 -3.37288E-01 -7.05770E-01
 OMEGA(7,7)   -1.69246E-01  3.11658E-01 -1.54996E-01 -5.74780E-02  1.68318E-01  3.99535E-02 -3.76940E-01 -4.37061E-01 -2.92278E-01  0.00000E+00 -5.22279E-01  5.50293E-02  6.04633E-01 -3.46129E-01 -4.24506E-01  2.28155E-01 -4.25415E-01 -2.15661E-01  2.74493E-01 -4.12754E-01  4.44888E-02  2.09540E-01 -2.57988E-01  2.29734E-01  3.53470E-01  4.45657E-01 -1.01215E-01  2.44893E-01  2.05203E-01 -6.43501E-01  3.51185E-01  8.66394E-02 -7.66534E-02  2.75400E-01  3.19501E-01 -3.01674E-01 -2.53217E-01 -1.23784E-01  1.45050E-01  2.74193E-01  4.37557E-01 -4.95047E-01  2.01781E-01 -3.03527E-01 -1.58751E-01  3.16719E-01  4.22989E-01
 OMEGA(8,1)   -4.37794E-01  3.84203E-01 -7.64931E-01 -1.25055E-02  2.91815E-01  5.25652E-01 -1.84533E-01 -2.53610E-01 -2.58038E-01  0.00000E+00 -3.46274E-01  7.21459E-01  1.60332E-01  3.16541E-01 -9.10044E-02 -4.38693E-01 -2.26178E-01 -3.35592E-01  4.90921E-01 -5.04474E-01 -2.45261E-01  2.55950E-01 -2.10308E-01  4.97998E-01  4.60319E-01  2.73085E-01  8.15286E-02  6.70553E-01  1.68970E-01 -8.99713E-02  5.07530E-01  3.37396E-01  6.68678E-01  2.69588E-01  6.59353E-01  2.81345E-01  5.08769E-01 -5.01711E-01  2.74193E-01  2.00596E-01  4.64734E-01 -1.35674E-01  5.64206E-01  1.13898E-01 -2.43358E-01  5.98829E-01  8.43445E-01
 OMEGA(8,2)   -7.33719E-01  4.89995E-01 -5.12229E-01 -5.83611E-01  5.58173E-01  5.00433E-01  3.32731E-02 -8.32800E-01 -7.05098E-01  0.00000E+00 -5.32151E-01  5.15060E-01  5.76908E-01  7.86422E-02 -6.95381E-02 -2.97729E-02 -7.36821E-01  1.57731E-02  3.88219E-01 -6.01461E-01  1.70853E-01 -2.83003E-02 -6.23512E-04  1.59386E-01  6.15217E-01  8.76829E-01  3.78245E-01  5.85225E-01  8.88579E-02 -1.91386E-02  5.56022E-01  4.54189E-01 -1.10245E-01  5.43339E-01  7.25800E-01  1.91774E-01 -9.10075E-02 -4.23603E-01  4.37557E-01  4.64734E-01  1.46724E-01 -5.67928E-01  5.55213E-01 -4.67107E-01 -6.44079E-01 -1.27749E-01  7.33379E-01
 OMEGA(8,3)    4.67972E-01 -5.87612E-01  1.01247E-01  4.40899E-01 -5.28905E-01 -2.10542E-01 -9.99414E-02  6.07935E-01  6.16187E-01  0.00000E+00  5.71932E-01 -3.70989E-02 -6.81113E-01  3.96336E-01  4.15242E-01 -4.02941E-01  7.83555E-01 -1.41435E-01  6.60043E-02  3.19576E-01 -6.38678E-02  3.60007E-01 -1.16804E-03  1.34539E-01 -4.12324E-01 -6.55892E-01 -4.48044E-01 -3.41938E-01  1.93766E-02  1.73705E-01 -3.09458E-01 -2.09491E-01  3.71457E-01 -5.82184E-01 -1.28643E-01 -2.36640E-01  4.59123E-01  3.77336E-01 -4.95047E-01 -1.35674E-01 -5.67928E-01  5.89789E-02 -1.94992E-01  6.73335E-01  3.92748E-01  1.48541E-01 -3.90625E-01
 OMEGA(8,4)   -6.44943E-01  1.08720E-01 -6.09092E-01 -2.61709E-01  2.86338E-01  4.24407E-01  1.21296E-01 -4.45391E-01 -3.92476E-01  0.00000E+00  2.94970E-02  5.84706E-01 -4.24702E-02  5.42838E-01  2.44127E-01 -4.80502E-01 -2.79721E-01  1.56736E-01  5.26992E-01 -2.34295E-01  2.95826E-01  8.32940E-02 -2.38174E-01  2.10768E-01  1.85637E-01  3.06868E-01 -9.96072E-02  2.55845E-01 -8.70155E-02  1.20235E-01  2.34053E-01  3.51877E-01  2.85013E-01  5.54629E-02  5.35173E-01  1.71379E-01  3.06164E-01 -1.65217E-01  2.01781E-01  5.64206E-01  5.55213E-01 -1.94992E-01  9.30375E-02 -7.29071E-02 -5.87649E-01 -3.99203E-02  5.28648E-01
 OMEGA(8,5)    5.10225E-01 -4.01672E-01 -2.69889E-01  6.96906E-01 -5.94648E-01 -2.46195E-01 -2.51575E-01  7.17107E-01  7.11406E-01  0.00000E+00  3.04797E-01  1.10791E-01 -7.00750E-01  4.80637E-01  1.47105E-01 -5.28146E-01  8.01955E-01 -2.76898E-01  7.71838E-02  3.84877E-01 -3.49920E-01  4.09299E-01  3.10144E-01  1.61778E-01 -4.07645E-01 -5.97247E-01 -4.68112E-01 -2.35256E-01  2.68146E-01  1.08544E-01 -1.80599E-01 -4.29662E-01  6.82722E-01 -5.07237E-01 -1.33159E-01 -1.55888E-01  6.83716E-01  2.58729E-01 -3.03527E-01  1.13898E-01 -4.67107E-01  6.73335E-01 -7.29071E-02  1.41474E-01  5.14005E-01  4.01912E-01 -2.61781E-01
 OMEGA(8,6)    8.41735E-01 -2.89338E-01  1.96165E-01  7.52886E-01 -7.10895E-01 -5.98376E-01 -4.09453E-01  8.26436E-01  7.78355E-01  0.00000E+00 -3.00268E-02 -4.39761E-01 -2.60089E-01 -1.86866E-01 -3.55719E-01  2.99538E-02  7.21213E-01 -4.42233E-01 -5.97724E-02  2.98198E-01 -4.58805E-01  2.54201E-01 -1.69358E-02 -1.94201E-02 -3.73791E-01 -5.84661E-01 -2.05499E-01 -1.85181E-01  5.71367E-01 -3.71918E-01 -1.49123E-01 -5.44308E-01  2.49987E-01 -3.53899E-01 -3.76631E-01 -3.86987E-01  8.57708E-02  4.04817E-01 -1.58751E-01 -2.43358E-01 -6.44079E-01  3.92748E-01 -5.87649E-01  5.14005E-01  2.00228E-01  3.96298E-01 -5.10240E-01
 OMEGA(8,7)    3.07769E-01  1.85906E-01 -3.08818E-01  5.85615E-01 -1.79513E-01  2.89957E-02 -4.88906E-01  3.12193E-01  3.31102E-01  0.00000E+00 -3.55856E-01  1.71366E-01  9.12125E-02 -1.37858E-01 -4.17939E-01 -1.66585E-01  1.89461E-01 -6.18505E-01  2.22223E-01 -2.64114E-01 -5.52755E-01  4.41366E-01 -2.15438E-01  4.85333E-01  2.21972E-01 -1.75303E-01 -1.80683E-01  3.52943E-01  3.35708E-01 -4.72601E-01  2.65291E-01 -1.10341E-01  6.32621E-01  9.60455E-02  2.02857E-01  9.89358E-02  3.79469E-01 -3.37288E-01  3.16719E-01  5.98829E-01 -1.27749E-01  1.48541E-01 -3.99203E-02  4.01912E-01  3.96298E-01  1.29351E-01  4.21078E-01
 OMEGA(8,8)   -6.12648E-01  6.09495E-01 -6.06681E-01 -3.17961E-01  5.85564E-01  6.62547E-01 -6.58200E-02 -6.24867E-01 -5.71765E-01  0.00000E+00 -5.76028E-01  6.06733E-01  5.31332E-01  1.04689E-02 -2.06053E-01 -1.07746E-01 -6.38636E-01 -2.37733E-01  3.70701E-01 -7.23266E-01 -1.57835E-01  1.53522E-01 -1.61142E-01  4.94314E-01  7.71390E-01  6.21065E-01  2.85813E-01  8.06299E-01  2.42759E-02 -1.30836E-01  6.17982E-01  5.37155E-01  2.62992E-01  5.93627E-01  7.38117E-01  4.14521E-01  1.92678E-01 -7.05770E-01  4.22989E-01  8.43445E-01  7.33379E-01 -3.90625E-01  5.28648E-01 -2.61781E-01 -5.10240E-01  4.21078E-01  2.62306E-01
TABLE NO.     2: MCMC Bayesian Analysis: Problem=1 Subproblem=0 Superproblem1=0 Iteration1=0 Superproblem2=0 Iteration2=0
 NAME         THETA1       THETA2       THETA3       THETA4       THETA5       THETA6       THETA7       THETA8       SIGMA(1,1)   SIGMA(2,1)   SIGMA(2,2)   OMEGA(1,1)   OMEGA(2,1)   OMEGA(2,2)   OMEGA(3,1)   OMEGA(3,2)   OMEGA(3,3)   OMEGA(4,1)   OMEGA(4,2)   OMEGA(4,3)   OMEGA(4,4)   OMEGA(5,1)   OMEGA(5,2)   OMEGA(5,3)   OMEGA(5,4)   OMEGA(5,5)   OMEGA(6,1)   OMEGA(6,2)   OMEGA(6,3)   OMEGA(6,4)   OMEGA(6,5)   OMEGA(6,6)   OMEGA(7,1)   OMEGA(7,2)   OMEGA(7,3)   OMEGA(7,4)   OMEGA(7,5)   OMEGA(7,6)   OMEGA(7,7)   OMEGA(8,1)   OMEGA(8,2)   OMEGA(8,3)   OMEGA(8,4)   OMEGA(8,5)   OMEGA(8,6)   OMEGA(8,7)   OMEGA(8,8)
 THETA1        7.70505E-02 -1.49715E-01  1.46215E-01  1.00420E-01  1.02953E-01 -6.20948E-02  1.11696E-01  3.63889E-01 -6.26455E-03  0.00000E+00 -4.59497E-03  1.45043E-02 -8.75119E-03  1.05099E-02  7.54058E-03 -4.43171E-03  2.74988E-02  1.30921E-02  1.09521E-02 -1.73731E-02  4.47941E-03 -2.25227E-02  2.37465E-02  8.46896E-03  1.88292E-02  5.92657E-03  4.21077E-03  5.45542E-03 -9.28652E-03  9.28718E-03  1.79185E-02 -2.94574E-03  9.72243E-03 -8.84190E-03  9.51946E-03  1.02799E-02 -1.88554E-02  9.03908E-04 -5.17173E-03  1.72050E-02  6.36000E-03  6.86916E-03  2.03042E-02 -2.22513E-03  3.35262E-04  5.35957E-03  1.67441E-02
 THETA2       -1.49715E-01  7.60477E-02  8.91918E-04  1.72858E-01  5.08459E-02 -3.31072E-02 -2.21796E-01  2.23474E-01  5.82003E-04  0.00000E+00  4.79772E-04 -4.15883E-03  6.44447E-02 -1.63765E-01  7.87703E-03  7.90641E-02 -2.36726E-02  8.97196E-03 -1.29838E-01  1.49868E-03 -2.57651E-03  3.55576E-03  1.70065E-02 -2.99758E-02  8.24734E-03 -9.13725E-03 -3.49572E-03  1.97367E-02 -1.34698E-03  1.31803E-02 -2.39316E-02 -5.78929E-03 -9.26662E-03  1.82154E-01 -2.50785E-03  6.79180E-03 -5.01247E-04 -7.08112E-03 -2.06842E-02 -1.23022E-02  3.84044E-02  1.05381E-02  1.18537E-02 -1.22257E-02  8.32445E-03 -2.60444E-02 -2.67686E-03
 THETA3        1.46215E-01  8.91918E-04  5.97600E-02  1.18340E-02  1.55583E-02  3.91255E-02  1.38224E-01  2.38468E-01 -7.98245E-03  0.00000E+00 -2.93020E-02 -1.63487E-02 -1.33356E-02  3.26926E-02  3.13165E-02  5.09719E-02 -5.68557E-02 -7.80063E-03  4.39097E-02  1.13033E-01  8.77572E-02  1.57048E-02 -1.90501E-02 -4.02710E-02 -1.20112E-03 -2.43685E-03  1.28399E-02  5.54274E-03  9.96922E-03 -3.88147E-03  9.74506E-03 -1.23167E-02  1.61850E-02 -2.52981E-02 -6.47266E-02 -2.87191E-02  7.06356E-03 -6.65429E-03  2.21249E-02 -9.06115E-03  1.93556E-02  3.36883E-02  2.23621E-02  5.98507E-03  6.24710E-03  1.98850E-02  2.04352E-02
 THETA4        1.00420E-01  1.72858E-01  1.18340E-02  7.45983E-02 -1.17511E-01  5.49132E-02 -2.88620E-01  1.72543E-01 -1.18144E-02  0.00000E+00  7.46609E-03  1.42723E-02 -2.26173E-02  2.43223E-02  2.44360E-02  2.69536E-02 -3.12261E-02  1.46843E-02  1.13354E-02  4.81816E-02  5.91016E-02 -3.89508E-03 -1.37345E-02 -2.34270E-02 -9.93016E-03 -1.47129E-02 -4.79268E-03  7.75253E-03 -9.85486E-03  1.92325E-02 -8.05924E-04  1.13046E-02  6.25769E-03 -1.99494E-02 -3.67632E-02 -2.42459E-02  8.03438E-03  2.56211E-03  2.09175E-02  1.77896E-02 -1.35968E-03  2.87063E-02  8.32041E-03 -1.44155E-02  1.12536E-02  7.04948E-03  9.06290E-03
 THETA5        1.02953E-01  5.08459E-02  1.55583E-02 -1.17511E-01  6.62238E-02 -2.37520E-01  1.16343E-01  2.93462E-02  6.79509E-04  0.00000E+00  2.72816E-04  5.71207E-03 -1.41876E-02  3.63277E-03  3.88506E-04 -1.68408E-02 -1.52052E-02 -9.31040E-03 -3.83705E-03 -3.58287E-03 -4.07312E-04  8.70677E-03  6.63680E-03  2.74168E-02  2.42169E-02 -4.70995E-03  1.53889E-02 -4.85274E-04 -9.88148E-04  7.33397E-03  1.08913E-02  7.58962E-03 -4.40026E-03 -4.13734E-03 -7.90557E-03 -3.82039E-03 -1.91675E-04  1.35790E-03 -1.12227E-02 -3.79963E-03 -1.17150E-02 -8.49898E-03 -2.47025E-03  1.42008E-02  1.51920E-02 -5.73514E-03  7.25756E-04
 THETA6       -6.20948E-02 -3.31072E-02  3.91255E-02  5.49132E-02 -2.37520E-01  7.55258E-02  2.96018E-02 -1.84744E-01  1.84207E-02  0.00000E+00 -1.12513E-02  7.15149E-03 -2.10037E-03  1.29936E-02  5.97730E-03  1.96500E-03  2.22308E-02  6.93091E-03  1.91972E-02 -1.09875E-02  1.77050E-02  1.97476E-02 -5.89403E-03  1.10290E-02 -1.83053E-04 -8.83485E-03  3.53201E-03 -5.63007E-03 -1.76815E-02  4.10304E-02 -2.16668E-02  1.12581E-02  1.66721E-02 -4.16685E-03 -3.31684E-03 -9.62157E-03 -1.65849E-03 -5.11416E-02  6.16422E-03  1.04914E-02  6.38420E-03  2.03230E-02  1.30279E-02  3.94783E-03 -1.33592E-03  1.33831E-02  2.89390E-02
 THETA7        1.11696E-01 -2.21796E-01  1.38224E-01 -2.88620E-01  1.16343E-01  2.96018E-02  7.23336E-02  2.41490E-01 -9.95665E-03  0.00000E+00 -1.07231E-03 -2.60096E-03 -1.02997E-02  9.27205E-03  8.68025E-03 -2.26181E-02  4.12983E-03  8.01872E-03  9.58373E-03  4.81953E-05  1.66664E-03 -7.81881E-03  1.03792E-02  1.95106E-02 -5.11977E-03 -7.71249E-03  1.98906E-02 -1.09878E-02 -6.84802E-03  2.44826E-03  8.41136E-03  4.37192E-03  8.06446E-03 -1.55895E-02  2.15682E-03 -1.14860E-03  5.17117E-03 -1.13318E-02 -5.57498E-03 -8.98366E-03 -5.65987E-03 -3.59586E-03  1.00221E-02  2.07636E-03  6.37069E-04  6.36674E-03  4.03228E-03
 THETA8        3.63889E-01  2.23474E-01  2.38468E-01  1.72543E-01  2.93462E-02 -1.84744E-01  2.41490E-01  7.09151E-02 -1.92621E-02  0.00000E+00  5.25174E-03  9.72228E-03 -2.67119E-02  3.76774E-02  1.42688E-02 -1.60248E-02  4.93125E-04  1.24229E-02  1.73776E-02  1.58514E-02  1.03176E-02 -1.08364E-02  2.64293E-02 -7.08503E-03  9.19129E-03 -8.28657E-03  1.78158E-02 -3.31654E-03 -2.74655E-03  2.12045E-02  8.40761E-03 -9.25270E-03  1.13639E-02 -2.48918E-02  2.63093E-03  6.76118E-03 -2.39253E-02  9.06949E-03 -1.70225E-02  1.21541E-02  5.87070E-03  2.35504E-03  5.78159E-03 -1.46349E-03  1.40938E-02  1.08859E-02  9.67638E-03
 SIGMA(1,1)   -6.26455E-03  5.82003E-04 -7.98245E-03 -1.18144E-02  6.79509E-04  1.84207E-02 -9.95665E-03 -1.92621E-02  6.46812E-04  0.00000E+00 -2.28796E-02  6.04630E-03  2.64276E-02 -1.05180E-02  2.09438E-02 -4.33139E-02  1.35557E-02 -1.57474E-03  9.69778E-03 -1.58140E-02 -2.32295E-02  1.79608E-03 -3.01622E-06 -3.24957E-03 -1.15489E-02  5.95759E-03 -2.37529E-03 -1.51670E-02 -8.58966E-03 -1.01111E-02 -3.51593E-03  2.63313E-02  1.26572E-02 -6.28331E-03  4.28788E-03 -8.33981E-03  8.07593E-03  2.21885E-02  4.00293E-03  2.69992E-03 -1.23968E-02  4.68170E-03 -3.15132E-03  1.56338E-02 -1.15171E-02  7.59053E-03 -2.30838E-03
 SIGMA(2,1)    0.00000E+00  0.00000E+00  0.00000E+00  0.00000E+00  0.00000E+00  0.00000E+00  0.00000E+00  0.00000E+00  0.00000E+00  0.00000E+00  0.00000E+00  0.00000E+00  0.00000E+00  0.00000E+00  0.00000E+00  0.00000E+00  0.00000E+00  0.00000E+00  0.00000E+00  0.00000E+00  0.00000E+00  0.00000E+00  0.00000E+00  0.00000E+00  0.00000E+00  0.00000E+00  0.00000E+00  0.00000E+00  0.00000E+00  0.00000E+00  0.00000E+00  0.00000E+00  0.00000E+00  0.00000E+00  0.00000E+00  0.00000E+00  0.00000E+00  0.00000E+00  0.00000E+00  0.00000E+00  0.00000E+00  0.00000E+00  0.00000E+00  0.00000E+00  0.00000E+00  0.00000E+00  0.00000E+00
 SIGMA(2,2)   -4.59497E-03  4.79772E-04 -2.93020E-02  7.46609E-03  2.72816E-04 -1.12513E-02 -1.07231E-03  5.25174E-03 -2.28796E-02  0.00000E+00  1.19211E-03  2.12938E-02 -2.34379E-04  1.75050E-02  1.06097E-02  8.15319E-03  2.45734E-02  2.46096E-03 -6.78635E-03  1.04397E-02  1.04583E-02 -1.22031E-03 -1.80956E-02 -3.21941E-02 -3.76458E-03 -1.80186E-02  4.95587E-04 -5.96098E-03  6.66374E-03  1.35665E-02  7.72105E-03 -5.47305E-02 -1.34308E-03 -2.56721E-03 -2.42005E-02  2.57818E-03 -1.05336E-02 -4.52969E-03 -3.69906E-03  7.53611E-03 -1.97546E-02 -7.21860E-03  1.66705E-03 -2.04281E-03  2.35582E-02 -9.47716E-03 -1.90085E-02
 OMEGA(1,1)    1.45043E-02 -4.15883E-03 -1.63487E-02  1.42723E-02  5.71207E-03  7.15149E-03 -2.60096E-03  9.72228E-03  6.04630E-03  0.00000E+00  2.12938E-02  5.99028E-02 -2.04706E-01  3.91006E-02  2.35143E-01 -4.57070E-02  3.30066E-02  1.43878E-01 -2.19158E-02  5.91632E-03  2.55039E-02  1.51764E-01 -1.00883E-02  1.14451E-02  2.04161E-02  1.84046E-02 -9.70387E-02  6.10070E-03 -1.48529E-02 -1.92316E-02 -1.42859E-02  1.85060E-02  1.75636E-01 -2.29245E-02  3.88204E-02  5.95233E-03  2.14933E-02 -2.47441E-02  2.70285E-02  4.70410E-01 -6.23604E-02  7.44620E-02  5.19833E-02  5.85120E-02 -4.93985E-02  6.58500E-02  1.34905E-01
 OMEGA(2,1)   -8.75119E-03  6.44447E-02 -1.33356E-02 -2.26173E-02 -1.41876E-02 -2.10037E-03 -1.02997E-02 -2.67119E-02  2.64276E-02  0.00000E+00 -2.34379E-04 -2.04706E-01  4.15796E-02 -2.93231E-01 -4.97749E-02  2.34873E-01 -1.89918E-02  1.83084E-01 -1.58044E-02  5.34418E-02  3.30349E-02  3.95507E-02  1.22096E-01 -1.66209E-03  3.61317E-02  7.45064E-03 -2.47099E-02 -6.75519E-02 -1.34001E-02 -2.50802E-02  1.25522E-02 -8.16797E-03 -2.50017E-01  2.18987E-01 -6.95058E-02  8.58468E-03 -2.48779E-02  2.41448E-02 -5.97307E-02  1.83568E-01  3.02503E-01  4.64555E-02  1.06413E-01  4.25005E-02 -2.43593E-02 -5.43115E-02  1.34732E-01
 OMEGA(2,2)    1.05099E-02 -1.63765E-01  3.26926E-02  2.43223E-02  3.63277E-03  1.29936E-02  9.27205E-03  3.76774E-02 -1.05180E-02  0.00000E+00  1.75050E-02  3.91006E-02 -2.93231E-01  5.73979E-02  3.64392E-02 -1.03142E-01  4.61409E-02 -4.05989E-02  3.71643E-01  1.36359E-02  7.03326E-02 -1.12898E-03  3.24216E-02 -6.30341E-03  1.61075E-03  2.89662E-02  9.38747E-03 -1.92870E-02  2.72368E-02 -1.96026E-03  1.06040E-02  1.87223E-02  7.50018E-02 -3.99760E-01  1.85108E-02 -8.86639E-02 -4.94727E-03 -2.85524E-03  9.17722E-02 -3.21514E-02  3.25518E-01  2.50211E-02  5.61943E-02  2.08521E-02 -2.18581E-02 -4.95490E-02  8.56038E-02
