TABLE NO.     1: Iterative Two Stage (No Prior): Problem=1 Subproblem=0 Superproblem1=0 Iteration1=0 Superproblem2=0 Iteration2=0
 NAME         THETA1       THETA2       THETA3       THETA4       SIGMA(1,1)   OMEGA(1,1)   OMEGA(2,1)   OMEGA(2,2)   OMEGA(3,1)   OMEGA(3,2)   OMEGA(3,3)   OMEGA(4,1)   OMEGA(4,2)   OMEGA(4,3)   OMEGA(4,4)
 THETA1        5.63791E+02 -5.88466E+01 -5.61939E+01  1.83465E+01 -2.08814E+02  2.21499E+02 -1.53196E+02 -6.44367E+01  2.23660E+01 -7.97741E+01  6.36173E+01  3.51404E+01  2.75407E+02 -1.01796E+02 -1.92510E+01
 THETA2       -5.88466E+01  4.91394E+02 -9.42820E+00 -5.04171E+01 -5.81755E+02 -9.23386E+01 -1.74205E+02 -3.00681E+01 -1.37113E+02  4.35595E+01  6.99474E+01  2.37133E+02  9.29595E+00 -3.13477E+01 -5.21267E+01
 THETA3       -5.61939E+01 -9.42820E+00  3.56232E+02 -2.18798E+02  1.71130E+01  1.20006E+00 -1.30172E+02  9.38683E+01  2.06037E+02  2.09191E+01  5.11349E+01 -1.56588E+02 -6.60965E+01 -3.08997E+01 -8.17138E+01
 THETA4        1.83465E+01 -5.04171E+01 -2.18798E+02  5.49936E+02 -1.35829E+02  1.08103E+01  2.29599E+02 -5.86529E+00 -1.47588E+02 -1.29361E+00 -3.31686E+01 -3.39692E+01 -8.02528E+01 -1.80939E+02  2.87303E+02
 SIGMA(1,1)   -2.08814E+02 -5.81755E+02  1.71130E+01 -1.35829E+02  2.60298E+04  7.82850E+02  3.06902E+02  1.01755E+03  4.99055E+02 -9.27220E+02 -4.75836E+02  1.30157E+03  7.70348E+02  6.92497E+02  1.06756E+03
 OMEGA(1,1)    2.21499E+02 -9.23386E+01  1.20006E+00  1.08103E+01  7.82850E+02  1.81973E+03 -9.71395E+02  1.15649E+02  2.28245E+02 -2.72381E+02  1.03212E+01 -3.83750E+02  1.87858E+02 -5.18658E+01 -1.25955E+02
 OMEGA(2,1)   -1.53196E+02 -1.74205E+02 -1.30172E+02  2.29599E+02  3.06902E+02 -9.71395E+02  3.06601E+03 -4.54157E+02 -6.53979E+02  1.08126E+02  5.45895E+01  2.90427E+00 -1.82128E+02  1.07124E+01  8.47589E+01
 OMEGA(2,2)   -6.44367E+01 -3.00681E+01  9.38683E+01 -5.86529E+00  1.01755E+03  1.15649E+02 -4.54157E+02  1.17353E+03  2.14105E+02 -1.86543E+01 -1.24410E+02 -1.16767E+02 -4.70943E+02  6.99811E+01 -5.86210E+01
 OMEGA(3,1)    2.23660E+01 -1.37113E+02  2.06037E+02 -1.47588E+02  4.99055E+02  2.28245E+02 -6.53979E+02  2.14105E+02  2.09476E+03  1.42218E+01 -3.82292E+02 -1.32485E+03  1.35103E+02  1.24506E+02  1.28770E+02
 OMEGA(3,2)   -7.97741E+01  4.35595E+01  2.09191E+01 -1.29361E+00 -9.27220E+02 -2.72381E+02  1.08126E+02 -1.86543E+01  1.42218E+01  1.10089E+03  5.82101E+00  1.15306E+02 -8.73706E+02 -1.43149E+02  5.91976E+01
 OMEGA(3,3)    6.36173E+01  6.99474E+01  5.11349E+01 -3.31686E+01 -4.75836E+02  1.03212E+01  5.45895E+01 -1.24410E+02 -3.82292E+02  5.82101E+00  7.18200E+02  1.08859E+02 -1.17491E+01 -8.66029E+02  2.03827E+02
 OMEGA(4,1)    3.51404E+01  2.37133E+02 -1.56588E+02 -3.39692E+01  1.30157E+03 -3.83750E+02  2.90427E+00 -1.16767E+02 -1.32485E+03  1.15306E+02  1.08859E+02  2.61409E+03 -1.44941E+02  2.97402E+01 -8.95170E+01
 OMEGA(4,2)    2.75407E+02  9.29595E+00 -6.60965E+01 -8.02528E+01  7.70348E+02  1.87858E+02 -1.82128E+02 -4.70943E+02  1.35103E+02 -8.73706E+02 -1.17491E+01 -1.44941E+02  2.48384E+03 -6.84694E+01 -4.25169E+01
 OMEGA(4,3)   -1.01796E+02 -3.13477E+01 -3.08997E+01 -1.80939E+02  6.92497E+02 -5.18658E+01  1.07124E+01  6.99811E+01  1.24506E+02 -1.43149E+02 -8.66029E+02  2.97402E+01 -6.84694E+01  2.34968E+03 -1.29743E+03
 OMEGA(4,4)   -1.92510E+01 -5.21267E+01 -8.17138E+01  2.87303E+02  1.06756E+03 -1.25955E+02  8.47589E+01 -5.86210E+01  1.28770E+02  5.91976E+01  2.03827E+02 -8.95170E+01 -4.25169E+01 -1.29743E+03  1.68704E+03
TABLE NO.     2: Stochastic Approximation Expectation-Maximization (No Prior): Problem=1 Subproblem=0 Superproblem1=0 Iteration1=0 Superproblem2=0 Iteration2=0
 NAME         THETA1       THETA2       THETA3       THETA4       SIGMA(1,1)   OMEGA(1,1)   OMEGA(2,1)   OMEGA(2,2)   OMEGA(3,1)   OMEGA(3,2)   OMEGA(3,3)   OMEGA(4,1)   OMEGA(4,2)   OMEGA(4,3)   OMEGA(4,4)
 THETA1        5.58225E+02 -4.96033E+01 -7.56174E+01  2.29023E+01 -3.71555E+01  2.25378E+02 -1.65264E+02 -3.56884E+01 -2.96870E+01 -2.70283E+01  6.77330E+01  1.10186E+02  2.02506E+02 -5.45957E+01 -2.35084E+01
 THETA2       -4.96033E+01  4.21555E+02  3.37438E+01 -6.18365E+01 -5.23162E+02 -1.00873E+02 -1.51296E+02  5.68494E+01 -1.07181E+02 -2.11714E+01  9.26629E+01  1.51383E+02  5.86976E+01 -3.70023E+01 -5.62485E+01
 THETA3       -7.56174E+01  3.37438E+01  3.17621E+02 -1.93840E+02  8.51173E+01 -3.05125E+01 -7.92366E+01  9.32094E+01  2.18234E+02  1.23211E+01  5.50186E+01 -1.26563E+02 -6.56520E+01 -6.77911E+01 -2.84353E+01
 THETA4        2.29023E+01 -6.18365E+01 -1.93840E+02  5.06070E+02 -5.60885E+01  4.93785E+01  1.46585E+02  2.41910E+01 -1.10111E+02  2.58601E+01 -6.10998E+01 -2.24239E+01 -1.16910E+02 -5.95816E+01  2.21869E+02
 SIGMA(1,1)   -3.71555E+01 -5.23162E+02  8.51173E+01 -5.60885E+01  2.46373E+04  6.92820E+02  3.44669E+02  6.31712E+02  3.97490E+02 -4.31947E+01 -3.83529E+02  1.30557E+03  3.82415E+02  4.95120E+02  1.12969E+03
 OMEGA(1,1)    2.25378E+02 -1.00873E+02 -3.05125E+01  4.93785E+01  6.92820E+02  1.74042E+03 -7.30057E+02  4.64616E+01 -5.96451E+01 -1.97447E+02  8.62055E+00 -2.15462E+02  1.19130E+02  1.31900E+01 -1.20336E+02
 OMEGA(2,1)   -1.65264E+02 -1.51296E+02 -7.92366E+01  1.46585E+02  3.44669E+02 -7.30057E+02  2.42688E+03 -2.40838E+02 -2.97044E+02  8.50416E+01  1.90357E+01 -1.78464E+02 -2.74902E+02 -3.47448E+00  9.06542E+01
 OMEGA(2,2)   -3.56884E+01  5.68494E+01  9.32094E+01  2.41910E+01  6.31712E+02  4.64616E+01 -2.40838E+02  9.21074E+02  2.50693E+02  6.82400E+01 -3.62926E+01 -1.35535E+02 -3.72106E+02 -4.43095E+00 -3.28074E+01
 OMEGA(3,1)   -2.96870E+01 -1.07181E+02  2.18234E+02 -1.10111E+02  3.97490E+02 -5.96451E+01 -2.97044E+02  2.50693E+02  1.84969E+03  3.35957E+01 -3.92758E+02 -1.07593E+03  2.52029E+01  2.48112E+02  8.26122E+01
 OMEGA(3,2)   -2.70283E+01 -2.11714E+01  1.23211E+01  2.58601E+01 -4.31947E+01 -1.97447E+02  8.50416E+01  6.82400E+01  3.35957E+01  7.35888E+02  1.30575E+02  7.95308E+01 -6.02575E+02 -3.09590E+02  1.58332E+02
 OMEGA(3,3)    6.77330E+01  9.26629E+01  5.50186E+01 -6.10998E+01 -3.83529E+02  8.62055E+00  1.90357E+01 -3.62926E+01 -3.92758E+02  1.30575E+02  6.45859E+02  1.80274E+02 -1.30696E+02 -7.59075E+02  1.37299E+02
 OMEGA(4,1)    1.10186E+02  1.51383E+02 -1.26563E+02 -2.24239E+01  1.30557E+03 -2.15462E+02 -1.78464E+02 -1.35535E+02 -1.07593E+03  7.95308E+01  1.80274E+02  2.35825E+03 -3.63085E+00 -1.87474E+02  1.93588E+01
 OMEGA(4,2)    2.02506E+02  5.86976E+01 -6.56520E+01 -1.16910E+02  3.82415E+02  1.19130E+02 -2.74902E+02 -3.72106E+02  2.52029E+01 -6.02575E+02 -1.30696E+02 -3.63085E+00  1.90161E+03  2.68648E+02 -2.63616E+02
 OMEGA(4,3)   -5.45957E+01 -3.70023E+01 -6.77911E+01 -5.95816E+01  4.95120E+02  1.31900E+01 -3.47448E+00 -4.43095E+00  2.48112E+02 -3.09590E+02 -7.59075E+02 -1.87474E+02  2.68648E+02  1.84687E+03 -9.44824E+02
 OMEGA(4,4)   -2.35084E+01 -5.62485E+01 -2.84353E+01  2.21869E+02  1.12969E+03 -1.20336E+02  9.06542E+01 -3.28074E+01  8.26122E+01  1.58332E+02  1.37299E+02  1.93588E+01 -2.63616E+02 -9.44824E+02  1.42343E+03
TABLE NO.     3: Objective Function Evaluation by Importance Sampling (No Prior): Problem=1 Subproblem=0 Superproblem1=0 Iteration1=0 Superproblem2=0 Iteration2=0
 NAME         THETA1       THETA2       THETA3       THETA4       SIGMA(1,1)   OMEGA(1,1)   OMEGA(2,1)   OMEGA(2,2)   OMEGA(3,1)   OMEGA(3,2)   OMEGA(3,3)   OMEGA(4,1)   OMEGA(4,2)   OMEGA(4,3)   OMEGA(4,4)
 THETA1        5.64183E+02 -5.02674E+01 -7.65908E+01  2.40193E+01 -4.75942E+01 -2.40925E+00 -3.74352E+01  6.93397E+00 -3.25843E+01  2.47594E+01  6.25167E+00 -6.45492E+00  4.71346E+00 -1.03036E+01 -9.34345E+00
 THETA2       -5.02674E+01  4.24852E+02  3.31167E+01 -6.26027E+01 -1.89935E+02 -3.72065E+01 -6.99817E+01  6.11154E+01 -5.19403E+01 -9.16756E+01  2.46500E+01 -4.22650E+01  8.23579E+01  2.40694E+01 -4.94002E+01
 THETA3       -7.65908E+01  3.31167E+01  3.23631E+02 -1.95859E+02 -6.43307E+01 -3.37572E+01 -2.31815E+01  5.52696E+01  9.81157E+01 -1.17314E+02 -2.26284E+01 -8.31366E+01 -5.58696E+00 -1.96568E+00  4.67018E+01
 THETA4        2.40193E+01 -6.26027E+01 -1.95859E+02  5.12824E+02 -6.08916E+01 -9.07458E+00 -4.83751E+01  3.31586E+01 -6.54159E+01  8.54151E+01 -2.93011E+01  1.25702E+01 -1.02139E+02  9.77232E+01 -5.09372E+01
 SIGMA(1,1)   -4.75942E+01 -1.89935E+02 -6.43307E+01 -6.08916E+01  2.89048E+04  2.82179E+02  4.37357E+02  1.08062E+03 -6.27359E+01  7.86329E+01  6.92705E+02  6.12863E+02 -1.74992E+02  3.18673E+02  8.09814E+02
 OMEGA(1,1)   -2.40925E+00 -3.72065E+01 -3.37572E+01 -9.07458E+00  2.82179E+02  1.55068E+03 -2.82443E+02  4.09006E+01 -4.95066E+02  1.55825E+01  2.27531E+01  7.78892E+01 -1.14368E+01 -7.98046E+00 -7.51688E+00
 OMEGA(2,1)   -3.74352E+01 -6.99817E+01 -2.31815E+01 -4.83751E+01  4.37357E+02 -2.82443E+02  2.40780E+03 -1.52317E+02  1.32333E+02 -3.99712E+02 -2.85018E+01 -4.20792E+02  1.10928E+02  3.98405E+01 -2.66780E+01
 OMEGA(2,2)    6.93397E+00  6.11154E+01  5.52696E+01  3.31586E+01  1.08062E+03  4.09006E+01 -1.52317E+02  9.98895E+02  1.51548E+01  1.92936E+02  4.34629E+01  5.63587E+01 -3.17070E+02  3.45946E+00 -7.49747E-01
 OMEGA(3,1)   -3.25843E+01 -5.19403E+01  9.81157E+01 -6.54159E+01 -6.27359E+01 -4.95066E+02  1.32333E+02  1.51548E+01  1.92105E+03 -5.42227E+01 -2.65593E+02 -1.11088E+03  6.84508E+01  2.01305E+02 -7.15970E+01
 OMEGA(3,2)    2.47594E+01 -9.16756E+01 -1.17314E+02  8.54151E+01  7.86329E+01  1.55825E+01 -3.99712E+02  1.92936E+02 -5.42227E+01  1.07884E+03  7.72368E+01  1.14029E+02 -6.17345E+02 -1.50044E+02  1.04577E+02
 OMEGA(3,3)    6.25167E+00  2.46500E+01 -2.26284E+01 -2.93011E+01  6.92705E+02  2.27531E+01 -2.85018E+01  4.34629E+01 -2.65593E+02  7.72368E+01  5.36053E+02  1.60996E+02 -7.10328E+01 -6.65201E+02  2.12097E+02
 OMEGA(4,1)   -6.45492E+00 -4.22650E+01 -8.31366E+01  1.25702E+01  6.12863E+02  7.78892E+01 -4.20792E+02  5.63587E+01 -1.11088E+03  1.14029E+02  1.60996E+02  2.79884E+03 -2.28305E+02 -5.16080E+02  1.35989E+02
 OMEGA(4,2)    4.71346E+00  8.23579E+01 -5.58696E+00 -1.02139E+02 -1.74992E+02 -1.14368E+01  1.10928E+02 -3.17070E+02  6.84508E+01 -6.17345E+02 -7.10328E+01 -2.28305E+02  2.07271E+03  1.83358E+02 -3.42271E+02
 OMEGA(4,3)   -1.03036E+01  2.40694E+01 -1.96568E+00  9.77232E+01  3.18673E+02 -7.98046E+00  3.98405E+01  3.45946E+00  2.01305E+02 -1.50044E+02 -6.65201E+02 -5.16080E+02  1.83358E+02  2.15875E+03 -9.85794E+02
 OMEGA(4,4)   -9.34345E+00 -4.94002E+01  4.67018E+01 -5.09372E+01  8.09814E+02 -7.51688E+00 -2.66780E+01 -7.49747E-01 -7.15970E+01  1.04577E+02  2.12097E+02  1.35989E+02 -3.42271E+02 -9.85794E+02  1.29101E+03
TABLE NO.     4: MCMC Bayesian Analysis: Problem=1 Subproblem=0 Superproblem1=0 Iteration1=0 Superproblem2=0 Iteration2=0
 NAME         THETA1       THETA2       THETA3       THETA4       SIGMA(1,1)   OMEGA(1,1)   OMEGA(2,1)   OMEGA(2,2)   OMEGA(3,1)   OMEGA(3,2)   OMEGA(3,3)   OMEGA(4,1)   OMEGA(4,2)   OMEGA(4,3)   OMEGA(4,4)
 THETA1        5.26680E+02 -4.67033E+01 -6.77334E+01  2.07181E+01  3.98725E-01 -8.59474E+00 -1.60329E+01  7.53869E+00 -2.73146E+01  1.45038E+01 -3.67473E+00 -9.41184E-01  3.37072E+00  1.53916E+00 -1.70010E+01
 THETA2       -4.67033E+01  3.77555E+02  2.98498E+01 -5.57266E+01 -1.94135E+02 -4.18047E+01 -3.02379E+01  5.59976E+01 -3.18282E+01 -8.02622E+01  2.59194E+01 -4.19212E+01  6.33946E+01  7.66147E-01 -2.76931E+01
 THETA3       -6.77334E+01  2.98498E+01  3.06929E+02 -1.71859E+02 -7.78640E+01 -3.11111E+01 -2.14586E+01  4.92083E+01  7.21469E+01 -1.08939E+02 -2.11506E+01 -8.09040E+01 -1.90132E+01 -2.44168E+00  4.22267E+01
 THETA4        2.07181E+01 -5.57266E+01 -1.71859E+02  4.75578E+02 -9.46008E+01 -1.91823E+01 -5.16465E+01  1.71633E+01 -5.42083E+01  7.56903E+01 -3.32452E+01  1.45027E+01 -1.01121E+02  1.01360E+02 -5.42323E+01
 SIGMA(1,1)    3.98725E-01 -1.94135E+02 -7.78640E+01 -9.46008E+01  2.38337E+04  2.29678E+02  2.95590E+02  7.74064E+02 -2.46156E+01  2.15652E+01  4.99635E+02  4.61892E+02 -1.48923E+02  3.79348E+02  6.35652E+02
 OMEGA(1,1)   -8.59474E+00 -4.18047E+01 -3.11111E+01 -1.91823E+01  2.29678E+02  1.36027E+03 -2.25084E+02  3.39314E+01 -3.51302E+02  2.61382E+00  8.01478E+00  9.13559E+01 -2.38067E+01 -1.02614E+01 -2.91759E-01
 OMEGA(2,1)   -1.60329E+01 -3.02379E+01 -2.14586E+01 -5.16465E+01  2.95590E+02 -2.25084E+02  2.15703E+03 -1.19019E+02  5.93813E+01 -3.09708E+02  5.04511E+00 -3.52223E+02  1.49082E+02 -1.13363E+01  1.36696E+00
 OMEGA(2,2)    7.53869E+00  5.59976E+01  4.92083E+01  1.71633E+01  7.74064E+02  3.39314E+01 -1.19019E+02  8.60267E+02  4.99231E+01  1.72104E+02  4.80607E+00  4.42788E+01 -2.94708E+02  1.64474E+01 -5.82272E+00
 OMEGA(3,1)   -2.73146E+01 -3.18282E+01  7.21469E+01 -5.42083E+01 -2.46156E+01 -3.51302E+02  5.93813E+01  4.99231E+01  1.76355E+03 -1.00392E+02 -2.21186E+02 -9.23729E+02  6.51586E+01  1.72201E+02 -4.20833E+01
 OMEGA(3,2)    1.45038E+01 -8.02622E+01 -1.08939E+02  7.56903E+01  2.15652E+01  2.61382E+00 -3.09708E+02  1.72104E+02 -1.00392E+02  1.06391E+03  6.09374E+01  8.40757E+01 -4.81657E+02 -1.53968E+02  1.00429E+02
 OMEGA(3,3)   -3.67473E+00  2.59194E+01 -2.11506E+01 -3.32452E+01  4.99635E+02  8.01478E+00  5.04511E+00  4.80607E+00 -2.21186E+02  6.09374E+01  4.70537E+02  1.19765E+02 -3.70966E+01 -5.15097E+02  1.33960E+02
 OMEGA(4,1)   -9.41184E-01 -4.19212E+01 -8.09040E+01  1.45027E+01  4.61892E+02  9.13559E+01 -3.52223E+02  4.42788E+01 -9.23729E+02  8.40757E+01  1.19765E+02  2.50152E+03 -1.70015E+02 -3.67456E+02  1.38661E+02
 OMEGA(4,2)    3.37072E+00  6.33946E+01 -1.90132E+01 -1.01121E+02 -1.48923E+02 -2.38067E+01  1.49082E+02 -2.94708E+02  6.51586E+01 -4.81657E+02 -3.70966E+01 -1.70015E+02  1.82845E+03  1.66958E+02 -3.11666E+02
 OMEGA(4,3)    1.53916E+00  7.66147E-01 -2.44168E+00  1.01360E+02  3.79348E+02 -1.02614E+01 -1.13363E+01  1.64474E+01  1.72201E+02 -1.53968E+02 -5.15097E+02 -3.67456E+02  1.66958E+02  1.83558E+03 -7.32658E+02
 OMEGA(4,4)   -1.70010E+01 -2.76931E+01  4.22267E+01 -5.42323E+01  6.35652E+02 -2.91759E-01  1.36696E+00 -5.82272E+00 -4.20833E+01  1.00429E+02  1.33960E+02  1.38661E+02 -3.11666E+02 -7.32658E+02  1.08668E+03
TABLE NO.     5: First Order Conditional Estimation with Interaction (No Prior): Problem=1 Subproblem=0 Superproblem1=0 Iteration1=0 Superproblem2=0 Iteration2=0
 NAME         THETA1       THETA2       THETA3       THETA4       SIGMA(1,1)   OMEGA(1,1)   OMEGA(2,1)   OMEGA(2,2)   OMEGA(3,1)   OMEGA(3,2)   OMEGA(3,3)   OMEGA(4,1)   OMEGA(4,2)   OMEGA(4,3)   OMEGA(4,4)
 THETA1        5.71820E+02 -4.83268E+01 -7.05866E+01  1.28995E+01 -3.30621E+02 -1.15640E+01 -4.42076E+01 -1.34711E+01 -3.66008E+01  2.68758E+01 -5.25491E+00 -1.68356E+01  6.11029E+00 -2.48304E+01 -1.66612E+01
 THETA2       -4.83268E+01  4.73196E+02  7.43265E+00 -4.65362E+01 -1.86150E+02 -4.02374E+01 -7.52203E+01 -3.24040E+01 -6.88140E+01 -4.10603E+01  2.56666E+01 -4.41864E+01  8.78266E+01  5.39115E+00 -6.06627E+01
 THETA3       -7.05866E+01  7.43265E+00  3.40502E+02 -2.14397E+02 -3.26545E+01 -3.27397E+01 -4.15659E+01  6.87926E+01  1.19189E+02 -1.54158E+02 -4.92176E+01 -8.83617E+01 -2.83427E+01  8.16928E+00  3.37401E+01
 THETA4        1.28995E+01 -4.65362E+01 -2.14397E+02  5.54121E+02 -1.79514E+02 -1.62874E+01 -5.16423E+01  1.36178E+01 -6.77164E+01  6.72347E+01 -3.31818E+01 -2.71662E+01 -8.30695E+01  4.92636E+01 -4.53601E+01
 SIGMA(1,1)   -3.30621E+02 -1.86150E+02 -3.26545E+01 -1.79514E+02  2.61670E+04  4.03050E+02  1.12048E+03  1.00749E+03 -1.96885E+02 -1.02410E+03  9.49792E+02  4.85339E+02  5.06267E+02  3.94345E+02  8.09273E+02
 OMEGA(1,1)   -1.15640E+01 -4.02374E+01 -3.27397E+01 -1.62874E+01  4.03050E+02  1.59983E+03 -2.88495E+02  4.93934E+01 -4.17215E+02 -3.19232E+01  2.17358E+01  1.05123E+01  3.78246E-01  4.47191E+00 -1.40024E+01
 OMEGA(2,1)   -4.42076E+01 -7.52203E+01 -4.15659E+01 -5.16423E+01  1.12048E+03 -2.88495E+02  2.74558E+03 -2.05274E+02 -9.39602E+01 -3.80748E+02  1.95876E+00 -3.66758E+02  1.92986E+02 -7.34882E+00 -3.14811E+01
 OMEGA(2,2)   -1.34711E+01 -3.24040E+01  6.87926E+01  1.36178E+01  1.00749E+03  4.93934E+01 -2.05274E+02  1.18475E+03 -1.87746E+01  1.01846E+02  9.07643E-01  6.67957E+01 -3.45306E+02  3.13605E+00  4.18580E+00
 OMEGA(3,1)   -3.66008E+01 -6.88140E+01  1.19189E+02 -6.77164E+01 -1.96885E+02 -4.17215E+02 -9.39602E+01 -1.87746E+01  2.03913E+03  7.84578E+01 -2.56916E+02 -1.18072E+03  5.52145E+01  1.10404E+02 -3.14474E+01
 OMEGA(3,2)    2.68758E+01 -4.10603E+01 -1.54158E+02  6.72347E+01 -1.02410E+03 -3.19232E+01 -3.80748E+02  1.01846E+02  7.84578E+01  1.13777E+03 -2.29939E+01  7.03587E+01 -6.88758E+02  5.44521E+01  6.29882E+01
 OMEGA(3,3)   -5.25491E+00  2.56666E+01 -4.92176E+01 -3.31818E+01  9.49792E+02  2.17358E+01  1.95876E+00  9.07643E-01 -2.56916E+02 -2.29939E+01  6.09255E+02  1.36529E+02  5.57048E+01 -8.41421E+02  2.25263E+02
 OMEGA(4,1)   -1.68356E+01 -4.41864E+01 -8.83617E+01 -2.71662E+01  4.85339E+02  1.05123E+01 -3.66758E+02  6.67957E+01 -1.18072E+03  7.03587E+01  1.36529E+02  3.02792E+03 -2.94690E+02 -3.96050E+02  4.77503E+01
 OMEGA(4,2)    6.11029E+00  8.78266E+01 -2.83427E+01 -8.30695E+01  5.06267E+02  3.78246E-01  1.92986E+02 -3.45306E+02  5.52145E+01 -6.88758E+02  5.57048E+01 -2.94690E+02  2.54358E+03 -6.16437E+01 -3.38988E+02
 OMEGA(4,3)   -2.48304E+01  5.39115E+00  8.16928E+00  4.92636E+01  3.94345E+02  4.47191E+00 -7.34882E+00  3.13605E+00  1.10404E+02  5.44521E+01 -8.41421E+02 -3.96050E+02 -6.16437E+01  2.43565E+03 -1.10686E+03
 OMEGA(4,4)   -1.66612E+01 -6.06627E+01  3.37401E+01 -4.53601E+01  8.09273E+02 -1.40024E+01 -3.14811E+01  4.18580E+00 -3.14474E+01  6.29882E+01  2.25263E+02  4.77503E+01 -3.38988E+02 -1.10686E+03  1.49114E+03
