TABLE NO.     1: Iterative Two Stage (No Prior): Problem=1 Subproblem=0 Superproblem1=0 Iteration1=0 Superproblem2=0 Iteration2=0
 NAME         THETA1       THETA2       THETA3       THETA4       THETA5       THETA6       THETA7       THETA8       SIGMA(1,1)   SIGMA(2,1)   SIGMA(2,2)   OMEGA(1,1)   OMEGA(2,1)   OMEGA(2,2)   OMEGA(3,1)   OMEGA(3,2)   OMEGA(3,3)   OMEGA(4,1)   OMEGA(4,2)   OMEGA(4,3)   OMEGA(4,4)   OMEGA(5,1)   OMEGA(5,2)   OMEGA(5,3)   OMEGA(5,4)   OMEGA(5,5)   OMEGA(6,1)   OMEGA(6,2)   OMEGA(6,3)   OMEGA(6,4)   OMEGA(6,5)   OMEGA(6,6)   OMEGA(7,1)   OMEGA(7,2)   OMEGA(7,3)   OMEGA(7,4)   OMEGA(7,5)   OMEGA(7,6)   OMEGA(7,7)   OMEGA(8,1)   OMEGA(8,2)   OMEGA(8,3)   OMEGA(8,4)   OMEGA(8,5)   OMEGA(8,6)   OMEGA(8,7)   OMEGA(8,8)
 THETA1        3.47808E-01 -4.18895E-01  3.78256E-01  7.45628E-01 -7.30297E-01 -6.50468E-01 -2.85829E-01  7.88474E-01  8.18851E-01  0.00000E+00  9.64131E-02 -5.73070E-01 -2.82755E-01 -2.76135E-01 -2.91673E-01  1.48409E-01  7.06829E-01 -2.66393E-01 -2.67378E-01  3.71917E-01 -4.22985E-01  2.47767E-01  9.75876E-02  4.57385E-03 -3.90506E-01 -6.02863E-01 -4.35564E-01 -4.24903E-01  3.15655E-01 -3.67406E-01 -2.98004E-01 -5.94562E-01  6.44062E-02 -3.75669E-01 -5.42220E-01 -3.33171E-01  1.63004E-02  4.20901E-01 -1.76499E-01 -4.36129E-01 -7.34190E-01  4.71314E-01 -6.43953E-01  5.14920E-01  8.42553E-01  3.06678E-01 -6.14838E-01
 THETA2       -4.18895E-01  2.24794E-01 -2.85612E-01 -3.62989E-01  5.48763E-01  3.57750E-01 -1.22381E-01 -4.72377E-01 -5.91328E-01  0.00000E+00 -6.10459E-01  1.69553E-01  6.15333E-01 -3.58373E-01 -3.73390E-01  2.08180E-01 -6.32583E-01 -1.66356E-01 -1.02027E-01 -5.91482E-01 -2.68061E-01 -1.85562E-01  1.95155E-03  2.91893E-01  6.46576E-01  5.05046E-01  5.72325E-01  6.50761E-01  9.71940E-02 -1.62899E-01  5.97475E-01  4.16631E-01 -7.83916E-02  7.06642E-01  4.68296E-01  4.16947E-01 -8.50603E-02 -7.39501E-01  3.19750E-01  3.85269E-01  4.98593E-01 -5.92527E-01  1.11793E-01 -4.09365E-01 -2.97540E-01  1.84698E-01  6.15358E-01
 THETA3        3.78256E-01 -2.85612E-01  2.29716E-01 -3.81700E-02 -3.64728E-02 -3.02102E-01  2.68799E-01  2.14392E-01  1.59133E-01  0.00000E+00  2.62734E-01 -6.01431E-01  2.60325E-02 -5.36936E-01  1.22311E-01  5.16799E-01  5.14441E-02  1.77273E-01 -4.45475E-01  3.68032E-01  3.61046E-01 -1.24037E-01 -5.28084E-02 -4.38196E-01 -3.33125E-01 -2.10067E-01 -5.54915E-02 -5.20470E-01 -4.07477E-01  2.47630E-03 -5.91621E-01 -2.48066E-01 -5.75769E-01 -1.47529E-01 -6.58334E-01 -1.11678E-01 -6.07383E-01  2.76785E-01 -1.56394E-01 -7.64370E-01 -5.09386E-01  1.01203E-01 -6.06872E-01 -2.68350E-01  1.92697E-01 -3.11309E-01 -6.03817E-01
 THETA4        7.45628E-01 -3.62989E-01 -3.81700E-02  3.11374E-01 -7.42990E-01 -4.63532E-01 -4.74130E-01  7.91029E-01  8.60749E-01  0.00000E+00  2.91752E-02 -2.04066E-01 -4.10850E-01  2.34212E-02 -2.38232E-01 -2.71890E-01  7.04904E-01 -4.52325E-01  5.32641E-02  3.34692E-01 -4.75418E-01  3.81111E-01 -6.42689E-02  1.19510E-01 -3.42958E-01 -6.24058E-01 -5.06406E-01 -2.72945E-01  3.70772E-01 -3.27305E-01 -2.21015E-01 -5.49532E-01  4.86033E-01 -4.45014E-01 -2.69872E-01 -2.15247E-01  3.46549E-01  3.10526E-01 -6.77569E-02 -1.32707E-02 -5.87647E-01  4.46455E-01 -2.62433E-01  7.01289E-01  7.55499E-01  5.82658E-01 -3.24964E-01
 THETA5       -7.30297E-01  5.48763E-01 -3.64728E-02 -7.42990E-01  2.15905E-01  5.73189E-01  3.58606E-01 -7.22011E-01 -7.96993E-01  0.00000E+00 -2.42531E-01  3.75905E-01  4.76117E-01 -1.48509E-01  1.48654E-01  1.97284E-01 -7.99773E-01  2.07378E-01 -4.11484E-02 -3.86415E-01  3.11785E-01 -2.21398E-01 -4.45434E-02 -2.34625E-02  4.88058E-01  6.23001E-01  5.35543E-01  4.75658E-01 -4.36540E-01  2.57112E-01  2.06625E-01  5.41566E-01 -2.12520E-01  5.97195E-01  3.01556E-01  4.67054E-01 -1.52603E-01 -6.26036E-01  1.77716E-01  2.91567E-01  5.63250E-01 -5.33600E-01  2.87265E-01 -6.00021E-01 -7.14080E-01 -1.78796E-01  5.90019E-01
 THETA6       -6.50468E-01  3.57750E-01 -3.02102E-01 -4.63532E-01  5.73189E-01  2.65437E-01  2.68001E-01 -5.52218E-01 -5.59475E-01  0.00000E+00 -1.70663E-01  3.87317E-01  2.93533E-01  2.38640E-01  1.05898E-01 -1.75562E-01 -5.12310E-01 -1.50018E-01  3.82033E-01 -5.68697E-01  7.99536E-02  2.08951E-01 -9.90153E-02  4.13489E-01  6.03173E-01  4.17441E-01  1.79072E-01  6.27013E-01 -4.35995E-01  3.13899E-01  2.71307E-01  6.63097E-01  1.50692E-02  2.12175E-01  4.86570E-01  4.09332E-01  4.36049E-02 -4.33145E-01  4.25906E-02  5.23355E-01  4.97565E-01 -2.09569E-01  4.23208E-01 -2.47605E-01 -5.98251E-01  2.96196E-02  6.60393E-01
 THETA7       -2.85829E-01 -1.22381E-01  2.68799E-01 -4.74130E-01  3.58606E-01  2.68001E-01  1.50308E-01 -1.80656E-01 -3.32565E-01  0.00000E+00  3.05933E-01  1.97686E-02 -9.19313E-02  6.65890E-02  2.89041E-01  2.11702E-01 -2.33372E-01  5.17491E-01 -2.71909E-01  2.49621E-01  3.46359E-01 -3.12795E-01  2.29625E-01 -3.31749E-01 -7.78954E-02  1.62664E-01  1.20550E-01 -1.23064E-01 -5.62293E-01  5.56129E-01 -3.88267E-01  1.96502E-01 -3.12040E-01  7.82851E-02 -2.72291E-01  4.08886E-01 -2.21263E-01 -4.17772E-02 -3.77257E-01 -1.88578E-01  2.73477E-02 -9.52315E-02  1.19837E-01 -2.47880E-01 -4.06167E-01 -4.89551E-01 -7.00705E-02
 THETA8        7.88474E-01 -4.72377E-01  2.14392E-01  7.91029E-01 -7.22011E-01 -5.52218E-01 -1.80656E-01  3.83747E-01  8.72524E-01  0.00000E+00  3.79755E-01 -3.23911E-01 -6.46064E-01  1.23580E-01  2.90297E-03 -2.53367E-01  8.87581E-01 -2.57955E-01 -1.24747E-01  5.61028E-01 -3.07088E-01  1.78173E-01  5.36573E-02 -1.40748E-01 -6.25772E-01 -8.27969E-01 -3.45382E-01 -4.55764E-01  2.65670E-01 -1.31836E-02 -4.18378E-01 -5.68884E-01  4.07283E-01 -5.87172E-01 -5.02335E-01 -2.10017E-01  3.24290E-01  4.37886E-01 -4.43768E-01 -2.53283E-01 -8.34341E-01  6.11913E-01 -4.44463E-01  7.21407E-01  8.28240E-01  3.09789E-01 -6.29500E-01
 SIGMA(1,1)    8.18851E-01 -5.91328E-01  1.59133E-01  8.60749E-01 -7.96993E-01 -5.59475E-01 -3.32565E-01  8.72524E-01  3.46085E-03  0.00000E+00  2.70051E-01 -3.32437E-01 -5.35260E-01  8.29383E-02 -5.68837E-02 -2.80838E-01  8.45066E-01 -3.36074E-01  7.31223E-03  4.66681E-01 -3.03290E-01  3.45775E-01  1.80356E-02 -4.41980E-02 -5.25065E-01 -6.99982E-01 -5.00020E-01 -4.74711E-01  2.94993E-01 -1.55292E-01 -3.69968E-01 -6.30384E-01  3.38705E-01 -5.89819E-01 -4.07683E-01 -3.26987E-01  3.23883E-01  4.75118E-01 -3.01161E-01 -2.56835E-01 -7.08051E-01  6.19864E-01 -3.91560E-01  7.16027E-01  7.80820E-01  3.28739E-01 -5.76566E-01
 SIGMA(2,1)    0.00000E+00  0.00000E+00  0.00000E+00  0.00000E+00  0.00000E+00  0.00000E+00  0.00000E+00  0.00000E+00  0.00000E+00  0.00000E+00  0.00000E+00  0.00000E+00  0.00000E+00  0.00000E+00  0.00000E+00  0.00000E+00  0.00000E+00  0.00000E+00  0.00000E+00  0.00000E+00  0.00000E+00  0.00000E+00  0.00000E+00  0.00000E+00  0.00000E+00  0.00000E+00  0.00000E+00  0.00000E+00  0.00000E+00  0.00000E+00  0.00000E+00  0.00000E+00  0.00000E+00  0.00000E+00  0.00000E+00  0.00000E+00  0.00000E+00  0.00000E+00  0.00000E+00  0.00000E+00  0.00000E+00  0.00000E+00  0.00000E+00  0.00000E+00  0.00000E+00  0.00000E+00  0.00000E+00
 SIGMA(2,2)    9.64131E-02 -6.10459E-01  2.62734E-01  2.91752E-02 -2.42531E-01 -1.70663E-01  3.05933E-01  3.79755E-01  2.70051E-01  0.00000E+00  4.29435E-03 -9.36218E-02 -7.63242E-01  5.18994E-01  6.54334E-01 -3.34770E-01  5.31012E-01  3.61895E-01 -9.21756E-02  5.83108E-01  3.87706E-01 -1.15407E-01  9.53645E-04 -2.92049E-01 -7.05401E-01 -6.14088E-01 -3.40821E-01 -6.55666E-01 -4.01342E-01  5.19157E-01 -5.60523E-01 -1.34167E-01  8.95540E-02 -6.29337E-01 -4.05548E-01 -1.36149E-01  2.32877E-01  4.50254E-01 -5.25824E-01 -3.49046E-01 -5.39475E-01  5.74850E-01  2.58081E-02  3.09828E-01 -2.08932E-02 -3.55371E-01 -5.81757E-01
 OMEGA(1,1)   -5.73070E-01  1.69553E-01 -6.01431E-01 -2.04066E-01  3.75905E-01  3.87317E-01  1.97686E-02 -3.23911E-01 -3.32437E-01  0.00000E+00 -9.36218E-02  1.50159E-01 -1.15606E-01  4.86678E-01  4.27266E-01 -5.17689E-01 -2.35433E-01  4.17568E-02  3.05776E-01 -1.69633E-01  1.35537E-01  1.89286E-02  5.00245E-02  7.86620E-02  1.89891E-01  3.75306E-01  1.81330E-01  3.88053E-01  5.63273E-03  3.06306E-01  2.48042E-01  1.82300E-01  5.80136E-01  2.13863E-01  5.80961E-01  3.41526E-01  4.98345E-01 -3.96062E-01  5.91584E-02  7.21427E-01  5.14647E-01 -3.95651E-02  5.83085E-01  1.07247E-01 -4.37666E-01  1.73326E-01  6.06211E-01
 OMEGA(2,1)   -2.82755E-01  6.15333E-01  2.60325E-02 -4.10850E-01  4.76117E-01  2.93533E-01 -9.19313E-02 -6.46064E-01 -5.35260E-01  0.00000E+00 -7.63242E-01 -1.15606E-01  2.23939E-01 -6.78688E-01 -5.63149E-01  5.30673E-01 -7.66900E-01 -1.77174E-01  8.16366E-02 -6.74624E-01 -6.87940E-02  3.64807E-02 -2.13818E-01  2.13996E-01  7.55415E-01  7.12180E-01  3.51145E-01  5.46356E-01  4.84185E-02 -5.06646E-01  4.46675E-01  3.67563E-01 -4.91867E-01  6.37823E-01  3.42691E-01  8.27087E-02 -5.44549E-01 -4.28795E-01  6.08430E-01  1.63646E-01  5.84975E-01 -6.84467E-01 -3.72101E-02 -7.04287E-01 -2.70356E-01  9.01968E-02  5.39066E-01
 OMEGA(2,2)   -2.76135E-01 -3.58373E-01 -5.36936E-01  2.34212E-02 -1.48509E-01  2.38640E-01  6.65890E-02  1.23580E-01  8.29383E-02  0.00000E+00  5.18994E-01  4.86678E-01 -6.78688E-01  2.80280E-01  5.27591E-01 -7.56680E-01  3.96109E-01  7.31353E-02  4.51667E-01  1.44069E-01  1.41701E-01  1.22591E-01  7.34748E-02  1.06395E-01 -3.04025E-01 -2.62047E-01 -2.37183E-01 -5.98106E-02 -2.63645E-02  5.36112E-01 -2.74166E-02  1.18780E-01  5.16027E-01 -4.97018E-01  2.48191E-01 -7.51516E-02  6.16313E-01  2.53769E-01 -3.50512E-01  3.10911E-01  6.53066E-02  4.02787E-01  5.36467E-01  4.86256E-01 -1.74551E-01 -1.36169E-01 -8.16231E-04
 OMEGA(3,1)   -2.91673E-01 -3.73390E-01  1.22311E-01 -2.38232E-01  1.48654E-01  1.05898E-01  2.89041E-01  2.90297E-03 -5.68837E-02  0.00000E+00  6.54334E-01  4.27266E-01 -5.63149E-01  5.27591E-01  1.05385E-01 -4.98484E-01  1.40586E-01  3.50391E-01  1.52027E-02  3.95742E-01  6.26207E-01 -1.09936E-01  4.81559E-02 -3.60716E-01 -4.07951E-01 -1.18841E-01 -2.74088E-02 -3.60674E-01 -4.57991E-01  6.47111E-01 -4.21198E-01 -3.95090E-02  1.87283E-01 -3.39415E-01 -9.76577E-03  9.42296E-02  2.63829E-01  1.50946E-01 -4.25104E-01 -9.40850E-02 -7.53903E-02  4.16883E-01  2.41443E-01  1.49001E-01 -3.49677E-01 -4.18219E-01 -2.10306E-01
 OMEGA(3,2)    1.48409E-01  2.08180E-01  5.16799E-01 -2.71890E-01  1.97284E-01 -1.75562E-01  2.11702E-01 -2.53367E-01 -2.80838E-01  0.00000E+00 -3.34770E-01 -5.17689E-01  5.30673E-01 -7.56680E-01 -4.98484E-01  1.23382E-01 -3.86863E-01  2.53156E-01 -5.54338E-01 -2.68159E-02 -8.39195E-02 -3.33896E-01  2.10583E-01 -1.52568E-01  1.69255E-01  2.60852E-01  2.12859E-01 -1.45797E-04 -6.72080E-02 -2.61798E-01 -9.94349E-03  2.73660E-02 -6.69306E-01  4.80147E-01 -4.34441E-01  6.98109E-03 -7.14947E-01 -7.47663E-02  2.31548E-01 -4.35926E-01 -2.11171E-02 -4.06434E-01 -4.75751E-01 -5.31611E-01  2.01774E-02 -1.68240E-01 -9.94299E-02
 OMEGA(3,3)    7.06829E-01 -6.32583E-01  5.14441E-02  7.04904E-01 -7.99773E-01 -5.12310E-01 -2.33372E-01  8.87581E-01  8.45066E-01  0.00000E+00  5.31012E-01 -2.35433E-01 -7.66900E-01  3.96109E-01  1.40586E-01 -3.86863E-01  1.81599E-01 -1.94922E-01  4.16411E-02  5.14260E-01 -2.24226E-01  2.72966E-01  5.64681E-02 -1.51726E-02 -6.69249E-01 -8.36553E-01 -5.15215E-01 -4.88727E-01  2.99706E-01  3.21769E-02 -3.56430E-01 -4.76653E-01  4.36309E-01 -7.26723E-01 -3.68769E-01 -4.24478E-01  4.40174E-01  6.04255E-01 -4.32176E-01 -2.26661E-01 -7.40552E-01  7.84881E-01 -2.81009E-01  8.04436E-01  7.24985E-01  1.88085E-01 -6.43535E-01
 OMEGA(4,1)   -2.66393E-01 -1.66356E-01  1.77273E-01 -4.52325E-01  2.07378E-01 -1.50018E-01  5.17491E-01 -2.57955E-01 -3.36074E-01  0.00000E+00  3.61895E-01  4.17568E-02 -1.77174E-01  7.31353E-02  3.50391E-01  2.53156E-01 -1.94922E-01  8.68234E-02 -5.27984E-01  4.39070E-01  3.61480E-01 -6.91530E-01  3.22168E-01 -4.64755E-01 -2.63488E-01  4.96015E-02  1.99402E-01 -4.35652E-01 -3.71472E-01  4.07093E-01 -2.73475E-01  1.25371E-02 -3.55082E-01  7.45498E-02 -3.30703E-01  2.04844E-01 -2.00576E-01  6.31399E-02 -2.12570E-01 -3.37127E-01  1.57170E-02 -1.42424E-01  1.56921E-01 -2.78205E-01 -4.42273E-01 -6.19110E-01 -2.35787E-01
 OMEGA(4,2)   -2.67378E-01 -1.02027E-01 -4.45475E-01  5.32641E-02 -4.11484E-02  3.82033E-01 -2.71909E-01 -1.24747E-01  7.31223E-03  0.00000E+00 -9.21756E-02  3.05776E-01  8.16366E-02  4.51667E-01  1.52027E-02 -5.54338E-01  4.16411E-02 -5.27984E-01  1.31313E-01 -4.70459E-01  1.72650E-01  6.41109E-01 -5.33663E-01  3.90258E-01  2.22647E-01  1.52367E-01 -2.58190E-01  3.85948E-01  2.22392E-01 -1.93203E-01  2.48395E-01  2.97561E-01  2.97714E-01 -3.09144E-01  6.15240E-01 -3.27390E-01  1.87626E-01  1.50340E-01  2.72308E-01  4.89456E-01  3.82519E-01  6.85116E-02  5.24166E-01  7.97599E-02 -5.47128E-02  2.24016E-01  3.65879E-01
 OMEGA(4,3)    3.71917E-01 -5.91482E-01  3.68032E-01  3.34692E-01 -3.86415E-01 -5.68697E-01  2.49621E-01  5.61028E-01  4.66681E-01  0.00000E+00  5.83108E-01 -1.69633E-01 -6.74624E-01  1.44069E-01  3.95742E-01 -2.68159E-02  5.14260E-01  4.39070E-01 -4.70459E-01  1.03832E-01  1.82995E-01 -3.24896E-01  3.41791E-01 -6.99943E-01 -8.31735E-01 -5.16739E-01 -1.95999E-01 -7.66485E-01 -1.21630E-01  3.64955E-01 -6.72901E-01 -6.42594E-01  1.00153E-01 -4.02392E-01 -7.60428E-01 -5.55026E-02  8.52776E-02  4.37081E-01 -4.18892E-01 -5.04796E-01 -6.07682E-01  3.27066E-01 -2.35998E-01  3.92257E-01  3.05283E-01 -2.62433E-01 -7.27090E-01
 OMEGA(4,4)   -4.22985E-01 -2.68061E-01  3.61046E-01 -4.75418E-01  3.11785E-01  7.99536E-02  3.46359E-01 -3.07088E-01 -3.03290E-01  0.00000E+00  3.87706E-01  1.35537E-01 -6.87940E-02  1.41701E-01  6.26207E-01 -8.39195E-02 -2.24226E-01  3.61480E-01  1.72650E-01  1.82995E-01  1.68328E-01 -9.14357E-02 -2.11251E-01 -4.59171E-01 -2.94996E-01  2.21765E-01 -2.69640E-02 -3.36307E-01 -4.32570E-01  2.90819E-01 -3.79215E-01  4.81441E-02 -2.70204E-01 -1.72650E-01 -2.85287E-02 -1.86531E-01 -2.72245E-01  2.38259E-01  4.68600E-02 -2.45679E-01  1.71285E-01 -6.60949E-02  2.96125E-01 -3.51255E-01 -4.59089E-01 -5.53492E-01 -1.55003E-01
 OMEGA(5,1)    2.47767E-01 -1.85562E-01 -1.24037E-01  3.81111E-01 -2.21398E-01  2.08951E-01 -3.12795E-01  1.78173E-01  3.45775E-01  0.00000E+00 -1.15407E-01  1.89286E-02  3.64807E-02  1.22591E-01 -1.09936E-01 -3.33896E-01  2.72966E-01 -6.91530E-01  6.41109E-01 -3.24896E-01 -9.14357E-02  1.39839E-01 -3.60709E-01  5.59300E-01  1.90887E-01 -7.63205E-02 -5.72704E-01  2.14106E-01  1.35673E-01 -3.80417E-01  1.75389E-02  5.41771E-02  2.86725E-01 -3.39279E-01  2.97577E-01 -3.54880E-01  1.73438E-01  1.86475E-01  2.06337E-01  2.56907E-01 -2.90687E-02  3.59776E-01  8.29139E-02  4.08772E-01  2.54788E-01  4.41279E-01  1.51640E-01
 OMEGA(5,2)    9.75876E-02  1.95155E-03 -5.28084E-02 -6.42689E-02 -4.45434E-02 -9.90153E-02  2.29625E-01  5.36573E-02  1.80356E-02  0.00000E+00  9.53645E-04  5.00245E-02 -2.13818E-01  7.34748E-02  4.81559E-02  2.10583E-01  5.64681E-02  3.22168E-01 -5.33663E-01  3.41791E-01 -2.11251E-01 -3.60709E-01  9.08132E-02 -2.70197E-01 -1.17435E-01  9.84462E-02  1.88369E-01 -1.20298E-01  2.84909E-02  4.31999E-01  4.29225E-02 -3.28598E-01 -1.53591E-02  2.20609E-01 -3.03041E-01  2.07389E-01  1.39104E-01 -9.47260E-02 -2.57132E-01 -2.10198E-01 -7.95215E-04 -5.24202E-04 -2.38188E-01  3.09550E-01 -1.59272E-02 -2.14816E-01 -1.60708E-01
 OMEGA(5,3)    4.57385E-03  2.91893E-01 -4.38196E-01  1.19510E-01 -2.34625E-02  4.13489E-01 -3.31749E-01 -1.40748E-01 -4.41980E-02  0.00000E+00 -2.92049E-01  7.86620E-02  2.13996E-01  1.06395E-01 -3.60716E-01 -1.52568E-01 -1.51726E-02 -4.64755E-01  3.90258E-01 -6.99943E-01 -4.59171E-01  5.59300E-01 -2.70197E-01  8.63021E-02  5.44256E-01 -1.44422E-02 -2.73625E-01  4.97570E-01  8.86498E-02 -3.52417E-01  4.60965E-01  4.79006E-01  2.13633E-01  7.04788E-03  5.27311E-01 -2.41419E-02  2.36106E-01 -2.17309E-01  2.32842E-01  4.99492E-01  1.64487E-01  1.28270E-01  2.12398E-01  1.54278E-01 -2.45776E-02  4.83963E-01  4.96648E-01
 OMEGA(5,4)   -3.90506E-01  6.46576E-01 -3.33125E-01 -3.42958E-01  4.88058E-01  6.03173E-01 -7.78954E-02 -6.25772E-01 -5.25065E-01  0.00000E+00 -7.05401E-01  1.89891E-01  7.55415E-01 -3.04025E-01 -4.07951E-01  1.69255E-01 -6.69249E-01 -2.63488E-01  2.22647E-01 -8.31735E-01 -2.94996E-01  1.90887E-01 -1.17435E-01  5.44256E-01  1.65943E-01  6.27070E-01  2.95638E-01  8.12052E-01  3.17382E-03 -2.72320E-01  5.95294E-01  5.95244E-01 -1.89399E-01  5.86180E-01  6.29410E-01  3.38664E-01 -1.46051E-01 -5.86158E-01  3.59706E-01  4.60254E-01  6.20552E-01 -4.17626E-01  1.87591E-01 -4.14378E-01 -3.80598E-01  2.20685E-01  7.74371E-01
 OMEGA(5,5)   -6.02863E-01  5.05046E-01 -2.10067E-01 -6.24058E-01  6.23001E-01  4.17441E-01  1.62664E-01 -8.27969E-01 -6.99982E-01  0.00000E+00 -6.14088E-01  3.75306E-01  7.12180E-01 -2.62047E-01 -1.18841E-01  2.60852E-01 -8.36553E-01  4.96015E-02  1.52367E-01 -5.16739E-01  2.21765E-01 -7.63205E-02  9.84462E-02 -1.44422E-02  6.27070E-01  3.08556E-01  4.29058E-01  5.47856E-01  5.42700E-03 -7.62626E-02  4.33617E-01  3.02154E-01 -3.09102E-01  7.00672E-01  5.13171E-01  2.40048E-01 -3.12140E-01 -4.70709E-01  4.51866E-01  2.74086E-01  8.79059E-01 -6.58764E-01  3.07356E-01 -6.01642E-01 -5.88515E-01 -1.73040E-01  6.26452E-01
 OMEGA(6,1)   -4.35564E-01  5.72325E-01 -5.54915E-02 -5.06406E-01  5.35543E-01  1.79072E-01  1.20550E-01 -3.45382E-01 -5.00020E-01  0.00000E+00 -3.40821E-01  1.81330E-01  3.51145E-01 -2.37183E-01 -2.74088E-02  2.12859E-01 -5.15215E-01  1.99402E-01 -2.58190E-01 -1.95999E-01 -2.69640E-02 -5.72704E-01  1.88369E-01 -2.73625E-01  2.95638E-01  4.29058E-01  1.12243E-01  3.97088E-01  1.13237E-01  2.49695E-01  3.71821E-01  2.25631E-01 -1.60421E-01  5.88538E-01  2.18746E-01  4.30769E-01 -1.34449E-01 -5.30450E-01 -9.43258E-02  8.21507E-02  3.82105E-01 -4.49921E-01 -9.92086E-02 -4.69530E-01 -2.07767E-01 -1.78656E-01  2.89708E-01
 OMEGA(6,2)   -4.24903E-01  6.50761E-01 -5.20470E-01 -2.72945E-01  4.75658E-01  6.27013E-01 -1.23064E-01 -4.55764E-01 -4.74711E-01  0.00000E+00 -6.55666E-01  3.88053E-01  5.46356E-01 -5.98106E-02 -3.60674E-01 -1.45797E-04 -4.88727E-01 -4.35652E-01  3.85948E-01 -7.66485E-01 -3.36307E-01  2.14106E-01 -1.20298E-01  4.97570E-01  8.12052E-01  5.47856E-01  3.97088E-01  1.62172E-01  2.33765E-01 -1.22132E-01  6.62945E-01  5.62307E-01  1.49312E-01  5.62494E-01  6.73107E-01  2.92395E-01  1.04198E-01 -5.91705E-01  2.50302E-01  6.70206E-01  5.88301E-01 -3.44938E-01  2.55609E-01 -2.39821E-01 -1.89035E-01  3.53831E-01  8.07477E-01
 OMEGA(6,3)    3.15655E-01  9.71940E-02 -4.07477E-01  3.70772E-01 -4.36540E-01 -4.35995E-01 -5.62293E-01  2.65670E-01  2.94993E-01  0.00000E+00 -4.01342E-01  5.63273E-03  4.84185E-02 -2.63645E-02 -4.57991E-01 -6.72080E-02  2.99706E-01 -3.71472E-01  2.22392E-01 -1.21630E-01 -4.32570E-01  1.35673E-01  2.84909E-02  8.86498E-02  3.17382E-03  5.42700E-03  1.13237E-01  2.33765E-01  1.34170E-01 -4.94410E-01  4.88564E-01 -2.61454E-01  3.25163E-01  9.08017E-02  2.63434E-01 -3.79179E-01  1.97869E-01  1.30192E-01  2.02686E-01  1.70101E-01  8.90140E-02  2.02038E-02 -8.78513E-02  2.69072E-01  5.70840E-01  3.37040E-01  2.39861E-02
 OMEGA(6,4)   -3.67406E-01 -1.62899E-01  2.47630E-03 -3.27305E-01  2.57112E-01  3.13899E-01  5.56129E-01 -1.31836E-02 -1.55292E-01  0.00000E+00  5.19157E-01  3.06306E-01 -5.06646E-01  5.36112E-01  6.47111E-01 -2.61798E-01  3.21769E-02  4.07093E-01 -1.93203E-01  3.64955E-01  2.90819E-01 -3.80417E-01  4.31999E-01 -3.52417E-01 -2.72320E-01 -7.62626E-02  2.49695E-01 -1.22132E-01 -4.94410E-01  1.52922E-01 -3.15199E-01  1.40859E-01  5.00183E-02 -1.19134E-01 -1.49625E-01  4.18852E-01  2.56055E-01 -7.27106E-02 -6.45031E-01 -9.50807E-02 -2.96976E-02  1.80300E-01  1.16017E-01  1.14707E-01 -3.62545E-01 -4.71461E-01 -1.39079E-01
 OMEGA(6,5)   -2.98004E-01  5.97475E-01 -5.91621E-01 -2.21015E-01  2.06625E-01  2.71307E-01 -3.88267E-01 -4.18378E-01 -3.69968E-01  0.00000E+00 -5.60523E-01  2.48042E-01  4.46675E-01 -2.74166E-02 -4.21198E-01 -9.94349E-03 -3.56430E-01 -2.73475E-01  2.48395E-01 -6.72901E-01 -3.79215E-01  1.75389E-02  4.29225E-02  4.60965E-01  5.95294E-01  4.33617E-01  3.71821E-01  6.62945E-01  4.88564E-01 -3.15199E-01  8.28276E-02  2.19252E-01  1.35121E-01  5.22006E-01  6.32579E-01  3.15081E-02  1.87135E-01 -4.72059E-01  3.58005E-01  5.08136E-01  5.63503E-01 -3.17923E-01  2.34944E-01 -1.90203E-01 -1.56303E-01  2.64248E-01  6.23061E-01
 OMEGA(6,6)   -5.94562E-01  4.16631E-01 -2.48066E-01 -5.49532E-01  5.41566E-01  6.63097E-01  1.96502E-01 -5.68884E-01 -6.30384E-01  0.00000E+00 -1.34167E-01  1.82300E-01  3.67563E-01  1.18780E-01 -3.95090E-02  2.73660E-02 -4.76653E-01  1.25371E-02  2.97561E-01 -6.42594E-01  4.81441E-02  5.41771E-02 -3.28598E-01  4.79006E-01  5.95244E-01  3.02154E-01  2.25631E-01  5.62307E-01 -2.61454E-01  1.40859E-01  2.19252E-01  1.55294E-01 -2.15855E-01  2.09539E-01  5.28153E-01  2.34170E-01 -1.31312E-01 -2.84894E-01  9.02870E-02  3.34602E-01  4.52357E-01 -2.09905E-01  3.51184E-01 -4.31770E-01 -5.45610E-01 -1.10522E-01  5.36076E-01
 OMEGA(7,1)    6.44062E-02 -7.83916E-02 -5.75769E-01  4.86033E-01 -2.12520E-01  1.50692E-02 -3.12040E-01  4.07283E-01  3.38705E-01  0.00000E+00  8.95540E-02  5.80136E-01 -4.91867E-01  5.16027E-01  1.87283E-01 -6.69306E-01  4.36309E-01 -3.55082E-01  2.97714E-01  1.00153E-01 -2.70204E-01  2.86725E-01 -1.53591E-02  2.13633E-01 -1.89399E-01 -3.09102E-01 -1.60421E-01  1.49312E-01  3.25163E-01  5.00183E-02  1.35121E-01 -2.15855E-01  1.60921E-01 -1.95756E-01  2.43581E-01  6.97038E-02  7.85260E-01 -1.19588E-01 -8.17751E-02  6.64732E-01 -1.17780E-01  3.75877E-01  2.79847E-01  6.85536E-01  2.58245E-01  6.32882E-01  2.52655E-01
 OMEGA(7,2)   -3.75669E-01  7.06642E-01 -1.47529E-01 -4.45014E-01  5.97195E-01  2.12175E-01  7.82851E-02 -5.87172E-01 -5.89819E-01  0.00000E+00 -6.29337E-01  2.13863E-01  6.37823E-01 -4.97018E-01 -3.39415E-01  4.80147E-01 -7.26723E-01  7.45498E-02 -3.09144E-01 -4.02392E-01 -1.72650E-01 -3.39279E-01  2.20609E-01  7.04788E-03  5.86180E-01  7.00672E-01  5.88538E-01  5.62494E-01  9.08017E-02 -1.19134E-01  5.22006E-01  2.09539E-01 -1.95756E-01  1.05630E-01  2.61395E-01  4.65430E-01 -1.40342E-01 -7.20034E-01  2.83685E-01  2.71807E-01  5.51802E-01 -5.87005E-01  5.95241E-02 -5.13471E-01 -3.62027E-01  9.53318E-02  6.00177E-01
 OMEGA(7,3)   -5.42220E-01  4.68296E-01 -6.58334E-01 -2.69872E-01  3.01556E-01  4.86570E-01 -2.72291E-01 -5.02335E-01 -4.07683E-01  0.00000E+00 -4.05548E-01  5.80961E-01  3.42691E-01  2.48191E-01 -9.76577E-03 -4.34441E-01 -3.68769E-01 -3.30703E-01  6.15240E-01 -7.60428E-01 -2.85287E-02  2.97577E-01 -3.03041E-01  5.27311E-01  6.29410E-01  5.13171E-01  2.18746E-01  6.73107E-01  2.63434E-01 -1.49625E-01  6.32579E-01  5.28153E-01  2.43581E-01  2.61395E-01  1.18882E-01  9.34942E-02  2.59249E-01 -3.85397E-01  3.26091E-01  6.59148E-01  7.28785E-01 -1.36247E-01  5.33689E-01 -1.40949E-01 -3.78871E-01  2.03643E-01  7.40578E-01
 OMEGA(7,4)   -3.33171E-01  4.16947E-01 -1.11678E-01 -2.15247E-01  4.67054E-01  4.09332E-01  4.08886E-01 -2.10017E-01 -3.26987E-01  0.00000E+00 -1.36149E-01  3.41526E-01  8.27087E-02 -7.51516E-02  9.42296E-02  6.98109E-03 -4.24478E-01  2.04844E-01 -3.27390E-01 -5.55026E-02 -1.86531E-01 -3.54880E-01  2.07389E-01 -2.41419E-02  3.38664E-01  2.40048E-01  4.30769E-01  2.92395E-01 -3.79179E-01  4.18852E-01  3.15081E-02  2.34170E-01  6.97038E-02  4.65430E-01  9.34942E-02  9.43740E-02  8.43124E-02 -6.73920E-01 -2.97160E-01  2.80871E-01  1.92780E-01 -2.37488E-01  1.71544E-01 -1.58048E-01 -3.87674E-01  9.95624E-02  4.14775E-01
 OMEGA(7,5)    1.63004E-02 -8.50603E-02 -6.07383E-01  3.46549E-01 -1.52603E-01  4.36049E-02 -2.21263E-01  3.24290E-01  3.23883E-01  0.00000E+00  2.32877E-01  4.98345E-01 -5.44549E-01  6.16313E-01  2.63829E-01 -7.14947E-01  4.40174E-01 -2.00576E-01  1.87626E-01  8.52776E-02 -2.72245E-01  1.73438E-01  1.39104E-01  2.36106E-01 -1.46051E-01 -3.12140E-01 -1.34449E-01  1.04198E-01  1.97869E-01  2.56055E-01  1.87135E-01 -1.31312E-01  7.85260E-01 -1.40342E-01  2.59249E-01  8.43124E-02  1.01625E-01 -1.66182E-01 -2.54417E-01  5.08853E-01 -9.41978E-02  4.59028E-01  3.04101E-01  6.83535E-01  9.15669E-02  3.80734E-01  1.87860E-01
 OMEGA(7,6)    4.20901E-01 -7.39501E-01  2.76785E-01  3.10526E-01 -6.26036E-01 -4.33145E-01 -4.17772E-02  4.37886E-01  4.75118E-01  0.00000E+00  4.50254E-01 -3.96062E-01 -4.28795E-01  2.53769E-01  1.50946E-01 -7.47663E-02  6.04255E-01  6.31399E-02  1.50340E-01  4.37081E-01  2.38259E-01  1.86475E-01 -9.47260E-02 -2.17309E-01 -5.86158E-01 -4.70709E-01 -5.30450E-01 -5.91705E-01  1.30192E-01 -7.27106E-02 -4.72059E-01 -2.84894E-01 -1.19588E-01 -7.20034E-01 -3.85397E-01 -6.73920E-01 -1.66182E-01  1.03301E-01 -1.35400E-01 -5.03193E-01 -4.35260E-01  3.87294E-01 -1.68830E-01  2.70210E-01  4.12356E-01 -3.34126E-01 -7.11826E-01
 OMEGA(7,7)   -1.76499E-01  3.19750E-01 -1.56394E-01 -6.77569E-02  1.77716E-01  4.25906E-02 -3.77257E-01 -4.43768E-01 -3.01161E-01  0.00000E+00 -5.25824E-01  5.91584E-02  6.08430E-01 -3.50512E-01 -4.25104E-01  2.31548E-01 -4.32176E-01 -2.12570E-01  2.72308E-01 -4.18892E-01  4.68600E-02  2.06337E-01 -2.57132E-01  2.32842E-01  3.59706E-01  4.51866E-01 -9.43258E-02  2.50302E-01  2.02686E-01 -6.45031E-01  3.58005E-01  9.02870E-02 -8.17751E-02  2.83685E-01  3.26091E-01 -2.97160E-01 -2.54417E-01 -1.35400E-01  1.45443E-01  2.76197E-01  4.44399E-01 -4.99541E-01  2.04317E-01 -3.10079E-01 -1.66914E-01  3.14620E-01  4.29061E-01
 OMEGA(8,1)   -4.36129E-01  3.85269E-01 -7.64370E-01 -1.32707E-02  2.91567E-01  5.23355E-01 -1.88578E-01 -2.53283E-01 -2.56835E-01  0.00000E+00 -3.49046E-01  7.21427E-01  1.63646E-01  3.10911E-01 -9.40850E-02 -4.35926E-01 -2.26661E-01 -3.37127E-01  4.89456E-01 -5.04796E-01 -2.45679E-01  2.56907E-01 -2.10198E-01  4.99492E-01  4.60254E-01  2.74086E-01  8.21507E-02  6.70206E-01  1.70101E-01 -9.50807E-02  5.08136E-01  3.34602E-01  6.64732E-01  2.71807E-01  6.59148E-01  2.80871E-01  5.08853E-01 -5.03193E-01  2.76197E-01  2.00435E-01  4.63897E-01 -1.36420E-01  5.62799E-01  1.11449E-01 -2.42151E-01  6.00715E-01  8.40959E-01
 OMEGA(8,2)   -7.34190E-01  4.98593E-01 -5.09386E-01 -5.87647E-01  5.63250E-01  4.97565E-01  2.73477E-02 -8.34341E-01 -7.08051E-01  0.00000E+00 -5.39475E-01  5.14647E-01  5.84975E-01  6.53066E-02 -7.53903E-02 -2.11171E-02 -7.40552E-01  1.57170E-02  3.82519E-01 -6.07682E-01  1.71285E-01 -2.90687E-02 -7.95215E-04  1.64487E-01  6.20552E-01  8.79059E-01  3.82105E-01  5.88301E-01  8.90140E-02 -2.96976E-02  5.63503E-01  4.52357E-01 -1.17780E-01  5.51802E-01  7.28785E-01  1.92780E-01 -9.41978E-02 -4.35260E-01  4.44399E-01  4.63897E-01  1.47771E-01 -5.72159E-01  5.52977E-01 -4.73144E-01 -6.45757E-01 -1.25315E-01  7.36765E-01
 OMEGA(8,3)    4.71314E-01 -5.92527E-01  1.01203E-01  4.46455E-01 -5.33600E-01 -2.09569E-01 -9.52315E-02  6.11913E-01  6.19864E-01  0.00000E+00  5.74850E-01 -3.95651E-02 -6.84467E-01  4.02787E-01  4.16883E-01 -4.06434E-01  7.84881E-01 -1.42424E-01  6.85116E-02  3.27066E-01 -6.60949E-02  3.59776E-01 -5.24202E-04  1.28270E-01 -4.17626E-01 -6.58764E-01 -4.49921E-01 -3.44938E-01  2.02038E-02  1.80300E-01 -3.17923E-01 -2.09905E-01  3.75877E-01 -5.87005E-01 -1.36247E-01 -2.37488E-01  4.59028E-01  3.87294E-01 -4.99541E-01 -1.36420E-01 -5.72159E-01  5.91279E-02 -1.96443E-01  6.75850E-01  3.98121E-01  1.47615E-01 -3.96325E-01
 OMEGA(8,4)   -6.43953E-01  1.11793E-01 -6.06872E-01 -2.62433E-01  2.87265E-01  4.23208E-01  1.19837E-01 -4.44463E-01 -3.91560E-01  0.00000E+00  2.58081E-02  5.83085E-01 -3.72101E-02  5.36467E-01  2.41443E-01 -4.75751E-01 -2.81009E-01  1.56921E-01  5.24166E-01 -2.35998E-01  2.96125E-01  8.29139E-02 -2.38188E-01  2.12398E-01  1.87591E-01  3.07356E-01 -9.92086E-02  2.55609E-01 -8.78513E-02  1.16017E-01  2.34944E-01  3.51184E-01  2.79847E-01  5.95241E-02  5.33689E-01  1.71544E-01  3.04101E-01 -1.68830E-01  2.04317E-01  5.62799E-01  5.52977E-01 -1.96443E-01  9.28556E-02 -7.60129E-02 -5.86492E-01 -3.96374E-02  5.27447E-01
 OMEGA(8,5)    5.14920E-01 -4.09365E-01 -2.68350E-01  7.01289E-01 -6.00021E-01 -2.47605E-01 -2.47880E-01  7.21407E-01  7.16027E-01  0.00000E+00  3.09828E-01  1.07247E-01 -7.04287E-01  4.86256E-01  1.49001E-01 -5.31611E-01  8.04436E-01 -2.78205E-01  7.97599E-02  3.92257E-01 -3.51255E-01  4.08772E-01  3.09550E-01  1.54278E-01 -4.14378E-01 -6.01642E-01 -4.69530E-01 -2.39821E-01  2.69072E-01  1.14707E-01 -1.90203E-01 -4.31770E-01  6.85536E-01 -5.13471E-01 -1.40949E-01 -1.58048E-01  6.83535E-01  2.70210E-01 -3.10079E-01  1.11449E-01 -4.73144E-01  6.75850E-01 -7.60129E-02  1.42343E-01  5.20355E-01  4.00407E-01 -2.69994E-01
 OMEGA(8,6)    8.42553E-01 -2.97540E-01  1.92697E-01  7.55499E-01 -7.14080E-01 -5.98251E-01 -4.06167E-01  8.28240E-01  7.80820E-01  0.00000E+00 -2.08932E-02 -4.37666E-01 -2.70356E-01 -1.74551E-01 -3.49677E-01  2.01774E-02  7.24985E-01 -4.42273E-01 -5.47128E-02  3.05283E-01 -4.59089E-01  2.54788E-01 -1.59272E-02 -2.45776E-02 -3.80598E-01 -5.88515E-01 -2.07767E-01 -1.89035E-01  5.70840E-01 -3.62545E-01 -1.56303E-01 -5.45610E-01  2.58245E-01 -3.62027E-01 -3.78871E-01 -3.87674E-01  9.15669E-02  4.12356E-01 -1.66914E-01 -2.42151E-01 -6.45757E-01  3.98121E-01 -5.86492E-01  5.20355E-01  2.01189E-01  3.95260E-01 -5.13895E-01
 OMEGA(8,7)    3.06678E-01  1.84698E-01 -3.11309E-01  5.82658E-01 -1.78796E-01  2.96196E-02 -4.89551E-01  3.09789E-01  3.28739E-01  0.00000E+00 -3.55371E-01  1.73326E-01  9.01968E-02 -1.36169E-01 -4.18219E-01 -1.68240E-01  1.88085E-01 -6.19110E-01  2.24016E-01 -2.62433E-01 -5.53492E-01  4.41279E-01 -2.14816E-01  4.83963E-01  2.20685E-01 -1.73040E-01 -1.78656E-01  3.53831E-01  3.37040E-01 -4.71461E-01  2.64248E-01 -1.10522E-01  6.32882E-01  9.53318E-02  2.03643E-01  9.95624E-02  3.80734E-01 -3.34126E-01  3.14620E-01  6.00715E-01 -1.25315E-01  1.47615E-01 -3.96374E-02  4.00407E-01  3.95260E-01  1.29384E-01  4.19341E-01
 OMEGA(8,8)   -6.14838E-01  6.15358E-01 -6.03817E-01 -3.24964E-01  5.90019E-01  6.60393E-01 -7.00705E-02 -6.29500E-01 -5.76566E-01  0.00000E+00 -5.81757E-01  6.06211E-01  5.39066E-01 -8.16231E-04 -2.10306E-01 -9.94299E-02 -6.43535E-01 -2.35787E-01  3.65879E-01 -7.27090E-01 -1.55003E-01  1.51640E-01 -1.60708E-01  4.96648E-01  7.74371E-01  6.26452E-01  2.89708E-01  8.07477E-01  2.39861E-02 -1.39079E-01  6.23061E-01  5.36076E-01  2.52655E-01  6.00177E-01  7.40578E-01  4.14775E-01  1.87860E-01 -7.11826E-01  4.29061E-01  8.40959E-01  7.36765E-01 -3.96325E-01  5.27447E-01 -2.69994E-01 -5.13895E-01  4.19341E-01  2.63778E-01
TABLE NO.     3: MCMC Bayesian Analysis: Problem=1 Subproblem=0 Superproblem1=0 Iteration1=0 Superproblem2=0 Iteration2=0
 NAME         THETA1       THETA2       THETA3       THETA4       THETA5       THETA6       THETA7       THETA8       SIGMA(1,1)   SIGMA(2,1)   SIGMA(2,2)   OMEGA(1,1)   OMEGA(2,1)   OMEGA(2,2)   OMEGA(3,1)   OMEGA(3,2)   OMEGA(3,3)   OMEGA(4,1)   OMEGA(4,2)   OMEGA(4,3)   OMEGA(4,4)   OMEGA(5,1)   OMEGA(5,2)   OMEGA(5,3)   OMEGA(5,4)   OMEGA(5,5)   OMEGA(6,1)   OMEGA(6,2)   OMEGA(6,3)   OMEGA(6,4)   OMEGA(6,5)   OMEGA(6,6)   OMEGA(7,1)   OMEGA(7,2)   OMEGA(7,3)   OMEGA(7,4)   OMEGA(7,5)   OMEGA(7,6)   OMEGA(7,7)   OMEGA(8,1)   OMEGA(8,2)   OMEGA(8,3)   OMEGA(8,4)   OMEGA(8,5)   OMEGA(8,6)   OMEGA(8,7)   OMEGA(8,8)
 THETA1        7.87809E-02 -1.67983E-01  1.75621E-01  1.09220E-01  1.21888E-01 -1.42988E-01  1.00106E-01  3.48977E-01  1.80458E-02  0.00000E+00  2.92715E-02  1.25758E-03 -1.42086E-02  9.34684E-03 -8.56239E-03  6.82974E-03  2.76954E-02  5.19218E-02  1.17118E-02  2.15386E-02  1.35706E-02 -2.83974E-02  4.02947E-02 -1.08647E-02  3.46825E-02  1.17542E-02 -7.73922E-04 -1.35248E-02  6.31407E-04  1.94009E-02  1.33306E-02 -4.56159E-02 -7.10580E-03 -2.38617E-02 -4.26044E-02  3.38869E-02 -1.95201E-02  4.60522E-02  3.30808E-02  9.49171E-03 -4.55671E-03 -1.80751E-02 -3.18488E-03  1.29337E-02  3.24544E-02  2.61935E-03 -4.78873E-03
 THETA2       -1.67983E-01  7.86132E-02 -4.72835E-04  1.94726E-01  3.18206E-02 -1.23285E-02 -2.06748E-01  2.17103E-01 -3.40433E-02  0.00000E+00  9.74814E-03  1.30225E-02  9.99088E-02 -2.09034E-01  2.99367E-02  5.92226E-02  2.01228E-02  9.18469E-03 -1.35616E-01  1.74091E-02  2.64801E-02  1.43247E-02  3.96926E-02  1.04119E-02  9.98503E-03 -2.86258E-02 -2.24755E-02 -2.35563E-02 -4.94197E-02 -3.99896E-02  1.38130E-02 -2.86292E-02  1.24901E-02  2.03860E-01 -1.96068E-02  3.14559E-02 -2.37869E-02 -3.34226E-02 -2.77865E-02  2.04323E-03 -1.66746E-03  3.84608E-02  2.83247E-02  3.50061E-02 -5.81377E-02  1.46691E-02  1.14559E-02
 THETA3        1.75621E-01 -4.72835E-04  6.40022E-02  5.74114E-02  1.89374E-02  1.44103E-02  1.51279E-01  2.59653E-01  2.45931E-02  0.00000E+00 -2.35520E-03 -3.36189E-02  1.56691E-02 -2.36305E-03  5.97431E-02  2.53705E-02 -4.78781E-02  4.18891E-02  1.72378E-02  8.90982E-02  5.37610E-02  1.20869E-02 -4.42052E-03 -4.83376E-02 -7.28451E-03  1.92844E-02 -3.09915E-02  4.55611E-02  1.62917E-03  9.17702E-03 -3.75873E-02  3.61783E-02  2.41655E-02 -2.79101E-02 -1.68513E-02  5.81783E-03 -2.00302E-02 -8.92448E-03  8.65196E-03  4.37394E-03 -1.23108E-02  2.51440E-02 -2.69980E-02  3.97798E-03 -2.95634E-02  5.87186E-02  3.72935E-02
 THETA4        1.09220E-01  1.94726E-01  5.74114E-02  8.04604E-02 -1.39831E-01  7.46192E-02 -2.89508E-01  2.11186E-01 -4.24128E-03  0.00000E+00  2.05022E-02  4.27423E-02 -1.32443E-03 -2.50358E-02  3.15978E-02  6.83182E-03 -2.21315E-02  1.57243E-02  2.21255E-02  6.17012E-02  9.51968E-02  5.89269E-02 -2.70414E-02 -2.35207E-02 -1.64605E-02 -2.93540E-02 -1.36353E-02 -1.20774E-02  3.81693E-03  1.66696E-03  2.57303E-02 -2.25148E-02  4.40266E-02 -6.30918E-03 -3.02047E-02 -1.73554E-02  5.02954E-03 -1.97087E-02  3.89877E-02  2.43395E-02 -2.88173E-02 -4.45818E-03  1.93611E-02 -2.35754E-02  2.42233E-02  2.69777E-02  6.12044E-03
 THETA5        1.21888E-01  3.18206E-02  1.89374E-02 -1.39831E-01  7.27280E-02 -1.98546E-01  1.01474E-01  1.37676E-02 -1.47176E-02  0.00000E+00  2.73988E-02 -2.93261E-02 -2.04914E-02  3.84368E-02 -3.74653E-02 -4.98022E-03 -8.75968E-03  2.23236E-02  9.62601E-03  3.46930E-02  9.04006E-03 -3.77318E-03  9.09556E-03 -2.38765E-02  4.43211E-02  1.87840E-02 -1.55121E-03 -4.34107E-03  1.09693E-02 -3.46076E-02 -1.45234E-02  3.79941E-02 -6.27383E-03  2.17375E-02 -1.11602E-02  4.27817E-02 -4.30118E-02  5.41739E-02  7.58023E-03  8.52159E-03  2.58401E-02  2.39940E-02  1.58357E-02  2.64962E-02 -4.70342E-03  1.92323E-02  1.83216E-02
 THETA6       -1.42988E-01 -1.23285E-02  1.44103E-02  7.46192E-02 -1.98546E-01  8.07359E-02  9.61683E-03 -2.02044E-01  2.72663E-02  0.00000E+00 -1.11526E-02 -9.37840E-03 -2.83173E-03  1.62951E-02  2.11473E-02 -3.80507E-03  2.31873E-02 -4.92908E-02  2.87964E-02 -5.96051E-02  5.99884E-03 -1.99909E-03  7.89313E-03  3.52592E-02 -4.92627E-03 -2.08882E-02  3.45522E-02  3.29883E-02  3.11807E-02  8.18445E-02 -4.12196E-02  1.95577E-02  5.93314E-02 -3.42457E-02  6.34216E-03 -3.84649E-02  2.03610E-02 -4.56280E-02 -2.59933E-03  1.70667E-02 -6.69583E-04 -2.42561E-02  4.76543E-03 -3.95302E-02  6.15880E-02  4.09390E-02  5.15280E-02
 THETA7        1.00106E-01 -2.06748E-01  1.51279E-01 -2.89508E-01  1.01474E-01  9.61683E-03  7.74565E-02  2.47634E-01 -6.56559E-02  0.00000E+00  2.39287E-02 -1.86359E-05 -2.82355E-02  7.07141E-02  2.79647E-02 -1.80314E-03  3.64898E-02 -5.66269E-03  4.88197E-02 -2.21730E-02 -1.85379E-02  1.78274E-02  3.85392E-03  4.18219E-02  2.95525E-02  6.77560E-03  3.24366E-02 -1.95017E-02 -2.78997E-02  5.03752E-03 -3.01954E-02  1.78956E-03  3.96889E-02 -4.06137E-02  2.21173E-02  2.11599E-02 -1.29265E-03 -1.55719E-04 -2.31409E-02  3.76525E-02  2.00954E-02  6.38471E-02 -8.45771E-03  9.53952E-03  7.77307E-03  6.74488E-03  5.27898E-02
 THETA8        3.48977E-01  2.17103E-01  2.59653E-01  2.11186E-01  1.37676E-02 -2.02044E-01  2.47634E-01  7.70938E-02 -1.05096E-02  0.00000E+00  3.76966E-02  1.52540E-03  2.02536E-02  2.48820E-02 -1.00782E-02 -3.57314E-03 -2.07971E-02  5.05194E-02  4.65988E-02  2.89266E-02  6.37193E-03  4.14346E-02 -2.54881E-02  1.87609E-02  1.98501E-02 -7.04034E-03 -1.49690E-02  3.78019E-03 -2.46093E-02  2.18757E-02 -6.98885E-03 -4.63211E-02  1.08495E-02 -3.25033E-02 -2.64654E-02  1.57010E-02 -2.19092E-02  2.39674E-02  3.13184E-02  3.29974E-02 -3.64989E-02  3.98234E-02 -2.18077E-02  3.05025E-02  2.05257E-03  3.30466E-02  1.97323E-02
 SIGMA(1,1)    1.80458E-02 -3.40433E-02  2.45931E-02 -4.24128E-03 -1.47176E-02  2.72663E-02 -6.56559E-02 -1.05096E-02  6.40683E-04  0.00000E+00 -2.42743E-02  1.68958E-02 -7.02965E-03 -1.08428E-02 -1.47927E-02 -7.30664E-02 -5.39870E-02  1.75459E-02 -2.27821E-02 -2.73350E-02  1.50325E-03  3.47177E-02 -3.77608E-02  2.11411E-02 -5.75920E-02  4.48778E-02  3.61774E-02 -2.78813E-02 -4.96025E-02  3.68907E-02 -2.46472E-02  2.20117E-02 -5.77600E-03 -5.47248E-02  4.73285E-02 -2.80000E-02  2.54772E-02 -1.86248E-02  1.72760E-02  2.65881E-02 -6.11446E-02  1.81605E-02 -5.50025E-02 -5.54640E-03  4.85672E-03  1.49049E-02 -2.52655E-02
 SIGMA(2,1)    0.00000E+00  0.00000E+00  0.00000E+00  0.00000E+00  0.00000E+00  0.00000E+00  0.00000E+00  0.00000E+00  0.00000E+00  0.00000E+00  0.00000E+00  0.00000E+00  0.00000E+00  0.00000E+00  0.00000E+00  0.00000E+00  0.00000E+00  0.00000E+00  0.00000E+00  0.00000E+00  0.00000E+00  0.00000E+00  0.00000E+00  0.00000E+00  0.00000E+00  0.00000E+00  0.00000E+00  0.00000E+00  0.00000E+00  0.00000E+00  0.00000E+00  0.00000E+00  0.00000E+00  0.00000E+00  0.00000E+00  0.00000E+00  0.00000E+00  0.00000E+00  0.00000E+00  0.00000E+00  0.00000E+00  0.00000E+00  0.00000E+00  0.00000E+00  0.00000E+00  0.00000E+00  0.00000E+00
 SIGMA(2,2)    2.92715E-02  9.74814E-03 -2.35520E-03  2.05022E-02  2.73988E-02 -1.11526E-02  2.39287E-02  3.76966E-02 -2.42743E-02  0.00000E+00  1.20985E-03 -1.81872E-02 -2.97940E-02 -1.26272E-02  1.09789E-02 -1.97904E-02 -4.11313E-03 -1.03143E-02 -1.91951E-02 -2.77782E-02 -4.67895E-03  4.46158E-02  1.12370E-02 -7.68990E-03  1.07692E-02  1.27106E-02 -2.07732E-02 -2.19933E-02  2.48073E-02 -6.58310E-02  3.13665E-02 -5.33392E-02 -2.59594E-02  4.50795E-02  2.39918E-02 -5.44012E-03 -8.95706E-03 -1.39752E-02 -4.19560E-03 -1.45285E-03 -2.20869E-02  2.78861E-02  1.19392E-02  1.42036E-04  8.48023E-04  5.09499E-03  1.19308E-02
 OMEGA(1,1)    1.25758E-03  1.30225E-02 -3.36189E-02  4.27423E-02 -2.93261E-02 -9.37840E-03 -1.86359E-05  1.52540E-03  1.68958E-02  0.00000E+00 -1.81872E-02  6.22804E-02 -2.57365E-01  3.32355E-02  2.18243E-01 -7.30350E-02 -6.32151E-03  1.66092E-01 -1.82222E-03  3.04702E-02  1.37983E-03  1.13599E-01  2.75499E-02 -2.11516E-02  5.51320E-02  1.72483E-02 -1.34141E-01 -3.93883E-02 -1.56541E-02 -5.36382E-02 -1.07097E-02  2.92473E-02  1.35461E-01 -1.78768E-02  4.63388E-03 -2.52230E-02 -3.68692E-02  1.38568E-02  5.58142E-02  4.38039E-01 -6.03759E-02  6.34069E-02  5.10632E-02  4.07378E-02 -7.01940E-02  1.43992E-02  8.15044E-02
 OMEGA(2,1)   -1.42086E-02  9.99088E-02  1.56691E-02 -1.32443E-03 -2.04914E-02 -2.83173E-03 -2.82355E-02  2.02536E-02 -7.02965E-03  0.00000E+00 -2.97940E-02 -2.57365E-01  4.26544E-02 -3.11809E-01 -6.20438E-02  2.11965E-01  3.04069E-02  1.38597E-01 -1.58720E-02  6.16304E-02  3.30141E-02  5.66157E-02  4.69270E-02 -1.86937E-02 -3.69725E-02 -1.54071E-03 -8.37756E-03 -4.38554E-02  1.13536E-02 -2.78686E-02  1.21082E-02 -8.38822E-03 -2.38622E-01  2.40039E-01 -6.17656E-02 -5.56109E-03 -2.74836E-03 -5.90422E-03 -5.91520E-02  1.21873E-01  3.11910E-01  5.01354E-02  1.08468E-01  3.67500E-02  1.21448E-03 -5.11342E-02  1.18117E-01
 OMEGA(2,2)    9.34684E-03 -2.09034E-01 -2.36305E-03 -2.50358E-02  3.84368E-02  1.62951E-02  7.07141E-02  2.48820E-02 -1.08428E-02  0.00000E+00 -1.26272E-02  3.32355E-02 -3.11809E-01  6.46453E-02 -1.76595E-02 -2.98449E-02  1.40614E-02 -3.81112E-02  3.78777E-01 -1.69323E-02  1.51715E-02  1.43953E-02  7.49987E-02  9.98834E-03  5.76174E-02  5.41188E-02 -5.59062E-03 -4.02775E-02  1.09215E-03  3.75609E-03 -6.53750E-02  5.57809E-02  9.28632E-02 -4.01300E-01  3.07259E-04 -8.67833E-02 -3.88357E-02  6.14781E-02  8.45844E-02  1.18272E-03  2.87062E-01 -9.34396E-03  4.53920E-02  1.05065E-02 -1.88034E-03 -6.09922E-02  4.77311E-02
