TABLE NO.     1: Iterative Two Stage (No Prior): Problem=1 Subproblem=0 Superproblem1=0 Iteration1=0 Superproblem2=0 Iteration2=0
 NAME         THETA1       THETA2       THETA3       THETA4       THETA5       THETA6       THETA7       THETA8       SIGMA(1,1)   SIGMA(2,1)   SIGMA(2,2)   OMEGA(1,1)   OMEGA(2,1)   OMEGA(2,2)   OMEGA(3,1)   OMEGA(3,2)   OMEGA(3,3)   OMEGA(4,1)   OMEGA(4,2)   OMEGA(4,3)   OMEGA(4,4)   OMEGA(5,1)   OMEGA(5,2)   OMEGA(5,3)   OMEGA(5,4)   OMEGA(5,5)   OMEGA(6,1)   OMEGA(6,2)   OMEGA(6,3)   OMEGA(6,4)   OMEGA(6,5)   OMEGA(6,6)   OMEGA(7,1)   OMEGA(7,2)   OMEGA(7,3)   OMEGA(7,4)   OMEGA(7,5)   OMEGA(7,6)   OMEGA(7,7)   OMEGA(8,1)   OMEGA(8,2)   OMEGA(8,3)   OMEGA(8,4)   OMEGA(8,5)   OMEGA(8,6)   OMEGA(8,7)   OMEGA(8,8)
 THETA1        3.19426E-01 -2.49493E-01  2.61355E-01  6.83960E-01 -6.76955E-01 -5.70055E-01 -2.77974E-01  7.26207E-01  7.53694E-01  0.00000E+00 -1.29267E-03 -4.81007E-01 -1.79657E-01 -1.90548E-01 -3.32100E-01  1.34834E-01  6.08704E-01 -2.78096E-01 -2.14033E-01  2.71421E-01 -4.67510E-01  2.19152E-01  1.78750E-01  7.89998E-02 -2.80574E-01 -4.93719E-01 -3.46341E-01 -3.09058E-01  3.85517E-01 -3.76871E-01 -1.45072E-01 -5.58226E-01  9.85166E-02 -2.23273E-01 -4.40454E-01 -3.20260E-01  5.23097E-02  3.28813E-01 -1.06234E-01 -3.07806E-01 -6.89687E-01  3.88649E-01 -5.95697E-01  4.56797E-01  8.28553E-01  3.54324E-01 -5.30447E-01
 THETA2       -2.49493E-01  2.38042E-01 -1.29644E-02 -3.16688E-01  4.88504E-01  9.59009E-02 -1.64390E-01 -4.26157E-01 -5.40264E-01  0.00000E+00 -6.60650E-01 -6.11306E-02  6.61346E-01 -5.79002E-01 -4.74098E-01  3.96708E-01 -6.29800E-01 -8.75222E-02 -3.40557E-01 -5.17001E-01 -2.81854E-01 -2.85995E-01  4.67691E-02  1.46432E-01  6.09443E-01  4.94031E-01  5.89629E-01  5.39286E-01  1.10718E-01 -3.04174E-01  5.18532E-01  2.59286E-01 -2.60180E-01  7.33988E-01  2.79878E-01  3.59159E-01 -2.69630E-01 -7.18825E-01  3.67669E-01  1.23263E-01  3.97804E-01 -6.12565E-01 -1.36226E-01 -4.72548E-01 -1.73554E-01  1.46344E-01  4.93464E-01
 THETA3        2.61355E-01 -1.29644E-02  2.27243E-01 -2.47424E-01  1.25507E-01 -3.04545E-01  2.80575E-01 -1.24313E-02 -6.76829E-02  0.00000E+00  1.93757E-02 -6.10004E-01  2.88675E-01 -6.07211E-01 -3.11242E-02  6.23723E-01 -2.04436E-01  2.59769E-01 -5.02752E-01  2.52262E-01  3.66129E-01 -2.49323E-01  4.86911E-02 -4.62394E-01 -1.68518E-01  4.67859E-02  1.18125E-01 -4.27759E-01 -3.61428E-01 -1.32256E-01 -4.69561E-01 -2.03265E-01 -6.52264E-01  1.50043E-01 -6.13332E-01 -8.34134E-02 -6.89765E-01  1.14516E-01  6.02926E-02 -7.61403E-01 -3.12341E-01 -1.38261E-01 -6.02936E-01 -4.41834E-01  8.31593E-02 -3.49133E-01 -5.06502E-01
 THETA4        6.83960E-01 -3.16688E-01 -2.47424E-01  2.96182E-01 -7.19116E-01 -2.87174E-01 -4.54029E-01  7.78949E-01  8.49390E-01  0.00000E+00  7.07312E-02 -1.50791E-02 -4.48839E-01  2.30387E-01 -1.52465E-01 -3.79566E-01  7.01963E-01 -4.99881E-01  1.97818E-01  2.55275E-01 -4.91502E-01  4.20086E-01 -5.26296E-02  2.38987E-01 -2.89693E-01 -6.08430E-01 -4.92706E-01 -1.54254E-01  3.95709E-01 -2.05614E-01 -9.84093E-02 -4.61874E-01  5.80668E-01 -4.35673E-01 -1.05740E-01 -1.85037E-01  4.71291E-01  2.75596E-01 -1.19338E-01  1.93512E-01 -5.65453E-01  4.72535E-01 -1.10470E-01  7.20663E-01  7.03306E-01  6.24857E-01 -2.15877E-01
 THETA5       -6.76955E-01  4.88504E-01  1.25507E-01 -7.19116E-01  2.04687E-01  4.30316E-01  3.49581E-01 -6.90649E-01 -7.71526E-01  0.00000E+00 -2.44801E-01  2.45783E-01  4.60204E-01 -2.74191E-01  1.05475E-01  2.63450E-01 -7.66846E-01  2.47064E-01 -1.64440E-01 -3.13352E-01  3.19671E-01 -2.48977E-01 -6.28029E-02 -1.22969E-01  4.36491E-01  5.87628E-01  5.10492E-01  3.98066E-01 -4.66694E-01  1.84708E-01  9.11027E-02  4.67173E-01 -2.87873E-01  5.57460E-01  1.70563E-01  4.54731E-01 -2.37944E-01 -6.02779E-01  1.84474E-01  1.35310E-01  5.25935E-01 -5.20068E-01  1.70806E-01 -5.90396E-01 -6.74088E-01 -2.08999E-01  5.28724E-01
 THETA6       -5.70055E-01  9.59009E-02 -3.04545E-01 -2.87174E-01  4.30316E-01  2.62758E-01  2.53385E-01 -3.62768E-01 -3.70505E-01  0.00000E+00  2.57414E-02  3.81646E-01  4.63472E-02  3.33406E-01  2.20899E-01 -3.22178E-01 -2.66717E-01 -2.20202E-01  4.33599E-01 -4.76397E-01  7.21252E-02  3.30639E-01 -1.90675E-01  4.25951E-01  4.71510E-01  1.95239E-01 -4.85486E-05  5.52360E-01 -4.72575E-01  3.91408E-01  1.24882E-01  6.33278E-01  1.27843E-01 -5.02203E-02  4.43964E-01  3.63735E-01  1.59696E-01 -2.76022E-01 -1.18168E-01  5.06245E-01  3.55960E-01  4.27925E-03  4.30123E-01 -4.75357E-02 -5.15107E-01  5.42034E-02  5.81774E-01
 THETA7       -2.77974E-01 -1.64390E-01  2.80575E-01 -4.54029E-01  3.49581E-01  2.53385E-01  1.50002E-01 -1.62109E-01 -3.22643E-01  0.00000E+00  2.77313E-01 -7.73022E-03 -6.74036E-02  2.91524E-02  2.49577E-01  1.91488E-01 -2.14080E-01  4.95304E-01 -2.44540E-01  2.88302E-01  3.31158E-01 -2.71164E-01  2.20376E-01 -3.44060E-01 -9.07793E-02  1.48679E-01  8.78553E-02 -1.48314E-01 -5.69789E-01  5.05119E-01 -4.64161E-01  1.85172E-01 -2.80957E-01  5.81193E-02 -3.23502E-01  4.09986E-01 -2.19859E-01 -2.29247E-02 -3.40879E-01 -2.07388E-01  3.14315E-02 -9.06719E-02  1.04784E-01 -2.13070E-01 -3.96334E-01 -4.72694E-01 -9.48630E-02
 THETA8        7.26207E-01 -4.26157E-01 -1.24313E-02  7.78949E-01 -6.90649E-01 -3.62768E-01 -1.62109E-01  3.73672E-01  8.54043E-01  0.00000E+00  3.95158E-01 -1.22485E-01 -6.55239E-01  3.23513E-01  6.58663E-02 -3.69533E-01  8.80036E-01 -3.30215E-01  6.34880E-02  4.82824E-01 -3.33974E-01  2.47533E-01  6.69618E-02 -5.41662E-03 -5.73799E-01 -8.13430E-01 -3.32307E-01 -3.31251E-01  3.02559E-01  8.15572E-02 -2.98921E-01 -4.72816E-01  5.33006E-01 -5.66178E-01 -3.37836E-01 -1.79892E-01  4.53940E-01  4.02999E-01 -4.68554E-01 -1.95115E-02 -8.21508E-01  6.27121E-01 -2.83964E-01  7.52853E-01  7.90451E-01  3.76314E-01 -5.32485E-01
 SIGMA(1,1)    7.53694E-01 -5.40264E-01 -6.76829E-02  8.49390E-01 -7.71526E-01 -3.70505E-01 -3.22643E-01  8.54043E-01  3.22767E-03  0.00000E+00  2.80941E-01 -1.37739E-01 -5.41204E-01  2.83561E-01  8.01665E-03 -3.94181E-01  8.30808E-01 -4.08095E-01  1.89709E-01  3.73225E-01 -3.22103E-01  4.08714E-01  2.40710E-02  8.55308E-02 -4.59617E-01 -6.64663E-01 -4.82029E-01 -3.47194E-01  3.41276E-01 -5.91472E-02 -2.35237E-01 -5.41956E-01  4.57967E-01 -5.60428E-01 -2.26896E-01 -3.05671E-01  4.53326E-01  4.36526E-01 -3.28501E-01 -3.09813E-02 -6.65426E-01  6.30237E-01 -2.30267E-01  7.36887E-01  7.33826E-01  3.87222E-01 -4.71240E-01
 SIGMA(2,1)    0.00000E+00  0.00000E+00  0.00000E+00  0.00000E+00  0.00000E+00  0.00000E+00  0.00000E+00  0.00000E+00  0.00000E+00  0.00000E+00  0.00000E+00  0.00000E+00  0.00000E+00  0.00000E+00  0.00000E+00  0.00000E+00  0.00000E+00  0.00000E+00  0.00000E+00  0.00000E+00  0.00000E+00  0.00000E+00  0.00000E+00  0.00000E+00  0.00000E+00  0.00000E+00  0.00000E+00  0.00000E+00  0.00000E+00  0.00000E+00  0.00000E+00  0.00000E+00  0.00000E+00  0.00000E+00  0.00000E+00  0.00000E+00  0.00000E+00  0.00000E+00  0.00000E+00  0.00000E+00  0.00000E+00  0.00000E+00  0.00000E+00  0.00000E+00  0.00000E+00  0.00000E+00  0.00000E+00
 SIGMA(2,2)   -1.29267E-03 -6.60650E-01  1.93757E-02  7.07312E-02 -2.44801E-01  2.57414E-02  2.77313E-01  3.95158E-01  2.80941E-01  0.00000E+00  4.47602E-03  9.00022E-02 -7.92814E-01  6.64639E-01  6.93273E-01 -4.85362E-01  5.77022E-01  2.29729E-01  1.57396E-01  5.28958E-01  3.45053E-01  3.87329E-02 -4.77036E-02 -1.38963E-01 -6.81954E-01 -6.46156E-01 -3.96573E-01 -5.73922E-01 -3.71723E-01  5.81802E-01 -5.07209E-01 -2.09733E-02  2.77597E-01 -6.93452E-01 -2.51279E-01 -1.04941E-01  3.80381E-01  4.61655E-01 -5.46623E-01 -1.19302E-01 -4.92084E-01  6.17266E-01  2.10024E-01  4.18602E-01 -7.01209E-02 -2.66354E-01 -4.97212E-01
 OMEGA(1,1)   -4.81007E-01 -6.11306E-02 -6.10004E-01 -1.50791E-02  2.45783E-01  3.81646E-01 -7.73022E-03 -1.22485E-01 -1.37739E-01  0.00000E+00  9.00022E-02  1.51017E-01 -3.22340E-01  5.28343E-01  5.13169E-01 -5.95475E-01 -7.66667E-03 -5.32906E-02  3.70378E-01 -7.49323E-02  1.04212E-01  1.51012E-01 -6.69120E-02  1.18920E-01  5.09381E-02  1.48745E-01  2.79923E-02  3.28065E-01 -1.24441E-02  3.86747E-01  1.33092E-01  1.48009E-01  6.44723E-01 -3.99569E-02  5.48699E-01  3.28181E-01  5.75921E-01 -2.72394E-01 -1.19226E-01  7.33266E-01  3.55471E-01  1.59953E-01  5.84017E-01  2.71756E-01 -3.37167E-01  2.31896E-01  5.45004E-01
 OMEGA(2,1)   -1.79657E-01  6.61346E-01  2.88675E-01 -4.48839E-01  4.60204E-01  4.63472E-02 -6.74036E-02 -6.55239E-01 -5.41204E-01  0.00000E+00 -7.92814E-01 -3.22340E-01  2.62639E-01 -8.21267E-01 -6.17750E-01  6.75481E-01 -7.99244E-01 -2.12117E-02 -2.15545E-01 -5.77956E-01 -3.31342E-02 -1.44244E-01 -1.09228E-01  2.20827E-02  7.04394E-01  7.44659E-01  4.09258E-01  4.20478E-01  3.48341E-02 -5.84457E-01  3.64033E-01  2.14289E-01 -6.44347E-01  7.18867E-01  1.45559E-01  4.97157E-02 -6.72812E-01 -4.34670E-01  6.39777E-01 -1.11207E-01  5.43144E-01 -7.28692E-01 -2.42002E-01 -7.65255E-01 -2.10188E-01 -1.07578E-02  4.19090E-01
 OMEGA(2,2)   -1.90548E-01 -5.79002E-01 -6.07211E-01  2.30387E-01 -2.74191E-01  3.33406E-01  2.91524E-02  3.23513E-01  2.83561E-01  0.00000E+00  6.64639E-01  5.28343E-01 -8.21267E-01  3.84707E-01  6.01681E-01 -8.41671E-01  5.96600E-01 -9.84242E-02  6.00046E-01  1.94655E-01  9.47157E-02  3.20444E-01 -7.44173E-02  2.15465E-01 -3.98508E-01 -4.81914E-01 -4.01508E-01 -9.33024E-02 -4.58085E-02  5.95994E-01 -1.13582E-01  1.35443E-01  6.45087E-01 -7.18786E-01  2.61709E-01 -7.77762E-02  7.09539E-01  3.74453E-01 -4.92295E-01  4.10441E-01 -9.86484E-02  5.84094E-01  5.76431E-01  6.40786E-01 -7.75046E-02 -1.75606E-02 -5.23006E-02
 OMEGA(3,1)   -3.32100E-01 -4.74098E-01 -3.11242E-02 -1.52465E-01  1.05475E-01  2.20899E-01  2.49577E-01  6.58663E-02  8.01665E-03  0.00000E+00  6.93273E-01  5.13169E-01 -6.17750E-01  6.01681E-01  1.09888E-01 -5.79582E-01  2.37022E-01  2.29957E-01  1.99257E-01  3.79053E-01  5.69419E-01  3.93000E-02 -4.21191E-02 -2.35587E-01 -4.25552E-01 -2.08292E-01 -1.18954E-01 -3.21518E-01 -4.31621E-01  6.76447E-01 -4.25514E-01  3.29815E-02  3.13067E-01 -4.47302E-01  7.86286E-02  1.08138E-01  3.70711E-01  1.92451E-01 -4.76641E-01  4.73411E-02 -7.43238E-02  4.88257E-01  3.55460E-01  2.62383E-01 -3.50468E-01 -3.34575E-01 -1.75530E-01
 OMEGA(3,2)    1.34834E-01  3.96708E-01  6.23723E-01 -3.79566E-01  2.63450E-01 -3.22178E-01  1.91488E-01 -3.69533E-01 -3.94181E-01  0.00000E+00 -4.85362E-01 -5.95475E-01  6.75481E-01 -8.41671E-01 -5.79582E-01  1.56093E-01 -5.38146E-01  3.54935E-01 -6.80586E-01 -3.02062E-02 -4.92280E-02 -4.67334E-01  2.94147E-01 -2.72639E-01  2.27289E-01  4.13825E-01  3.29091E-01 -3.37594E-02 -5.27462E-02 -3.93219E-01  6.81841E-03 -5.47828E-02 -7.46249E-01  6.39307E-01 -4.88662E-01  8.34765E-03 -7.89012E-01 -1.76478E-01  3.93945E-01 -5.49848E-01  7.30683E-02 -5.58296E-01 -5.50465E-01 -6.37416E-01 -8.05597E-03 -2.20396E-01 -1.01569E-01
 OMEGA(3,3)    6.08704E-01 -6.29800E-01 -2.04436E-01  7.01963E-01 -7.66846E-01 -2.66717E-01 -2.14080E-01  8.80036E-01  8.30808E-01  0.00000E+00  5.77022E-01 -7.66667E-03 -7.99244E-01  5.96600E-01  2.37022E-01 -5.38146E-01  1.93082E-01 -2.89303E-01  2.73910E-01  4.26248E-01 -2.35553E-01  3.76593E-01  2.49252E-02  1.47086E-01 -6.17828E-01 -8.40572E-01 -5.31402E-01 -3.66401E-01  3.02567E-01  1.60781E-01 -2.46426E-01 -3.41977E-01  5.86122E-01 -7.52596E-01 -1.74761E-01 -3.79034E-01  5.85725E-01  5.85619E-01 -4.79907E-01  3.74541E-02 -7.10749E-01  8.11715E-01 -7.50278E-02  8.46376E-01  6.53357E-01  2.56310E-01 -5.31735E-01
 OMEGA(4,1)   -2.78096E-01 -8.75222E-02  2.59769E-01 -4.99881E-01  2.47064E-01 -2.20202E-01  4.95304E-01 -3.30215E-01 -4.08095E-01  0.00000E+00  2.29729E-01 -5.32906E-02 -2.12117E-02 -9.84242E-02  2.29957E-01  3.54935E-01 -2.89303E-01  9.05682E-02 -5.64420E-01  4.50709E-01  3.44503E-01 -7.08775E-01  3.53297E-01 -5.06147E-01 -2.24717E-01  1.26487E-01  2.46661E-01 -4.72492E-01 -3.72436E-01  2.93831E-01 -3.00590E-01 -4.45605E-03 -4.24969E-01  1.68450E-01 -4.05428E-01  2.21561E-01 -3.09771E-01  1.60730E-02 -9.55931E-02 -4.22359E-01  7.73822E-02 -2.42411E-01  8.03835E-02 -3.51039E-01 -4.58951E-01 -6.31700E-01 -2.58142E-01
 OMEGA(4,2)   -2.14033E-01 -3.40557E-01 -5.02752E-01  1.97818E-01 -1.64440E-01  4.33599E-01 -2.44540E-01  6.34880E-02  1.89709E-01  0.00000E+00  1.57396E-01  3.70378E-01 -2.15545E-01  6.00046E-01  1.99257E-01 -6.80586E-01  2.73910E-01 -5.64420E-01  1.54476E-01 -3.61102E-01  1.82618E-01  7.05582E-01 -5.82087E-01  4.14632E-01  5.16137E-02 -7.30975E-02 -4.01874E-01  3.03882E-01  1.76018E-01 -6.86077E-03  1.53485E-01  2.72628E-01  4.36423E-01 -5.31693E-01  6.01404E-01 -3.36526E-01  3.65149E-01  2.90012E-01  3.79743E-02  5.29715E-01  2.32064E-01  2.86162E-01  5.74378E-01  2.79919E-01  4.16079E-03  2.37538E-01  2.83993E-01
 OMEGA(4,3)    2.71421E-01 -5.17001E-01  2.52262E-01  2.55275E-01 -3.13352E-01 -4.76397E-01  2.88302E-01  4.82824E-01  3.73225E-01  0.00000E+00  5.28958E-01 -7.49323E-02 -5.77956E-01  1.94655E-01  3.79053E-01 -3.02062E-02  4.26248E-01  4.50709E-01 -3.61102E-01  1.00152E-01  1.91411E-01 -3.23840E-01  3.77078E-01 -6.60816E-01 -8.05106E-01 -4.43643E-01 -1.49309E-01 -7.34236E-01 -1.22989E-01  3.83329E-01 -6.38198E-01 -5.83402E-01  1.26375E-01 -3.24714E-01 -7.19759E-01 -1.06158E-02  9.90361E-02  3.87496E-01 -3.62346E-01 -3.99146E-01 -5.34459E-01  2.53440E-01 -1.33011E-01  3.41939E-01  2.21588E-01 -2.64733E-01 -6.90022E-01
 OMEGA(4,4)   -4.67510E-01 -2.81854E-01  3.66129E-01 -4.91502E-01  3.19671E-01  7.21252E-02  3.31158E-01 -3.33974E-01 -3.22103E-01  0.00000E+00  3.45053E-01  1.04212E-01 -3.31342E-02  9.47157E-02  5.69419E-01 -4.92280E-02 -2.35553E-01  3.44503E-01  1.82618E-01  1.91411E-01  1.70824E-01 -7.05254E-02 -2.45696E-01 -4.57897E-01 -3.14335E-01  2.37473E-01 -4.20501E-02 -3.62288E-01 -4.23088E-01  2.41022E-01 -4.11309E-01  5.46625E-02 -2.57310E-01 -1.62434E-01 -4.28400E-02 -1.88791E-01 -2.71903E-01  2.46397E-01  8.18958E-02 -2.57554E-01  2.31712E-01 -9.24321E-02  3.06467E-01 -3.38716E-01 -4.75252E-01 -5.47035E-01 -1.66231E-01
 OMEGA(5,1)    2.19152E-01 -2.85995E-01 -2.49323E-01  4.20086E-01 -2.48977E-01  3.30639E-01 -2.71164E-01  2.47533E-01  4.08714E-01  0.00000E+00  3.87329E-02  1.51012E-01 -1.44244E-01  3.20444E-01  3.93000E-02 -4.67334E-01  3.76593E-01 -7.08775E-01  7.05582E-01 -3.23840E-01 -7.05254E-02  1.48242E-01 -3.92273E-01  6.00402E-01  1.42120E-01 -1.64094E-01 -6.13722E-01  2.46347E-01  1.19857E-01 -2.10271E-01  2.87833E-02  1.01555E-01  3.99086E-01 -4.42627E-01  3.85416E-01 -3.44444E-01  3.23289E-01  2.40702E-01  5.81226E-02  3.74148E-01 -7.00833E-02  4.60431E-01  1.93040E-01  4.90557E-01  2.37108E-01  4.45599E-01  1.79662E-01
 OMEGA(5,2)    1.78750E-01  4.67691E-02  4.86911E-02 -5.26296E-02 -6.28029E-02 -1.90675E-01  2.20376E-01  6.69618E-02  2.40710E-02  0.00000E+00 -4.77036E-02 -6.69120E-02 -1.09228E-01 -7.44173E-02 -4.21191E-02  2.94147E-01  2.49252E-02  3.53297E-01 -5.82087E-01  3.77078E-01 -2.45696E-01 -3.92273E-01  9.39313E-02 -2.97704E-01 -1.06937E-01  8.73255E-02  2.04520E-01 -1.71227E-01  1.81291E-02  3.32193E-01 -7.43429E-04 -3.68861E-01 -1.06853E-01  2.48120E-01 -4.05645E-01  2.05791E-01  1.85864E-02 -1.05269E-01 -2.01354E-01 -3.05289E-01 -5.47923E-02 -4.12873E-02 -3.40561E-01  2.23857E-01  2.89375E-02 -2.14778E-01 -2.33127E-01
 OMEGA(5,3)    7.89998E-02  1.46432E-01 -4.62394E-01  2.38987E-01 -1.22969E-01  4.25951E-01 -3.44060E-01 -5.41662E-03  8.55308E-02  0.00000E+00 -1.38963E-01  1.18920E-01  2.20827E-02  2.15465E-01 -2.35587E-01 -2.72639E-01  1.47086E-01 -5.06147E-01  4.14632E-01 -6.60816E-01 -4.57897E-01  6.00402E-01 -2.97704E-01  8.81405E-02  4.67478E-01 -1.55184E-01 -3.57981E-01  4.64690E-01  8.62993E-02 -2.50501E-01  4.23238E-01  4.56841E-01  2.97243E-01 -1.53374E-01  5.41261E-01 -6.36640E-02  3.24026E-01 -1.14617E-01  1.03770E-01  5.17352E-01  4.44238E-02  2.67173E-01  2.18399E-01  2.74551E-01  4.07130E-02  4.99641E-01  4.63749E-01
 OMEGA(5,4)   -2.80574E-01  6.09443E-01 -1.68518E-01 -2.89693E-01  4.36491E-01  4.71510E-01 -9.07793E-02 -5.73799E-01 -4.59617E-01  0.00000E+00 -6.81954E-01  5.09381E-02  7.04394E-01 -3.98508E-01 -4.25552E-01  2.27289E-01 -6.17828E-01 -2.24717E-01  5.16137E-02 -8.05106E-01 -3.14335E-01  1.42120E-01 -1.06937E-01  4.67478E-01  1.57723E-01  5.81910E-01  2.78387E-01  7.71651E-01 -1.30931E-02 -3.11649E-01  5.36648E-01  5.19626E-01 -2.71122E-01  5.56735E-01  5.34740E-01  3.12185E-01 -2.08682E-01 -5.63609E-01  3.25220E-01  2.98893E-01  5.50253E-01 -3.77566E-01  3.81446E-02 -4.07246E-01 -3.08234E-01  1.92808E-01  7.24388E-01
 OMEGA(5,5)   -4.93719E-01  4.94031E-01  4.67859E-02 -6.08430E-01  5.87628E-01  1.95239E-01  1.48679E-01 -8.13430E-01 -6.64663E-01  0.00000E+00 -6.46156E-01  1.48745E-01  7.44659E-01 -4.81914E-01 -2.08292E-01  4.13825E-01 -8.40572E-01  1.26487E-01 -7.30975E-02 -4.43643E-01  2.37473E-01 -1.64094E-01  8.73255E-02 -1.55184E-01  5.81910E-01  3.03926E-01  4.33600E-01  4.41254E-01 -1.03764E-02 -1.95393E-01  3.27984E-01  1.72241E-01 -4.66978E-01  7.11803E-01  3.36810E-01  2.07128E-01 -4.59201E-01 -4.57983E-01  4.79620E-01  2.44249E-02  8.50315E-01 -6.82410E-01  1.10641E-01 -6.60003E-01 -5.13236E-01 -2.24994E-01  5.22631E-01
 OMEGA(6,1)   -3.46341E-01  5.89629E-01  1.18125E-01 -4.92706E-01  5.10492E-01 -4.85486E-05  8.78553E-02 -3.32307E-01 -4.82029E-01  0.00000E+00 -3.96573E-01  2.79923E-02  4.09258E-01 -4.01508E-01 -1.18954E-01  3.29091E-01 -5.31402E-01  2.46661E-01 -4.01874E-01 -1.49309E-01 -4.20501E-02 -6.13722E-01  2.04520E-01 -3.57981E-01  2.78387E-01  4.33600E-01  1.14323E-01  3.28099E-01  1.15858E-01  1.25638E-01  3.19266E-01  1.27533E-01 -2.78048E-01  6.20838E-01  9.77792E-02  4.11078E-01 -2.54708E-01 -5.39839E-01 -3.91125E-02 -8.72185E-02  3.45232E-01 -4.81114E-01 -2.41872E-01 -5.06905E-01 -1.39473E-01 -1.98715E-01  2.12841E-01
 OMEGA(6,2)   -3.09058E-01  5.39286E-01 -4.27759E-01 -1.54254E-01  3.98066E-01  5.52360E-01 -1.48314E-01 -3.31251E-01 -3.47194E-01  0.00000E+00 -5.73922E-01  3.28065E-01  4.20478E-01 -9.33024E-02 -3.21518E-01 -3.37594E-02 -3.66401E-01 -4.72492E-01  3.03882E-01 -7.34236E-01 -3.62288E-01  2.46347E-01 -1.71227E-01  4.64690E-01  7.71651E-01  4.41254E-01  3.28099E-01  1.56549E-01  2.23362E-01 -1.10494E-01  5.99995E-01  4.92161E-01  1.38051E-01  4.41443E-01  6.25417E-01  2.78015E-01  1.12016E-01 -5.45121E-01  1.50499E-01  5.97139E-01  4.77519E-01 -2.35401E-01  1.64294E-01 -1.62394E-01 -8.21452E-02  3.80847E-01  7.76376E-01
 OMEGA(6,3)    3.85517E-01  1.10718E-01 -3.61428E-01  3.95709E-01 -4.66694E-01 -4.72575E-01 -5.69789E-01  3.02559E-01  3.41276E-01  0.00000E+00 -3.71723E-01 -1.24441E-02  3.48341E-02 -4.58085E-02 -4.31621E-01 -5.27462E-02  3.02567E-01 -3.72436E-01  1.76018E-01 -1.22989E-01 -4.23088E-01  1.19857E-01  1.81291E-02  8.62993E-02 -1.30931E-02 -1.03764E-02  1.15858E-01  2.23362E-01  1.37587E-01 -4.78936E-01  5.23255E-01 -3.07114E-01  2.80228E-01  8.01281E-02  2.62861E-01 -3.86771E-01  1.80250E-01  1.28351E-01  1.68630E-01  1.49424E-01  3.51096E-02  3.52723E-02 -1.26927E-01  2.42609E-01  6.25127E-01  3.50304E-01 -1.95463E-03
 OMEGA(6,4)   -3.76871E-01 -3.04174E-01 -1.32256E-01 -2.05614E-01  1.84708E-01  3.91408E-01  5.05119E-01  8.15572E-02 -5.91472E-02  0.00000E+00  5.81802E-01  3.86747E-01 -5.84457E-01  5.95994E-01  6.76447E-01 -3.93219E-01  1.60781E-01  2.93831E-01 -6.86077E-03  3.83329E-01  2.41022E-01 -2.10271E-01  3.32193E-01 -2.50501E-01 -3.11649E-01 -1.95393E-01  1.25638E-01 -1.10494E-01 -4.78936E-01  1.62122E-01 -3.61974E-01  1.80798E-01  1.96675E-01 -2.68368E-01 -9.30926E-02  4.20755E-01  3.59596E-01 -7.02238E-03 -6.90292E-01  2.16454E-02 -6.02299E-02  2.91085E-01  2.20327E-01  2.48634E-01 -3.43791E-01 -3.88456E-01 -1.34933E-01
 OMEGA(6,5)   -1.45072E-01  5.18532E-01 -4.69561E-01 -9.84093E-02  9.11027E-02  1.24882E-01 -4.64161E-01 -2.98921E-01 -2.35237E-01  0.00000E+00 -5.07209E-01  1.33092E-01  3.64033E-01 -1.13582E-01 -4.25514E-01  6.81841E-03 -2.46426E-01 -3.00590E-01  1.53485E-01 -6.38198E-01 -4.11309E-01  2.87833E-02 -7.43429E-04  4.23238E-01  5.36648E-01  3.27984E-01  3.19266E-01  5.99995E-01  5.23255E-01 -3.61974E-01  7.80004E-02  1.04798E-01  9.36707E-02  4.18794E-01  5.66141E-01 -2.61149E-02  1.49265E-01 -4.14824E-01  3.02455E-01  3.93693E-01  4.46294E-01 -2.33154E-01  1.07103E-01 -1.41961E-01 -2.30546E-02  2.93901E-01  5.50125E-01
 OMEGA(6,6)   -5.58226E-01  2.59286E-01 -2.03265E-01 -4.61874E-01  4.67173E-01  6.33278E-01  1.85172E-01 -4.72816E-01 -5.41956E-01  0.00000E+00 -2.09733E-02  1.48009E-01  2.14289E-01  1.35443E-01  3.29815E-02 -5.47828E-02 -3.41977E-01 -4.45605E-03  2.72628E-01 -5.83402E-01  5.46625E-02  1.01555E-01 -3.68861E-01  4.56841E-01  5.19626E-01  1.72241E-01  1.27533E-01  4.92161E-01 -3.07114E-01  1.80798E-01  1.04798E-01  1.51080E-01 -1.62618E-01  5.84085E-02  4.84079E-01  2.10802E-01 -8.11510E-02 -1.86103E-01  2.98206E-03  2.73779E-01  3.75802E-01 -9.40950E-02  3.30289E-01 -3.14401E-01 -5.09865E-01 -1.25012E-01  4.78979E-01
 OMEGA(7,1)    9.85166E-02 -2.60180E-01 -6.52264E-01  5.80668E-01 -2.87873E-01  1.27843E-01 -2.80957E-01  5.33006E-01  4.57967E-01  0.00000E+00  2.77597E-01  6.44723E-01 -6.44347E-01  6.45087E-01  3.13067E-01 -7.46249E-01  5.86122E-01 -4.24969E-01  4.36423E-01  1.26375E-01 -2.57310E-01  3.99086E-01 -1.06853E-01  2.97243E-01 -2.71122E-01 -4.66978E-01 -2.78048E-01  1.38051E-01  2.80228E-01  1.96675E-01  9.36707E-02 -1.62618E-01  1.82979E-01 -4.06325E-01  2.89152E-01  5.17308E-02  8.35775E-01  4.31163E-03 -2.53964E-01  7.34287E-01 -2.45302E-01  5.24252E-01  3.52934E-01  7.62369E-01  2.83457E-01  6.29173E-01  2.22303E-01
 OMEGA(7,2)   -2.23273E-01  7.33988E-01  1.50043E-01 -4.35673E-01  5.57460E-01 -5.02203E-02  5.81193E-02 -5.66178E-01 -5.60428E-01  0.00000E+00 -6.93452E-01 -3.99569E-02  7.18867E-01 -7.18786E-01 -4.47302E-01  6.39307E-01 -7.52596E-01  1.68450E-01 -5.31693E-01 -3.24714E-01 -1.62434E-01 -4.42627E-01  2.48120E-01 -1.53374E-01  5.56735E-01  7.11803E-01  6.20838E-01  4.41443E-01  8.01281E-02 -2.68368E-01  4.18794E-01  5.84085E-02 -4.06325E-01  1.24257E-01  6.16738E-02  4.17322E-01 -3.62328E-01 -7.10230E-01  3.44771E-01 -1.65916E-02  4.79923E-01 -6.38655E-01 -1.90373E-01 -6.02799E-01 -2.59590E-01  2.59647E-02  4.71116E-01
 OMEGA(7,3)   -4.40454E-01  2.79878E-01 -6.13332E-01 -1.05740E-01  1.70563E-01  4.43964E-01 -3.23502E-01 -3.37836E-01 -2.26896E-01  0.00000E+00 -2.51279E-01  5.48699E-01  1.45559E-01  2.61709E-01  7.86286E-02 -4.88662E-01 -1.74761E-01 -4.05428E-01  6.01404E-01 -7.19759E-01 -4.28400E-02  3.85416E-01 -4.05645E-01  5.41261E-01  5.34740E-01  3.36810E-01  9.77792E-02  6.25417E-01  2.62861E-01 -9.30926E-02  5.66141E-01  4.84079E-01  2.89152E-01  6.16738E-02  1.15246E-01  5.70003E-02  3.22488E-01 -2.80062E-01  1.68507E-01  6.19713E-01  6.08553E-01  4.02232E-02  4.92891E-01 -4.98941E-03 -2.74877E-01  2.43064E-01  6.88174E-01
 OMEGA(7,4)   -3.20260E-01  3.59159E-01 -8.34134E-02 -1.85037E-01  4.54731E-01  3.63735E-01  4.09986E-01 -1.79892E-01 -3.05671E-01  0.00000E+00 -1.04941E-01  3.28181E-01  4.97157E-02 -7.77762E-02  1.08138E-01  8.34765E-03 -3.79034E-01  2.21561E-01 -3.36526E-01 -1.06158E-02 -1.88791E-01 -3.44444E-01  2.05791E-01 -6.36640E-02  3.12185E-01  2.07128E-01  4.11078E-01  2.78015E-01 -3.86771E-01  4.20755E-01 -2.61149E-02  2.10802E-01  5.17308E-02  4.17322E-01  5.70003E-02  9.58989E-02  6.97508E-02 -6.59367E-01 -3.19127E-01  2.37845E-01  1.70909E-01 -1.99612E-01  1.47308E-01 -1.33976E-01 -3.84149E-01  7.49715E-02  4.04695E-01
 OMEGA(7,5)    5.23097E-02 -2.69630E-01 -6.89765E-01  4.71291E-01 -2.37944E-01  1.59696E-01 -2.19859E-01  4.53940E-01  4.53326E-01  0.00000E+00  3.80381E-01  5.75921E-01 -6.72812E-01  7.09539E-01  3.70711E-01 -7.89012E-01  5.85725E-01 -3.09771E-01  3.65149E-01  9.90361E-02 -2.71903E-01  3.23289E-01  1.85864E-02  3.24026E-01 -2.08682E-01 -4.59201E-01 -2.54708E-01  1.12016E-01  1.80250E-01  3.59596E-01  1.49265E-01 -8.11510E-02  8.35775E-01 -3.62328E-01  3.22488E-01  6.97508E-02  1.17097E-01 -4.39675E-02 -3.92600E-01  6.03287E-01 -2.03159E-01  5.94000E-01  3.75607E-01  7.63480E-01  1.32901E-01  4.20151E-01  1.73873E-01
 OMEGA(7,6)    3.28813E-01 -7.18825E-01  1.14516E-01  2.75596E-01 -6.02779E-01 -2.76022E-01 -2.29247E-02  4.02999E-01  4.36526E-01  0.00000E+00  4.61655E-01 -2.72394E-01 -4.34670E-01  3.74453E-01  1.92451E-01 -1.76478E-01  5.85619E-01  1.60730E-02  2.90012E-01  3.87496E-01  2.46397E-01  2.40702E-01 -1.05269E-01 -1.14617E-01 -5.63609E-01 -4.57983E-01 -5.39839E-01 -5.45121E-01  1.28351E-01 -7.02238E-03 -4.14824E-01 -1.86103E-01  4.31163E-03 -7.10230E-01 -2.80062E-01 -6.59367E-01 -4.39675E-02  1.03690E-01 -1.32301E-01 -3.46412E-01 -3.78291E-01  3.86499E-01 -2.49154E-02  3.01714E-01  3.53596E-01 -3.00763E-01 -6.67066E-01
 OMEGA(7,7)   -1.06234E-01  3.67669E-01  6.02926E-02 -1.19338E-01  1.84474E-01 -1.18168E-01 -3.40879E-01 -4.68554E-01 -3.28501E-01  0.00000E+00 -5.46623E-01 -1.19226E-01  6.39777E-01 -4.92295E-01 -4.76641E-01  3.93945E-01 -4.79907E-01 -9.55931E-02  3.79743E-02 -3.62346E-01  8.18958E-02  5.81226E-02 -2.01354E-01  1.03770E-01  3.25220E-01  4.79620E-01 -3.91125E-02  1.50499E-01  1.68630E-01 -6.90292E-01  3.02455E-01  2.98206E-03 -2.53964E-01  3.44771E-01  1.68507E-01 -3.19127E-01 -3.92600E-01 -1.32301E-01  1.51447E-01  6.77125E-02  4.07144E-01 -5.47949E-01  3.66123E-02 -4.05079E-01 -1.32763E-01  2.26782E-01  3.44807E-01
 OMEGA(8,1)   -3.07806E-01  1.23263E-01 -7.61403E-01  1.93512E-01  1.35310E-01  5.06245E-01 -2.07388E-01 -1.95115E-02 -3.09813E-02  0.00000E+00 -1.19302E-01  7.33266E-01 -1.11207E-01  4.10441E-01  4.73411E-02 -5.49848E-01  3.74541E-02 -4.22359E-01  5.29715E-01 -3.99146E-01 -2.57554E-01  3.74148E-01 -3.05289E-01  5.17352E-01  2.98893E-01  2.44249E-02 -8.72185E-02  5.97139E-01  1.49424E-01  2.16454E-02  3.93693E-01  2.73779E-01  7.34287E-01 -1.65916E-02  6.19713E-01  2.37845E-01  6.03287E-01 -3.46412E-01  6.77125E-02  1.99348E-01  2.58422E-01  1.00801E-01  5.49215E-01  3.00655E-01 -1.16853E-01  6.45538E-01  7.68758E-01
 OMEGA(8,2)   -6.89687E-01  3.97804E-01 -3.12341E-01 -5.65453E-01  5.25935E-01  3.55960E-01  3.14315E-02 -8.21508E-01 -6.65426E-01  0.00000E+00 -4.92084E-01  3.55471E-01  5.43144E-01 -9.86484E-02 -7.43238E-02  7.30683E-02 -7.10749E-01  7.73822E-02  2.32064E-01 -5.34459E-01  2.31712E-01 -7.00833E-02 -5.47923E-02  4.44238E-02  5.50253E-01  8.50315E-01  3.45232E-01  4.77519E-01  3.51096E-02 -6.02299E-02  4.46294E-01  3.75802E-01 -2.45302E-01  4.79923E-01  6.08553E-01  1.70909E-01 -2.03159E-01 -3.78291E-01  4.07144E-01  2.58422E-01  1.39767E-01 -5.47963E-01  4.43055E-01 -5.02078E-01 -6.24866E-01 -2.06809E-01  6.52956E-01
 OMEGA(8,3)    3.88649E-01 -6.12565E-01 -1.38261E-01  4.72535E-01 -5.20068E-01  4.27925E-03 -9.06719E-02  6.27121E-01  6.30237E-01  0.00000E+00  6.17266E-01  1.59953E-01 -7.28692E-01  5.84094E-01  4.88257E-01 -5.58296E-01  8.11715E-01 -2.42411E-01  2.86162E-01  2.53440E-01 -9.24321E-02  4.60431E-01 -4.12873E-02  2.67173E-01 -3.77566E-01 -6.82410E-01 -4.81114E-01 -2.35401E-01  3.52723E-02  2.91085E-01 -2.33154E-01 -9.40950E-02  5.24252E-01 -6.38655E-01  4.02232E-02 -1.99612E-01  5.94000E-01  3.86499E-01 -5.47949E-01  1.00801E-01 -5.47963E-01  6.45453E-02 -7.66692E-03  7.37080E-01  3.42766E-01  2.13133E-01 -2.93600E-01
 OMEGA(8,4)   -5.95697E-01 -1.36226E-01 -6.02936E-01 -1.10470E-01  1.70806E-01  4.30123E-01  1.04784E-01 -2.83964E-01 -2.30267E-01  0.00000E+00  2.10024E-01  5.84017E-01 -2.42002E-01  5.76431E-01  3.55460E-01 -5.50465E-01 -7.50278E-02  8.03835E-02  5.74378E-01 -1.33011E-01  3.06467E-01  1.93040E-01 -3.40561E-01  2.18399E-01  3.81446E-02  1.10641E-01 -2.41872E-01  1.64294E-01 -1.26927E-01  2.20327E-01  1.07103E-01  3.30289E-01  3.52934E-01 -1.90373E-01  4.92891E-01  1.47308E-01  3.75607E-01 -2.49154E-02  3.66123E-02  5.49215E-01  4.43055E-01 -7.66692E-03  9.48017E-02  7.69235E-02 -5.25822E-01 -2.40828E-02  4.50062E-01
 OMEGA(8,5)    4.56797E-01 -4.72548E-01 -4.41834E-01  7.20663E-01 -5.90396E-01 -4.75357E-02 -2.13070E-01  7.52853E-01  7.36887E-01  0.00000E+00  4.18602E-01  2.71756E-01 -7.65255E-01  6.40786E-01  2.62383E-01 -6.37416E-01  8.46376E-01 -3.51039E-01  2.79919E-01  3.41939E-01 -3.38716E-01  4.90557E-01  2.23857E-01  2.74551E-01 -4.07246E-01 -6.60003E-01 -5.06905E-01 -1.62394E-01  2.42609E-01  2.48634E-01 -1.41961E-01 -3.14401E-01  7.62369E-01 -6.02799E-01 -4.98941E-03 -1.33976E-01  7.63480E-01  3.01714E-01 -4.05079E-01  3.00655E-01 -5.02078E-01  7.37080E-01  7.69235E-02  1.56807E-01  4.71842E-01  4.30681E-01 -2.07580E-01
 OMEGA(8,6)    8.28553E-01 -1.73554E-01  8.31593E-02  7.03306E-01 -6.74088E-01 -5.15107E-01 -3.96334E-01  7.90451E-01  7.33826E-01  0.00000E+00 -7.01209E-02 -3.37167E-01 -2.10188E-01 -7.75046E-02 -3.50468E-01 -8.05597E-03  6.53357E-01 -4.58951E-01  4.16079E-03  2.21588E-01 -4.75252E-01  2.37108E-01  2.89375E-02  4.07130E-02 -3.08234E-01 -5.13236E-01 -1.39473E-01 -8.21452E-02  6.25127E-01 -3.43791E-01 -2.30546E-02 -5.09865E-01  2.83457E-01 -2.59590E-01 -2.74877E-01 -3.84149E-01  1.32901E-01  3.53596E-01 -1.32763E-01 -1.16853E-01 -6.24866E-01  3.42766E-01 -5.25822E-01  4.71842E-01  1.93756E-01  4.30762E-01 -4.48427E-01
 OMEGA(8,7)    3.54324E-01  1.46344E-01 -3.49133E-01  6.24857E-01 -2.08999E-01  5.42034E-02 -4.72694E-01  3.76314E-01  3.87222E-01  0.00000E+00 -2.66354E-01  2.31896E-01 -1.07578E-02 -1.75606E-02 -3.34575E-01 -2.20396E-01  2.56310E-01 -6.31700E-01  2.37538E-01 -2.64733E-01 -5.47035E-01  4.45599E-01 -2.14778E-01  4.99641E-01  1.92808E-01 -2.24994E-01 -1.98715E-01  3.80847E-01  3.50304E-01 -3.88456E-01  2.93901E-01 -1.25012E-01  6.29173E-01  2.59647E-02  2.43064E-01  7.49715E-02  4.20151E-01 -3.00763E-01  2.26782E-01  6.45538E-01 -2.06809E-01  2.13133E-01 -2.40828E-02  4.30681E-01  4.30762E-01  1.32182E-01  4.43050E-01
 OMEGA(8,8)   -5.30447E-01  4.93464E-01 -5.06502E-01 -2.15877E-01  5.28724E-01  5.81774E-01 -9.48630E-02 -5.32485E-01 -4.71240E-01  0.00000E+00 -4.97212E-01  5.45004E-01  4.19090E-01 -5.23006E-02 -1.75530E-01 -1.01569E-01 -5.31735E-01 -2.58142E-01  2.83993E-01 -6.90022E-01 -1.66231E-01  1.79662E-01 -2.33127E-01  4.63749E-01  7.24388E-01  5.22631E-01  2.12841E-01  7.76376E-01 -1.95463E-03 -1.34933E-01  5.50125E-01  4.78979E-01  2.22303E-01  4.71116E-01  6.88174E-01  4.04695E-01  1.73873E-01 -6.67066E-01  3.44807E-01  7.68758E-01  6.52956E-01 -2.93600E-01  4.50062E-01 -2.07580E-01 -4.48427E-01  4.43050E-01  2.40106E-01
TABLE NO.     3: NUTS Bayesian Analysis: Problem=1 Subproblem=0 Superproblem1=0 Iteration1=0 Superproblem2=0 Iteration2=0
 NAME         THETA1       THETA2       THETA3       THETA4       THETA5       THETA6       THETA7       THETA8       SIGMA(1,1)   SIGMA(2,1)   SIGMA(2,2)   OMEGA(1,1)   OMEGA(2,1)   OMEGA(2,2)   OMEGA(3,1)   OMEGA(3,2)   OMEGA(3,3)   OMEGA(4,1)   OMEGA(4,2)   OMEGA(4,3)   OMEGA(4,4)   OMEGA(5,1)   OMEGA(5,2)   OMEGA(5,3)   OMEGA(5,4)   OMEGA(5,5)   OMEGA(6,1)   OMEGA(6,2)   OMEGA(6,3)   OMEGA(6,4)   OMEGA(6,5)   OMEGA(6,6)   OMEGA(7,1)   OMEGA(7,2)   OMEGA(7,3)   OMEGA(7,4)   OMEGA(7,5)   OMEGA(7,6)   OMEGA(7,7)   OMEGA(8,1)   OMEGA(8,2)   OMEGA(8,3)   OMEGA(8,4)   OMEGA(8,5)   OMEGA(8,6)   OMEGA(8,7)   OMEGA(8,8)
 THETA1        7.21428E-02 -1.00848E-01  7.34938E-02  1.19206E-01 -7.41967E-03  1.26273E-02  4.66656E-02  2.94987E-01  5.08760E-02  0.00000E+00  5.20338E-02 -3.53100E-02 -1.28240E-02  1.00404E-02 -5.78593E-02 -7.53601E-02 -1.19971E-02 -6.18271E-02  4.80869E-02 -1.18262E-02  2.34196E-02 -4.73432E-03 -4.37480E-02  5.78591E-03  2.06197E-02 -2.61709E-02 -3.72662E-02 -5.84233E-03 -4.79240E-02  2.29851E-02 -3.80220E-02  6.98916E-03 -4.65510E-02 -2.13472E-02  3.71497E-02 -2.11999E-02 -6.27424E-03 -1.84204E-03  3.52352E-02 -6.40907E-02 -1.87123E-02 -6.87799E-02  9.43832E-04 -5.08567E-02 -4.18964E-02  2.39782E-02 -3.41916E-02
 THETA2       -1.00848E-01  7.19351E-02 -8.76971E-02 -2.29401E-02  9.24885E-02 -1.99177E-02 -2.14005E-01  2.68927E-01  3.80924E-02  0.00000E+00  5.76847E-02  3.33549E-03  3.67060E-03 -1.70153E-01  2.55646E-02  1.12683E-01 -4.14416E-04  3.23749E-02 -1.39590E-01  4.06389E-02 -2.67862E-02  2.37609E-02 -1.13306E-02  2.96896E-02 -3.77921E-02  5.53817E-02  3.46643E-02  7.01241E-02 -4.02240E-02  1.26807E-02 -1.74053E-02 -1.35701E-02  4.66622E-02  2.23197E-01 -7.33571E-02  4.61387E-02 -2.04585E-02  1.96254E-02 -5.52903E-02 -1.38387E-02 -3.50280E-02 -4.63274E-02  5.81883E-02  4.22995E-02  3.69993E-03 -9.06153E-02 -1.99955E-02
 THETA3        7.34938E-02 -8.76971E-02  5.13998E-02 -2.18666E-02  6.48014E-02 -4.75040E-02  1.54430E-01  1.62809E-01  3.94420E-02  0.00000E+00  1.44638E-02  2.01447E-02 -4.39731E-02  7.22974E-02 -4.55036E-03  2.56846E-03 -1.50208E-01  5.94996E-02  6.96639E-02  8.83651E-02  1.09587E-01 -7.64620E-02 -1.43129E-02 -1.92327E-02 -3.97035E-02 -1.71168E-02  8.70736E-03 -1.18629E-02 -1.37108E-02 -6.28135E-02 -1.18825E-02 -3.65598E-02 -7.66045E-02 -3.12135E-03 -1.08569E-03 -4.57923E-02 -1.06894E-02 -2.33966E-02  5.06285E-02  3.14986E-02  9.19460E-02  7.23061E-04  4.11276E-02 -4.16797E-03  5.99077E-03  4.31216E-03  3.84266E-02
 THETA4        1.19206E-01 -2.29401E-02 -2.18666E-02  7.20112E-02 -1.19223E-01  3.26418E-02 -2.24738E-01  1.18154E-01  7.16047E-03  0.00000E+00 -4.67888E-02 -3.98926E-02  2.24707E-02  2.81178E-02  1.26121E-02 -9.53701E-03 -3.59640E-02  2.82166E-02 -2.25394E-02  3.48610E-02  6.73151E-02  5.08683E-02 -4.18687E-02 -2.95741E-02  1.21521E-02  4.11681E-02 -4.82374E-02 -2.64620E-02  1.84348E-02  2.53152E-02 -3.00197E-02  5.22202E-02 -1.89631E-02 -3.28348E-02  1.17978E-02 -3.06030E-02  4.24767E-02  4.91959E-02  2.03606E-02 -2.48049E-02  3.23921E-03 -6.25506E-02 -5.62515E-02  6.47393E-02 -6.65449E-02 -4.77365E-02 -7.40056E-02
 THETA5       -7.41967E-03  9.24885E-02  6.48014E-02 -1.19223E-01  6.60827E-02 -2.16225E-01  7.88875E-02 -6.47250E-02  8.23689E-02  0.00000E+00 -1.34202E-03 -2.61042E-03  1.33924E-03  3.57758E-02 -4.38511E-02  1.68237E-02 -7.40463E-02 -1.80808E-02  1.06208E-02  6.11552E-02  3.14008E-02  4.54820E-02  2.81014E-03  6.10266E-02  7.98044E-03  7.43480E-03  5.26461E-02  2.50237E-02 -5.04727E-02  9.45560E-04  6.23629E-03 -8.33810E-03  8.33964E-02 -4.54314E-02 -1.02039E-01 -2.21186E-02 -1.52730E-02  1.49202E-03  7.79071E-03  7.43952E-03  2.30809E-02 -2.24831E-02  4.40474E-03 -1.33299E-02  1.01825E-01  7.48806E-04 -1.63996E-02
 THETA6        1.26273E-02 -1.99177E-02 -4.75040E-02  3.26418E-02 -2.16225E-01  7.42260E-02  1.12751E-02 -1.37927E-01 -8.10528E-02  0.00000E+00  4.48233E-02  6.31201E-02 -6.80658E-02 -6.83910E-03  3.62997E-02 -1.36226E-02 -5.32821E-02  4.78741E-02  2.79601E-02  1.09762E-02 -4.55615E-02  4.09431E-02 -4.93100E-02 -2.12478E-02  7.92255E-03 -8.91179E-02  7.86927E-03 -5.67020E-02  4.73386E-02  1.17177E-03  4.16002E-02  3.31668E-02  4.33368E-02  5.68239E-02 -3.63044E-02  2.58949E-02  6.11258E-03  9.33705E-03 -5.64479E-02  3.18931E-02  8.32663E-03 -6.84259E-02  3.61293E-02  2.76135E-02  4.66201E-03 -3.56579E-03 -5.10202E-02
 THETA7        4.66656E-02 -2.14005E-01  1.54430E-01 -2.24738E-01  7.88875E-02  1.12751E-02  6.29005E-02  2.60354E-01  2.31725E-02  0.00000E+00  5.24613E-02  9.93141E-02 -3.26674E-02  3.46921E-02 -8.32462E-02 -7.01039E-03 -1.30917E-02  1.43713E-02  5.95165E-02  8.29134E-03  5.84953E-02  5.31427E-02  5.24671E-02  6.88362E-03  7.16839E-02 -2.31364E-02  5.26331E-03  1.57960E-02 -5.79033E-02  1.31918E-02 -1.29974E-02 -4.98507E-02 -1.04338E-02  2.67429E-02  2.95336E-03  5.60648E-02 -1.14035E-02 -2.57464E-02 -4.72116E-02  4.00054E-02  2.57086E-02  9.19618E-03  6.94939E-02  8.46835E-03  3.34653E-02  1.98850E-02  8.76071E-02
 THETA8        2.94987E-01  2.68927E-01  1.62809E-01  1.18154E-01 -6.47250E-02 -1.37927E-01  2.60354E-01  6.39452E-02  4.47908E-02  0.00000E+00  3.02089E-02 -3.72316E-02 -4.94051E-02  9.82708E-03 -5.16765E-02 -3.87722E-02 -2.42444E-02  2.10846E-02  1.64238E-02 -1.51438E-02  1.69933E-02  4.91054E-03 -1.86563E-03  2.45025E-02 -6.16125E-02 -3.17923E-02  2.79035E-02  3.15607E-02 -4.13711E-02  8.01555E-02 -1.75879E-03 -2.51681E-03  2.49585E-02  2.46442E-02 -1.99825E-02  5.92467E-03 -3.29665E-02  1.09575E-03  3.75849E-03  2.64572E-02 -1.72089E-02 -2.99452E-02  4.25272E-02  2.25859E-02 -2.16682E-02  2.49591E-02  8.58035E-02
 SIGMA(1,1)    5.08760E-02  3.80924E-02  3.94420E-02  7.16047E-03  8.23689E-02 -8.10528E-02  2.31725E-02  4.47908E-02  6.29228E-04  0.00000E+00  9.83532E-03  2.56379E-02  7.21230E-02 -8.04037E-02  8.78352E-03 -1.78839E-04  2.63668E-03  3.00607E-02 -4.66166E-02 -6.47162E-02 -1.43019E-02  2.43719E-02 -1.60731E-02  2.35223E-02 -2.91566E-02  3.35609E-02  1.19033E-02 -5.14558E-03  3.69354E-02  1.22164E-02 -7.24152E-02  8.10339E-02 -5.38343E-02  3.97295E-02 -5.36067E-02  9.28478E-02  1.26085E-03  6.58723E-02 -1.73057E-02 -3.20219E-03  8.49886E-03  2.51653E-02  1.84422E-02  1.35796E-02 -1.61422E-02 -3.10388E-02  1.09153E-02
 SIGMA(2,1)    0.00000E+00  0.00000E+00  0.00000E+00  0.00000E+00  0.00000E+00  0.00000E+00  0.00000E+00  0.00000E+00  0.00000E+00  0.00000E+00  0.00000E+00  0.00000E+00  0.00000E+00  0.00000E+00  0.00000E+00  0.00000E+00  0.00000E+00  0.00000E+00  0.00000E+00  0.00000E+00  0.00000E+00  0.00000E+00  0.00000E+00  0.00000E+00  0.00000E+00  0.00000E+00  0.00000E+00  0.00000E+00  0.00000E+00  0.00000E+00  0.00000E+00  0.00000E+00  0.00000E+00  0.00000E+00  0.00000E+00  0.00000E+00  0.00000E+00  0.00000E+00  0.00000E+00  0.00000E+00  0.00000E+00  0.00000E+00  0.00000E+00  0.00000E+00  0.00000E+00  0.00000E+00  0.00000E+00
 SIGMA(2,2)    5.20338E-02  5.76847E-02  1.44638E-02 -4.67888E-02 -1.34202E-03  4.48233E-02  5.24613E-02  3.02089E-02  9.83532E-03  0.00000E+00  1.31715E-03  1.78005E-02 -1.59667E-02 -6.49962E-02  1.66326E-03 -2.54954E-03 -1.04519E-04  4.02476E-02 -7.64034E-02 -2.21558E-03  3.48993E-02 -1.73037E-02  4.89674E-02 -5.43177E-02 -7.62007E-03 -3.86984E-02 -1.39673E-02  7.61724E-04  5.12370E-04  8.02675E-02 -2.09807E-02 -1.11710E-01  6.08627E-02  7.31982E-02 -3.35986E-02  8.60506E-02 -1.16581E-02 -4.16330E-02 -1.26633E-01  7.40910E-02 -4.42867E-02 -7.14779E-02 -5.17444E-02 -4.92235E-02  9.58953E-02 -6.81454E-02 -7.43575E-03
 OMEGA(1,1)   -3.53100E-02  3.33549E-03  2.01447E-02 -3.98926E-02 -2.61042E-03  6.31201E-02  9.93141E-02 -3.72316E-02  2.56379E-02  0.00000E+00  1.78005E-02  5.68513E-02 -1.70112E-01  4.31003E-02  6.60157E-02 -6.44148E-02  1.24973E-02  2.96695E-02 -6.84685E-03 -4.25969E-02  2.83054E-02  8.78952E-02 -8.69467E-02  3.71407E-03 -8.86404E-02  8.51073E-02 -9.80492E-02  3.68599E-02 -2.34341E-02  6.06581E-02 -1.42424E-02  6.40466E-02 -8.79223E-02  2.60002E-03  4.12442E-03  1.77705E-02  5.60270E-02 -2.20682E-02  7.76555E-03  3.44577E-01 -9.48712E-03 -3.58057E-02  7.76672E-02 -2.58096E-02 -2.44221E-02 -2.03780E-02  1.02346E-01
 OMEGA(2,1)   -1.28240E-02  3.67060E-03 -4.39731E-02  2.24707E-02  1.33924E-03 -6.80658E-02 -3.26674E-02 -4.94051E-02  7.21230E-02  0.00000E+00 -1.59667E-02 -1.70112E-01  3.05990E-02 -2.09264E-01 -1.25924E-01  1.16012E-01 -2.05913E-02  6.72734E-02 -5.43596E-03  2.90582E-02  3.76885E-02  2.34659E-02  8.85134E-02  1.67201E-02  9.48085E-02 -4.93708E-02 -4.50354E-02 -6.45899E-02  1.56222E-02  3.73085E-02 -2.33754E-02  1.81809E-02 -1.57932E-01  6.25806E-02 -5.72563E-02  8.74921E-02 -2.90632E-02 -3.88125E-02  8.73744E-03  1.16887E-01  2.03024E-01 -3.15805E-02  6.95013E-02  5.56496E-02 -1.04668E-01 -1.31066E-02  8.63044E-02
 OMEGA(2,2)    1.00404E-02 -1.70153E-01  7.22974E-02  2.81178E-02  3.57758E-02 -6.83910E-03  3.46921E-02  9.82708E-03 -8.04037E-02  0.00000E+00 -6.49962E-02  4.31003E-02 -2.09264E-01  4.69704E-02  5.48200E-03 -1.32215E-01 -1.11133E-02 -3.11922E-02  1.67614E-01  2.10547E-02  1.45379E-02  7.40828E-02  8.30282E-02  4.77583E-03  4.26869E-02  9.54234E-03  4.29080E-02  9.54197E-03 -5.50313E-02  2.11216E-02  2.61903E-02  6.28414E-02  3.58785E-02 -3.58645E-01 -5.74401E-03 -1.73363E-02  1.35899E-02 -6.08701E-02  6.17138E-02  2.83615E-02  3.87020E-01  3.81177E-02  1.38779E-03  1.44635E-02  6.73877E-03 -9.28960E-03  8.47196E-02
