TABLE NO.     1: Iterative Two Stage (No Prior): Problem=1 Subproblem=0 Superproblem1=0 Iteration1=0 Superproblem2=0 Iteration2=0
 NAME         THETA1       THETA2       THETA3       THETA4       THETA5       SIGMA(1,1)   OMEGA(1,1)   OMEGA(2,1)   OMEGA(2,2)   OMEGA(3,1)   OMEGA(3,2)   OMEGA(3,3)   OMEGA(4,1)   OMEGA(4,2)   OMEGA(4,3)   OMEGA(4,4)
 THETA1        4.43324E+03  1.46645E+03 -3.49169E-03 -1.98536E-02 -7.77679E-03 -2.29270E+03  3.14114E+02 -3.08294E+03 -2.14418E+03  0.00000E+00  0.00000E+00 -1.81611E-02  0.00000E+00  0.00000E+00  5.74990E-02  1.80635E-01
 THETA2        1.46645E+03  7.09508E+03 -7.50589E-02 -2.19046E-01 -8.34146E-02  1.21951E+04 -1.52740E+03 -4.32635E+03  3.62860E+03  0.00000E+00  0.00000E+00  1.63602E-01  0.00000E+00  0.00000E+00  1.43244E+00  2.04914E+00
 THETA3       -3.49169E-03 -7.50589E-02  2.02150E+03  3.78677E+02  2.87501E-02 -4.93450E+03  2.25197E-02 -4.34630E-02 -5.94240E-01  0.00000E+00  0.00000E+00  1.53572E+02  0.00000E+00  0.00000E+00 -5.45235E+01  1.53881E+02
 THETA4       -1.98536E-02 -2.19046E-01  3.78677E+02  1.72341E+03 -1.44578E-01 -3.44431E+03  7.91516E-02 -2.83520E-01 -1.75057E+00  0.00000E+00  0.00000E+00 -2.56996E+01  0.00000E+00  0.00000E+00  3.16125E+02  2.59296E+02
 THETA5       -7.77679E-03 -8.34146E-02  2.87501E-02 -1.44578E-01  1.34997E+03  4.68978E+03  3.00679E-02 -1.12145E-01 -6.76611E-01  0.00000E+00  0.00000E+00  6.09869E-01  0.00000E+00  0.00000E+00  2.64279E+00  1.87568E+00
 SIGMA(1,1)   -2.29270E+03  1.21951E+04 -4.93450E+03 -3.44431E+03  4.68978E+03  8.66819E+06 -3.98453E+04  1.65218E+04  4.80894E+04  0.00000E+00  0.00000E+00  1.27661E+04  0.00000E+00  0.00000E+00  4.29301E+04  2.76139E+04
 OMEGA(1,1)    3.14114E+02 -1.52740E+03  2.25197E-02  7.91516E-02  3.00679E-02 -3.98453E+04  4.94193E+04  5.68685E+04  1.82126E+04  0.00000E+00  0.00000E+00  2.00288E-03  0.00000E+00  0.00000E+00 -4.15476E-01 -7.28338E-01
 OMEGA(2,1)   -3.08294E+03 -4.32635E+03 -4.34630E-02 -2.83520E-01 -1.12145E-01  1.65218E+04  5.68685E+04  2.19704E+05  7.65845E+04  0.00000E+00  0.00000E+00 -3.36584E-01  0.00000E+00  0.00000E+00  6.73656E-01  2.55274E+00
 OMEGA(2,2)   -2.14418E+03  3.62860E+03 -5.94240E-01 -1.75057E+00 -6.76611E-01  4.80894E+04  1.82126E+04  7.65845E+04  1.90381E+05  0.00000E+00  0.00000E+00  1.23326E+00  0.00000E+00  0.00000E+00  1.13055E+01  1.63304E+01
 OMEGA(3,1)    0.00000E+00  0.00000E+00  0.00000E+00  0.00000E+00  0.00000E+00  0.00000E+00  0.00000E+00  0.00000E+00  0.00000E+00  0.00000E+00  0.00000E+00  0.00000E+00  0.00000E+00  0.00000E+00  0.00000E+00  0.00000E+00
 OMEGA(3,2)    0.00000E+00  0.00000E+00  0.00000E+00  0.00000E+00  0.00000E+00  0.00000E+00  0.00000E+00  0.00000E+00  0.00000E+00  0.00000E+00  0.00000E+00  0.00000E+00  0.00000E+00  0.00000E+00  0.00000E+00  0.00000E+00
 OMEGA(3,3)   -1.81611E-02  1.63602E-01  1.53572E+02 -2.56996E+01  6.09869E-01  1.27661E+04  2.00288E-03 -3.36584E-01  1.23326E+00  0.00000E+00  0.00000E+00  2.09577E+04  0.00000E+00  0.00000E+00  1.03181E+04  1.76821E+03
 OMEGA(4,1)    0.00000E+00  0.00000E+00  0.00000E+00  0.00000E+00  0.00000E+00  0.00000E+00  0.00000E+00  0.00000E+00  0.00000E+00  0.00000E+00  0.00000E+00  0.00000E+00  0.00000E+00  0.00000E+00  0.00000E+00  0.00000E+00
 OMEGA(4,2)    0.00000E+00  0.00000E+00  0.00000E+00  0.00000E+00  0.00000E+00  0.00000E+00  0.00000E+00  0.00000E+00  0.00000E+00  0.00000E+00  0.00000E+00  0.00000E+00  0.00000E+00  0.00000E+00  0.00000E+00  0.00000E+00
 OMEGA(4,3)    5.74990E-02  1.43244E+00 -5.45235E+01  3.16125E+02  2.64279E+00  4.29301E+04 -4.15476E-01  6.73656E-01  1.13055E+01  0.00000E+00  0.00000E+00  1.03181E+04  0.00000E+00  0.00000E+00  4.07057E+04  1.02133E+04
 OMEGA(4,4)    1.80635E-01  2.04914E+00  1.53881E+02  2.59296E+02  1.87568E+00  2.76139E+04 -7.28338E-01  2.55274E+00  1.63304E+01  0.00000E+00  0.00000E+00  1.76821E+03  0.00000E+00  0.00000E+00  1.02133E+04  1.52927E+04
TABLE NO.     2: Stochastic Approximation Expectation-Maximization (No Prior): Problem=1 Subproblem=0 Superproblem1=0 Iteration1=0 Superproblem2=0 Iteration2=0
 NAME         THETA1       THETA2       THETA3       THETA4       THETA5       SIGMA(1,1)   OMEGA(1,1)   OMEGA(2,1)   OMEGA(2,2)   OMEGA(3,1)   OMEGA(3,2)   OMEGA(3,3)   OMEGA(4,1)   OMEGA(4,2)   OMEGA(4,3)   OMEGA(4,4)
 THETA1        4.46364E+03  1.46756E+03  1.26094E+01  1.81735E+01  1.17384E+01 -1.50381E+03  3.99321E+02 -3.08160E+03 -2.04877E+03  0.00000E+00  0.00000E+00  1.29415E+01  0.00000E+00  0.00000E+00 -3.80922E+01  2.51106E+00
 THETA2        1.46756E+03  7.05346E+03  1.64391E+01  1.14334E+01 -1.22636E+01  1.56654E+04 -1.48627E+03 -4.04393E+03  3.76581E+03  0.00000E+00  0.00000E+00 -5.42023E+00  0.00000E+00  0.00000E+00 -5.86089E+01  2.61614E+01
 THETA3        1.26094E+01  1.64391E+01  1.97705E+03  3.61057E+02 -1.44547E+01 -4.60764E+03 -4.29719E+01  1.58578E+00 -6.61636E+01  0.00000E+00  0.00000E+00  2.05330E+02  0.00000E+00  0.00000E+00 -1.96474E+02  1.27431E+02
 THETA4        1.81735E+01  1.14334E+01  3.61057E+02  1.80284E+03  3.54682E+01 -3.51410E+03  1.28502E+01  4.63205E+01  5.07022E+00  0.00000E+00  0.00000E+00 -1.21277E+01  0.00000E+00  0.00000E+00  3.50680E+02  1.28018E+02
 THETA5        1.17384E+01 -1.22636E+01 -1.44547E+01  3.54682E+01  1.34997E+03  4.87676E+03  2.84888E+01  2.61942E+01  6.88401E+01  0.00000E+00  0.00000E+00  5.12825E+01  0.00000E+00  0.00000E+00  4.57815E+01 -8.88163E+01
 SIGMA(1,1)   -1.50381E+03  1.56654E+04 -4.60764E+03 -3.51410E+03  4.87676E+03  8.71962E+06 -4.07700E+04  1.32602E+04  5.23552E+04  0.00000E+00  0.00000E+00  1.12910E+04  0.00000E+00  0.00000E+00  4.53496E+04  2.85209E+04
 OMEGA(1,1)    3.99321E+02 -1.48627E+03 -4.29719E+01  1.28502E+01  2.84888E+01 -4.07700E+04  5.00771E+04  5.70444E+04  1.79558E+04  0.00000E+00  0.00000E+00  1.43518E+02  0.00000E+00  0.00000E+00  8.95589E+01 -5.25233E+01
 OMEGA(2,1)   -3.08160E+03 -4.04393E+03  1.58578E+00  4.63205E+01  2.61942E+01  1.32602E+04  5.70444E+04  2.18659E+05  7.51665E+04  0.00000E+00  0.00000E+00  2.87630E+02  0.00000E+00  0.00000E+00  1.12376E+02 -1.19813E+02
 OMEGA(2,2)   -2.04877E+03  3.76581E+03 -6.61636E+01  5.07022E+00  6.88401E+01  5.23552E+04  1.79558E+04  7.51665E+04  1.85555E+05  0.00000E+00  0.00000E+00 -1.06909E+02  0.00000E+00  0.00000E+00 -3.26687E+02 -1.40017E+02
 OMEGA(3,1)    0.00000E+00  0.00000E+00  0.00000E+00  0.00000E+00  0.00000E+00  0.00000E+00  0.00000E+00  0.00000E+00  0.00000E+00  0.00000E+00  0.00000E+00  0.00000E+00  0.00000E+00  0.00000E+00  0.00000E+00  0.00000E+00
 OMEGA(3,2)    0.00000E+00  0.00000E+00  0.00000E+00  0.00000E+00  0.00000E+00  0.00000E+00  0.00000E+00  0.00000E+00  0.00000E+00  0.00000E+00  0.00000E+00  0.00000E+00  0.00000E+00  0.00000E+00  0.00000E+00  0.00000E+00
 OMEGA(3,3)    1.29415E+01 -5.42023E+00  2.05330E+02 -1.21277E+01  5.12825E+01  1.12910E+04  1.43518E+02  2.87630E+02 -1.06909E+02  0.00000E+00  0.00000E+00  2.00018E+04  0.00000E+00  0.00000E+00  9.74286E+03  1.70063E+03
 OMEGA(4,1)    0.00000E+00  0.00000E+00  0.00000E+00  0.00000E+00  0.00000E+00  0.00000E+00  0.00000E+00  0.00000E+00  0.00000E+00  0.00000E+00  0.00000E+00  0.00000E+00  0.00000E+00  0.00000E+00  0.00000E+00  0.00000E+00
 OMEGA(4,2)    0.00000E+00  0.00000E+00  0.00000E+00  0.00000E+00  0.00000E+00  0.00000E+00  0.00000E+00  0.00000E+00  0.00000E+00  0.00000E+00  0.00000E+00  0.00000E+00  0.00000E+00  0.00000E+00  0.00000E+00  0.00000E+00
 OMEGA(4,3)   -3.80922E+01 -5.86089E+01 -1.96474E+02  3.50680E+02  4.57815E+01  4.53496E+04  8.95589E+01  1.12376E+02 -3.26687E+02  0.00000E+00  0.00000E+00  9.74286E+03  0.00000E+00  0.00000E+00  4.13128E+04  1.03299E+04
 OMEGA(4,4)    2.51106E+00  2.61614E+01  1.27431E+02  1.28018E+02 -8.88163E+01  2.85209E+04 -5.25233E+01 -1.19813E+02 -1.40017E+02  0.00000E+00  0.00000E+00  1.70063E+03  0.00000E+00  0.00000E+00  1.03299E+04  1.65934E+04
TABLE NO.     3: Objective Function Evaluation by Importance Sampling (No Prior): Problem=1 Subproblem=0 Superproblem1=0 Iteration1=0 Superproblem2=0 Iteration2=0
 NAME         THETA1       THETA2       THETA3       THETA4       THETA5       SIGMA(1,1)   OMEGA(1,1)   OMEGA(2,1)   OMEGA(2,2)   OMEGA(3,1)   OMEGA(3,2)   OMEGA(3,3)   OMEGA(4,1)   OMEGA(4,2)   OMEGA(4,3)   OMEGA(4,4)
 THETA1        4.46277E+03  1.46560E+03  4.70348E-01 -6.59410E-01 -5.76390E-01 -3.08445E+03  7.92759E+01 -6.30092E+01  6.82873E+01  0.00000E+00  0.00000E+00 -3.93862E+00  0.00000E+00  0.00000E+00 -1.20507E+01 -2.98792E+00
 THETA2        1.46560E+03  7.04885E+03 -4.50195E+00 -3.09853E+00 -1.41618E+00  9.28267E+02  2.10972E+01  1.53977E+02  1.07614E+03  0.00000E+00  0.00000E+00  2.76251E+00  0.00000E+00  0.00000E+00  9.25317E+00  1.22478E+01
 THETA3        4.70348E-01 -4.50195E+00  2.01784E+03  3.70826E+02 -1.03900E+01 -1.54119E+03 -4.62750E+00  2.75974E+00  2.34257E+01  0.00000E+00  0.00000E+00  5.53521E+01  0.00000E+00  0.00000E+00 -1.74416E+02 -5.48352E+01
 THETA4       -6.59410E-01 -3.09853E+00  3.70826E+02  1.75880E+03  2.40926E+01 -9.97322E+01  7.63925E-01  1.07547E+01  1.60783E+00  0.00000E+00  0.00000E+00 -1.20932E+00  0.00000E+00  0.00000E+00 -9.66451E+00 -9.12783E+01
 THETA5       -5.76390E-01 -1.41618E+00 -1.03900E+01  2.40926E+01  1.34997E+03  4.79810E+03  7.49781E+00 -1.05244E+01  1.56038E+01  0.00000E+00  0.00000E+00  3.05615E+01  0.00000E+00  0.00000E+00  3.32770E+01 -5.15812E+01
 SIGMA(1,1)   -3.08445E+03  9.28267E+02 -1.54119E+03 -9.97322E+01  4.79810E+03  8.57785E+06  5.26300E+03 -1.62053E+03  2.56378E+04  0.00000E+00  0.00000E+00  2.31950E+03  0.00000E+00  0.00000E+00  8.17726E+02 -1.03950E+03
 OMEGA(1,1)    7.92759E+01  2.10972E+01 -4.62750E+00  7.63925E-01  7.49781E+00  5.26300E+03  5.03440E+04  3.30577E+04  5.41156E+03  0.00000E+00  0.00000E+00  2.28498E+01  0.00000E+00  0.00000E+00 -3.98868E+01  2.12942E+01
 OMEGA(2,1)   -6.30092E+01  1.53977E+02  2.75974E+00  1.07547E+01 -1.05244E+01 -1.62053E+03  3.30577E+04  1.68328E+05  5.12653E+04  0.00000E+00  0.00000E+00  8.16928E+01  0.00000E+00  0.00000E+00 -3.85976E+01 -5.35088E+00
 OMEGA(2,2)    6.82873E+01  1.07614E+03  2.34257E+01  1.60783E+00  1.56038E+01  2.56378E+04  5.41156E+03  5.12653E+04  1.23688E+05  0.00000E+00  0.00000E+00 -4.40411E+01  0.00000E+00  0.00000E+00  2.19608E+01 -3.42057E+01
 OMEGA(3,1)    0.00000E+00  0.00000E+00  0.00000E+00  0.00000E+00  0.00000E+00  0.00000E+00  0.00000E+00  0.00000E+00  0.00000E+00  0.00000E+00  0.00000E+00  0.00000E+00  0.00000E+00  0.00000E+00  0.00000E+00  0.00000E+00
 OMEGA(3,2)    0.00000E+00  0.00000E+00  0.00000E+00  0.00000E+00  0.00000E+00  0.00000E+00  0.00000E+00  0.00000E+00  0.00000E+00  0.00000E+00  0.00000E+00  0.00000E+00  0.00000E+00  0.00000E+00  0.00000E+00  0.00000E+00
 OMEGA(3,3)   -3.93862E+00  2.76251E+00  5.53521E+01 -1.20932E+00  3.05615E+01  2.31950E+03  2.28498E+01  8.16928E+01 -4.40411E+01  0.00000E+00  0.00000E+00  1.92608E+04  0.00000E+00  0.00000E+00  6.91671E+03  6.06162E+02
 OMEGA(4,1)    0.00000E+00  0.00000E+00  0.00000E+00  0.00000E+00  0.00000E+00  0.00000E+00  0.00000E+00  0.00000E+00  0.00000E+00  0.00000E+00  0.00000E+00  0.00000E+00  0.00000E+00  0.00000E+00  0.00000E+00  0.00000E+00
 OMEGA(4,2)    0.00000E+00  0.00000E+00  0.00000E+00  0.00000E+00  0.00000E+00  0.00000E+00  0.00000E+00  0.00000E+00  0.00000E+00  0.00000E+00  0.00000E+00  0.00000E+00  0.00000E+00  0.00000E+00  0.00000E+00  0.00000E+00
 OMEGA(4,3)   -1.20507E+01  9.25317E+00 -1.74416E+02 -9.66451E+00  3.32770E+01  8.17726E+02 -3.98868E+01 -3.85976E+01  2.19608E+01  0.00000E+00  0.00000E+00  6.91671E+03  0.00000E+00  0.00000E+00  3.68443E+04  6.61864E+03
 OMEGA(4,4)   -2.98792E+00  1.22478E+01 -5.48352E+01 -9.12783E+01 -5.15812E+01 -1.03950E+03  2.12942E+01 -5.35088E+00 -3.42057E+01  0.00000E+00  0.00000E+00  6.06162E+02  0.00000E+00  0.00000E+00  6.61864E+03  1.62682E+04
TABLE NO.     4: MCMC Bayesian Analysis: Problem=1 Subproblem=0 Superproblem1=0 Iteration1=0 Superproblem2=0 Iteration2=0
 NAME         THETA1       THETA2       THETA3       THETA4       THETA5       SIGMA(1,1)   OMEGA(1,1)   OMEGA(2,1)   OMEGA(2,2)   OMEGA(3,1)   OMEGA(3,2)   OMEGA(3,3)   OMEGA(4,1)   OMEGA(4,2)   OMEGA(4,3)   OMEGA(4,4)
 THETA1        4.29075E+03  1.06664E+03  8.06768E+01 -4.34623E+01  4.29787E+01 -1.08688E+04 -7.60377E+02 -1.18905E+03 -5.13577E+02  0.00000E+00  0.00000E+00 -2.79119E+02  0.00000E+00  0.00000E+00  2.86683E+02  3.24252E+02
 THETA2        1.06664E+03  6.91600E+03 -2.35347E+01  5.63608E+01  1.98567E+02 -1.25843E+04 -1.62961E+03  2.84213E+02  1.65001E+03  0.00000E+00  0.00000E+00 -3.79442E+02  0.00000E+00  0.00000E+00  2.57223E+02 -3.23532E+02
 THETA3        8.06768E+01 -2.35347E+01  2.01358E+03  1.22624E+02 -3.89944E+01  1.59510E+02  2.30095E+02  2.09615E+02  1.18497E+01  0.00000E+00  0.00000E+00 -3.35412E+02  0.00000E+00  0.00000E+00 -5.14405E+02  2.15021E+02
 THETA4       -4.34623E+01  5.63608E+01  1.22624E+02  1.81973E+03  3.57819E+01 -5.46621E+03 -4.65174E+02  1.31873E+03  2.68889E+01  0.00000E+00  0.00000E+00 -4.40125E+02  0.00000E+00  0.00000E+00  7.04901E+02 -7.30912E+01
 THETA5        4.29787E+01  1.98567E+02 -3.89944E+01  3.57819E+01  1.41942E+03  3.81708E+02  2.04860E+02  4.30729E+02  5.81811E+01  0.00000E+00  0.00000E+00  2.09531E+02  0.00000E+00  0.00000E+00  4.66315E+02 -1.07312E+02
 SIGMA(1,1)   -1.08688E+04 -1.25843E+04  1.59510E+02 -5.46621E+03  3.81708E+02  9.00867E+06  3.97739E+04 -5.67491E+04 -7.73487E+03  0.00000E+00  0.00000E+00  1.70281E+03  0.00000E+00  0.00000E+00 -1.29977E+04 -1.26563E+04
 OMEGA(1,1)   -7.60377E+02 -1.62961E+03  2.30095E+02 -4.65174E+02  2.04860E+02  3.97739E+04  4.91758E+04  3.55253E+04  4.02007E+03  0.00000E+00  0.00000E+00 -5.30447E+02  0.00000E+00  0.00000E+00  1.28731E+03 -8.65951E+02
 OMEGA(2,1)   -1.18905E+03  2.84213E+02  2.09615E+02  1.31873E+03  4.30729E+02 -5.67491E+04  3.55253E+04  1.74804E+05  5.68738E+04  0.00000E+00  0.00000E+00 -4.91373E+03  0.00000E+00  0.00000E+00  4.79753E+03  2.46395E+03
 OMEGA(2,2)   -5.13577E+02  1.65001E+03  1.18497E+01  2.68889E+01  5.81811E+01 -7.73487E+03  4.02007E+03  5.68738E+04  1.23647E+05  0.00000E+00  0.00000E+00 -5.38384E+03  0.00000E+00  0.00000E+00  1.03507E+02 -7.68383E+01
 OMEGA(3,1)    0.00000E+00  0.00000E+00  0.00000E+00  0.00000E+00  0.00000E+00  0.00000E+00  0.00000E+00  0.00000E+00  0.00000E+00  0.00000E+00  0.00000E+00  0.00000E+00  0.00000E+00  0.00000E+00  0.00000E+00  0.00000E+00
 OMEGA(3,2)    0.00000E+00  0.00000E+00  0.00000E+00  0.00000E+00  0.00000E+00  0.00000E+00  0.00000E+00  0.00000E+00  0.00000E+00  0.00000E+00  0.00000E+00  0.00000E+00  0.00000E+00  0.00000E+00  0.00000E+00  0.00000E+00
 OMEGA(3,3)   -2.79119E+02 -3.79442E+02 -3.35412E+02 -4.40125E+02  2.09531E+02  1.70281E+03 -5.30447E+02 -4.91373E+03 -5.38384E+03  0.00000E+00  0.00000E+00  2.37550E+04  0.00000E+00  0.00000E+00  1.03816E+04  1.58507E+03
 OMEGA(4,1)    0.00000E+00  0.00000E+00  0.00000E+00  0.00000E+00  0.00000E+00  0.00000E+00  0.00000E+00  0.00000E+00  0.00000E+00  0.00000E+00  0.00000E+00  0.00000E+00  0.00000E+00  0.00000E+00  0.00000E+00  0.00000E+00
 OMEGA(4,2)    0.00000E+00  0.00000E+00  0.00000E+00  0.00000E+00  0.00000E+00  0.00000E+00  0.00000E+00  0.00000E+00  0.00000E+00  0.00000E+00  0.00000E+00  0.00000E+00  0.00000E+00  0.00000E+00  0.00000E+00  0.00000E+00
 OMEGA(4,3)    2.86683E+02  2.57223E+02 -5.14405E+02  7.04901E+02  4.66315E+02 -1.29977E+04  1.28731E+03  4.79753E+03  1.03507E+02  0.00000E+00  0.00000E+00  1.03816E+04  0.00000E+00  0.00000E+00  3.92800E+04  5.97035E+03
 OMEGA(4,4)    3.24252E+02 -3.23532E+02  2.15021E+02 -7.30912E+01 -1.07312E+02 -1.26563E+04 -8.65951E+02  2.46395E+03 -7.68383E+01  0.00000E+00  0.00000E+00  1.58507E+03  0.00000E+00  0.00000E+00  5.97035E+03  1.38957E+04
TABLE NO.     5: First Order Conditional Estimation with Interaction (No Prior): Problem=1 Subproblem=0 Superproblem1=0 Iteration1=0 Superproblem2=0 Iteration2=0
 NAME         THETA1       THETA2       THETA3       THETA4       THETA5       SIGMA(1,1)   OMEGA(1,1)   OMEGA(2,1)   OMEGA(2,2)   OMEGA(3,1)   OMEGA(3,2)   OMEGA(3,3)   OMEGA(4,1)   OMEGA(4,2)   OMEGA(4,3)   OMEGA(4,4)
 THETA1        4.46265E+03  1.47770E+03 -3.49785E-03 -2.08531E-02 -4.73476E-03 -4.57787E+03 -1.23509E+01 -1.73173E+01  3.06046E+01  0.00000E+00  0.00000E+00 -1.81437E-02  0.00000E+00  0.00000E+00  5.94902E-02  1.84506E-01
 THETA2        1.47770E+03  7.10739E+03 -7.85018E-02 -2.37446E-01 -5.25440E-02 -2.26454E+03  5.29938E+00  2.34308E+01  9.38398E+02  0.00000E+00  0.00000E+00  1.71262E-01  0.00000E+00  0.00000E+00  1.50378E+00  2.15492E+00
 THETA3       -3.49785E-03 -7.85018E-02  2.03527E+03  3.83305E+02 -1.89692E-02 -1.96860E+03  2.25014E-02 -4.31854E-02 -5.92123E-01  0.00000E+00  0.00000E+00 -6.47726E+00  0.00000E+00  0.00000E+00 -5.46754E+00 -8.34258E+00
 THETA4       -2.08531E-02 -2.37446E-01  3.83305E+02  1.73611E+03 -5.69536E-02 -3.90590E+02  8.23419E-02 -2.94854E-01 -1.80724E+00  0.00000E+00  0.00000E+00 -7.33293E-01  0.00000E+00  0.00000E+00 -7.73502E+00  6.28898E+00
 THETA5       -4.73476E-03 -5.25440E-02 -1.89692E-02 -5.69536E-02  1.34998E+03 -4.33681E-18  1.84915E-02 -6.75616E-02 -4.00905E-01  0.00000E+00  0.00000E+00  4.30899E-02  0.00000E+00  0.00000E+00  3.64286E-01  5.18211E-01
 SIGMA(1,1)   -4.57787E+03 -2.26454E+03 -1.96860E+03 -3.90590E+02 -4.33681E-18  8.52050E+06  6.06589E+03 -6.78953E+02  2.95758E+04  0.00000E+00  0.00000E+00  4.01317E+03  0.00000E+00  0.00000E+00  4.78038E+02  4.35633E+02
 OMEGA(1,1)   -1.23509E+01  5.29938E+00  2.25014E-02  8.23419E-02  1.84915E-02  6.06589E+03  4.97909E+04  3.29695E+04  5.44110E+03  0.00000E+00  0.00000E+00  1.22845E-03  0.00000E+00  0.00000E+00 -4.20639E-01 -7.36228E-01
 OMEGA(2,1)   -1.73173E+01  2.34308E+01 -4.31854E-02 -2.94854E-01 -6.75616E-02 -6.78953E+02  3.29695E+04  1.68893E+05  5.19855E+04  0.00000E+00  0.00000E+00 -3.30956E-01  0.00000E+00  0.00000E+00  7.00479E-01  2.58444E+00
 OMEGA(2,2)    3.06046E+01  9.38398E+02 -5.92123E-01 -1.80724E+00 -4.00905E-01  2.95758E+04  5.44110E+03  5.19855E+04  1.26342E+05  0.00000E+00  0.00000E+00  1.23370E+00  0.00000E+00  0.00000E+00  1.13134E+01  1.63614E+01
 OMEGA(3,1)    0.00000E+00  0.00000E+00  0.00000E+00  0.00000E+00  0.00000E+00  0.00000E+00  0.00000E+00  0.00000E+00  0.00000E+00  0.00000E+00  0.00000E+00  0.00000E+00  0.00000E+00  0.00000E+00  0.00000E+00  0.00000E+00
 OMEGA(3,2)    0.00000E+00  0.00000E+00  0.00000E+00  0.00000E+00  0.00000E+00  0.00000E+00  0.00000E+00  0.00000E+00  0.00000E+00  0.00000E+00  0.00000E+00  0.00000E+00  0.00000E+00  0.00000E+00  0.00000E+00  0.00000E+00
 OMEGA(3,3)   -1.81437E-02  1.71262E-01 -6.47726E+00 -7.33293E-01  4.30899E-02  4.01317E+03  1.22845E-03 -3.30956E-01  1.23370E+00  0.00000E+00  0.00000E+00  2.07129E+04  0.00000E+00  0.00000E+00  7.80410E+03  7.29917E+02
 OMEGA(4,1)    0.00000E+00  0.00000E+00  0.00000E+00  0.00000E+00  0.00000E+00  0.00000E+00  0.00000E+00  0.00000E+00  0.00000E+00  0.00000E+00  0.00000E+00  0.00000E+00  0.00000E+00  0.00000E+00  0.00000E+00  0.00000E+00
 OMEGA(4,2)    0.00000E+00  0.00000E+00  0.00000E+00  0.00000E+00  0.00000E+00  0.00000E+00  0.00000E+00  0.00000E+00  0.00000E+00  0.00000E+00  0.00000E+00  0.00000E+00  0.00000E+00  0.00000E+00  0.00000E+00  0.00000E+00
 OMEGA(4,3)    5.94902E-02  1.50378E+00 -5.46754E+00 -7.73502E+00  3.64286E-01  4.78038E+02 -4.20639E-01  7.00479E-01  1.13134E+01  0.00000E+00  0.00000E+00  7.80410E+03  0.00000E+00  0.00000E+00  3.67798E+04  6.64763E+03
 OMEGA(4,4)    1.84506E-01  2.15492E+00 -8.34258E+00  6.28898E+00  5.18211E-01  4.35633E+02 -7.36228E-01  2.58444E+00  1.63614E+01  0.00000E+00  0.00000E+00  7.29917E+02  0.00000E+00  0.00000E+00  6.64763E+03  1.50431E+04
