TABLE NO.     1: MCMC Bayesian Analysis: Problem=1 Subproblem=0 Superproblem1=0 Iteration1=0 Superproblem2=0 Iteration2=0
 NAME         THETA1       THETA2       THETA3       THETA4       SIGMA(1,1)   OMEGA(1,1)   OMEGA(2,1)   OMEGA(2,2)   OMEGA(3,1)   OMEGA(3,2)   OMEGA(3,3)   OMEGA(4,1)   OMEGA(4,2)   OMEGA(4,3)   OMEGA(4,4)
 THETA1        4.32566E-02  1.29581E-01  1.36825E-01  3.70916E-02 -7.95115E-02  2.83631E-02  4.52354E-02  2.02092E-02  7.12327E-02 -6.05515E-03  5.60286E-02  8.22620E-02  1.87229E-02  9.24296E-02  9.83878E-02
 THETA2        1.29581E-01  5.34096E-02  7.72647E-02  1.72328E-01  9.89358E-02  9.12424E-02  8.47888E-02 -1.42058E-01  5.55639E-02  1.14199E-01 -1.05314E-01  4.50038E-02 -7.42590E-02 -5.02628E-02  4.18784E-02
 THETA3        1.36825E-01  7.72647E-02  6.47274E-02  4.17684E-01 -2.46559E-02  3.93376E-02  1.25821E-01 -9.55731E-02  9.44865E-02  2.45620E-01  1.11208E-01  1.47661E-01  1.06596E-01  1.40078E-01  1.65330E-02
 THETA4        3.70916E-02  1.72328E-01  4.17684E-01  5.33034E-02  9.60011E-04  3.57493E-02  1.22464E-01 -5.27749E-02  1.15476E-01  6.32759E-02  3.77605E-02  1.21055E-01  9.08396E-02  4.05149E-03  2.63802E-02
 SIGMA(1,1)   -7.95115E-02  9.89358E-02 -2.46559E-02  9.60011E-04  7.32828E-03 -1.43089E-01 -9.97976E-02 -2.96423E-01 -2.04281E-01  2.65660E-02 -1.91987E-01 -2.53342E-01 -9.63785E-02 -2.80774E-01 -2.84128E-01
 OMEGA(1,1)    2.83631E-02  9.12424E-02  3.93376E-02  3.57493E-02 -1.43089E-01  2.86793E-02  2.36530E-01 -3.94178E-02  2.92521E-01  2.65802E-02  7.87688E-02  1.59875E-01 -7.26939E-02  1.09832E-01  9.43045E-02
 OMEGA(2,1)    4.52354E-02  8.47888E-02  1.25821E-01  1.22464E-01 -9.97976E-02  2.36530E-01  2.39849E-02  5.39890E-02  1.32816E-01  1.18465E-01  1.00481E-02  2.42050E-01 -6.05795E-02  2.42540E-02 -5.56774E-04
 OMEGA(2,2)    2.02092E-02 -1.42058E-01 -9.55731E-02 -5.27749E-02 -2.96423E-01 -3.94178E-02  5.39890E-02  3.60247E-02 -5.31050E-02 -8.05172E-02 -2.28374E-02  3.08910E-02  2.65869E-01  5.91239E-02  1.65186E-01
 OMEGA(3,1)    7.12327E-02  5.55639E-02  9.44865E-02  1.15476E-01 -2.04281E-01  2.92521E-01  1.32816E-01 -5.31050E-02  2.94598E-02  5.45033E-02  2.67384E-01  4.69610E-01 -2.96618E-02  1.20728E-01  6.94312E-02
 OMEGA(3,2)   -6.05515E-03  1.14199E-01  2.45620E-01  6.32759E-02  2.65660E-02  2.65802E-02  1.18465E-01 -8.05172E-02  5.45033E-02  3.45687E-02  5.32817E-02  4.23468E-02  2.32526E-01  1.42180E-01  8.84319E-03
 OMEGA(3,3)    5.60286E-02 -1.05314E-01  1.11208E-01  3.77605E-02 -1.91987E-01  7.87688E-02  1.00481E-02 -2.28374E-02  2.67384E-01  5.32817E-02  5.74169E-02  1.31528E-01  6.59257E-02  5.53522E-01  1.24001E-01
 OMEGA(4,1)    8.22620E-02  4.50038E-02  1.47661E-01  1.21055E-01 -2.53342E-01  1.59875E-01  2.42050E-01  3.08910E-02  4.69610E-01  4.23468E-02  1.31528E-01  2.47130E-02  5.18893E-02  2.31142E-01  9.65922E-02
 OMEGA(4,2)    1.87229E-02 -7.42590E-02  1.06596E-01  9.08396E-02 -9.63785E-02 -7.26939E-02 -6.05795E-02  2.65869E-01 -2.96618E-02  2.32526E-01  6.59257E-02  5.18893E-02  2.62119E-02  1.23467E-01  1.93064E-01
 OMEGA(4,3)    9.24296E-02 -5.02628E-02  1.40078E-01  4.05149E-03 -2.80774E-01  1.09832E-01  2.42540E-02  5.91239E-02  1.20728E-01  1.42180E-01  5.53522E-01  2.31142E-01  1.23467E-01  3.49778E-02  4.97107E-01
 OMEGA(4,4)    9.83878E-02  4.18784E-02  1.65330E-02  2.63802E-02 -2.84128E-01  9.43045E-02 -5.56774E-04  1.65186E-01  6.94312E-02  8.84319E-03  1.24001E-01  9.65922E-02  1.93064E-01  4.97107E-01  3.64669E-02
