TABLE NO.     1: Iterative Two Stage (No Prior): Problem=1 Subproblem=0 Superproblem1=0 Iteration1=0 Superproblem2=0 Iteration2=0
 NAME         THETA1       THETA2       THETA3       THETA4       THETA5       THETA6       THETA7       THETA8       SIGMA(1,1)   SIGMA(2,1)   SIGMA(2,2)   OMEGA(1,1)   OMEGA(2,1)   OMEGA(2,2)   OMEGA(3,1)   OMEGA(3,2)   OMEGA(3,3)   OMEGA(4,1)   OMEGA(4,2)   OMEGA(4,3)   OMEGA(4,4)   OMEGA(5,1)   OMEGA(5,2)   OMEGA(5,3)   OMEGA(5,4)   OMEGA(5,5)   OMEGA(6,1)   OMEGA(6,2)   OMEGA(6,3)   OMEGA(6,4)   OMEGA(6,5)   OMEGA(6,6)   OMEGA(7,1)   OMEGA(7,2)   OMEGA(7,3)   OMEGA(7,4)   OMEGA(7,5)   OMEGA(7,6)   OMEGA(7,7)   OMEGA(8,1)   OMEGA(8,2)   OMEGA(8,3)   OMEGA(8,4)   OMEGA(8,5)   OMEGA(8,6)   OMEGA(8,7)   OMEGA(8,8)
 THETA1        3.49156E-01 -4.20159E-01  3.80437E-01  7.47557E-01 -7.31988E-01 -6.51211E-01 -2.86434E-01  7.89919E-01  8.20792E-01  0.00000E+00  9.46738E-02 -5.77069E-01 -2.81454E-01 -2.80578E-01 -2.95410E-01  1.51082E-01  7.08085E-01 -2.68409E-01 -2.66605E-01  3.70704E-01 -4.24815E-01  2.50719E-01  9.31219E-02  8.24596E-03 -3.89747E-01 -6.04499E-01 -4.36507E-01 -4.24936E-01  3.17476E-01 -3.72130E-01 -2.99224E-01 -5.93415E-01  6.26524E-02 -3.77198E-01 -5.42459E-01 -3.33969E-01  1.25967E-02  4.23907E-01 -1.73765E-01 -4.37777E-01 -7.35796E-01  4.72451E-01 -6.45299E-01  5.15139E-01  8.43665E-01  3.09577E-01 -6.15698E-01
 THETA2       -4.20159E-01  2.24564E-01 -2.87379E-01 -3.63842E-01  5.49262E-01  3.59296E-01 -1.21923E-01 -4.72284E-01 -5.91058E-01  0.00000E+00 -6.08491E-01  1.73236E-01  6.13767E-01 -3.54062E-01 -3.69278E-01  2.05230E-01 -6.32392E-01 -1.65277E-01 -1.01521E-01 -5.90038E-01 -2.65544E-01 -1.87331E-01  4.41387E-03  2.88733E-01  6.45472E-01  5.04968E-01  5.72756E-01  6.50623E-01  9.55424E-02 -1.57648E-01  5.96625E-01  4.16710E-01 -7.57275E-02  7.06145E-01  4.68017E-01  4.17893E-01 -8.24275E-02 -7.39588E-01  3.16793E-01  3.86902E-01  4.98760E-01 -5.92195E-01  1.13705E-01 -4.08601E-01 -2.98368E-01  1.82375E-01  6.15253E-01
 THETA3        3.80437E-01 -2.87379E-01  2.29823E-01 -3.36706E-02 -3.99506E-02 -3.04410E-01  2.66739E-01  2.17736E-01  1.63477E-01  0.00000E+00  2.62681E-01 -6.01851E-01  2.52744E-02 -5.38277E-01  1.20727E-01  5.16634E-01  5.43301E-02  1.74704E-01 -4.45101E-01  3.69471E-01  3.58957E-01 -1.21250E-01 -5.38805E-02 -4.37419E-01 -3.34636E-01 -2.12334E-01 -5.75992E-02 -5.21424E-01 -4.05364E-01  1.74941E-04 -5.92940E-01 -2.50747E-01 -5.75661E-01 -1.48879E-01 -6.59082E-01 -1.13048E-01 -6.07207E-01  2.78322E-01 -1.56244E-01 -7.64582E-01 -5.10987E-01  1.03896E-01 -6.07804E-01 -2.66332E-01  1.95824E-01 -3.08172E-01 -6.05308E-01
 THETA4        7.47557E-01 -3.63842E-01 -3.36706E-02  3.12026E-01 -7.44146E-01 -4.64831E-01 -4.73786E-01  7.91873E-01  8.61461E-01  0.00000E+00  2.72628E-02 -2.10860E-01 -4.08677E-01  1.71527E-02 -2.42508E-01 -2.67199E-01  7.05422E-01 -4.53105E-01  5.22899E-02  3.33122E-01 -4.77277E-01  3.83053E-01 -6.83073E-02  1.23234E-01 -3.41723E-01 -6.25438E-01 -5.06897E-01 -2.73630E-01  3.71807E-01 -3.32798E-01 -2.22382E-01 -5.47910E-01  4.82657E-01 -4.46210E-01 -2.71326E-01 -2.16295E-01  3.40992E-01  3.13703E-01 -6.47561E-02 -1.71395E-02 -5.90126E-01  4.46699E-01 -2.66004E-01  7.00308E-01  7.56701E-01  5.84075E-01 -3.26757E-01
 THETA5       -7.31988E-01  5.49262E-01 -3.99506E-02 -7.44146E-01  2.16344E-01  5.74299E-01  3.58835E-01 -7.22907E-01 -7.98004E-01  0.00000E+00 -2.40196E-01  3.81046E-01  4.74169E-01 -1.42758E-01  1.52961E-01  1.93547E-01 -8.00239E-01  2.09009E-01 -4.06105E-02 -3.84699E-01  3.14059E-01 -2.24044E-01 -4.07165E-02 -2.73755E-02  4.86762E-01  6.23971E-01  5.36123E-01  4.75741E-01 -4.37709E-01  2.62623E-01  2.07315E-01  5.40638E-01 -2.09818E-01  5.97811E-01  3.02272E-01  4.67527E-01 -1.48396E-01 -6.27758E-01  1.74688E-01  2.94067E-01  5.65113E-01 -5.33856E-01  2.90127E-01 -5.99629E-01 -7.15170E-01 -1.81508E-01  5.90794E-01
 THETA6       -6.51211E-01  3.59296E-01 -3.04410E-01 -4.64831E-01  5.74299E-01  2.65559E-01  2.67560E-01 -5.53529E-01 -5.61103E-01  0.00000E+00 -1.70907E-01  3.90646E-01  2.93670E-01  2.41426E-01  1.07573E-01 -1.77440E-01 -5.13665E-01 -1.48983E-01  3.82313E-01 -5.68895E-01  8.10038E-02  2.06512E-01 -9.65648E-02  4.10945E-01  6.03808E-01  4.19144E-01  1.80523E-01  6.27789E-01 -4.35904E-01  3.16330E-01  2.72859E-01  6.62819E-01  1.69565E-02  2.13735E-01  4.87522E-01  4.09763E-01  4.58571E-02 -4.35367E-01  4.16020E-02  5.25256E-01  4.99475E-01 -2.11441E-01  4.24717E-01 -2.48018E-01 -5.98582E-01  2.82096E-02  6.61834E-01
 THETA7       -2.86434E-01 -1.21923E-01  2.66739E-01 -4.73786E-01  3.58835E-01  2.67560E-01  1.50210E-01 -1.81152E-01 -3.32660E-01  0.00000E+00  3.06317E-01  2.26635E-02 -9.28281E-02  6.84937E-02  2.90116E-01  2.10048E-01 -2.33831E-01  5.17538E-01 -2.71600E-01  2.50724E-01  3.46759E-01 -3.13188E-01  2.31131E-01 -3.33323E-01 -7.84663E-02  1.63844E-01  1.20809E-01 -1.22846E-01 -5.62128E-01  5.57334E-01 -3.87435E-01  1.94739E-01 -3.11172E-01  7.94758E-02 -2.71452E-01  4.09129E-01 -2.18830E-01 -4.39123E-02 -3.78588E-01 -1.86973E-01  2.91693E-02 -9.55169E-02  1.21369E-01 -2.47577E-01 -4.06340E-01 -4.89451E-01 -6.90436E-02
 THETA8        7.89919E-01 -4.72284E-01  2.17736E-01  7.91873E-01 -7.22907E-01 -5.53529E-01 -1.81152E-01  3.83971E-01  8.72977E-01  0.00000E+00  3.76909E-01 -3.29706E-01 -6.43518E-01  1.16943E-01 -2.13644E-03 -2.49131E-01  8.87408E-01 -2.59498E-01 -1.25176E-01  5.58705E-01 -3.09599E-01  1.81003E-01  4.91689E-02 -1.36113E-01 -6.23846E-01 -8.28213E-01 -3.45990E-01 -4.55633E-01  2.67236E-01 -1.99085E-02 -4.18418E-01 -5.67717E-01  4.04015E-01 -5.87245E-01 -5.02397E-01 -2.10668E-01  3.19638E-01  4.39412E-01 -4.40213E-01 -2.56030E-01 -8.35230E-01  6.11847E-01 -4.46903E-01  7.20385E-01  8.28738E-01  3.12646E-01 -6.29833E-01
 SIGMA(1,1)    8.20792E-01 -5.91058E-01  1.63477E-01  8.61461E-01 -7.98004E-01 -5.61103E-01 -3.32660E-01  8.72977E-01  3.46199E-03  0.00000E+00  2.67003E-01 -3.39537E-01 -5.32104E-01  7.52817E-02 -6.28699E-02 -2.75151E-01  8.44969E-01 -3.37377E-01  5.99210E-03  4.64255E-01 -3.06320E-01  3.48015E-01  1.34768E-02 -3.94698E-02 -5.23028E-01 -7.00943E-01 -5.00371E-01 -4.74695E-01  2.96772E-01 -1.62535E-01 -3.70332E-01 -6.28720E-01  3.34567E-01 -5.89934E-01 -4.08564E-01 -3.27981E-01  3.17912E-01  4.77389E-01 -2.97066E-01 -2.60406E-01 -7.10012E-01  6.19451E-01 -3.95210E-01  7.14500E-01  7.82166E-01  3.31441E-01 -5.77561E-01
 SIGMA(2,1)    0.00000E+00  0.00000E+00  0.00000E+00  0.00000E+00  0.00000E+00  0.00000E+00  0.00000E+00  0.00000E+00  0.00000E+00  0.00000E+00  0.00000E+00  0.00000E+00  0.00000E+00  0.00000E+00  0.00000E+00  0.00000E+00  0.00000E+00  0.00000E+00  0.00000E+00  0.00000E+00  0.00000E+00  0.00000E+00  0.00000E+00  0.00000E+00  0.00000E+00  0.00000E+00  0.00000E+00  0.00000E+00  0.00000E+00  0.00000E+00  0.00000E+00  0.00000E+00  0.00000E+00  0.00000E+00  0.00000E+00  0.00000E+00  0.00000E+00  0.00000E+00  0.00000E+00  0.00000E+00  0.00000E+00  0.00000E+00  0.00000E+00  0.00000E+00  0.00000E+00  0.00000E+00  0.00000E+00
 SIGMA(2,2)    9.46738E-02 -6.08491E-01  2.62681E-01  2.72628E-02 -2.40196E-01 -1.70907E-01  3.06317E-01  3.76909E-01  2.67003E-01  0.00000E+00  4.28862E-03 -9.36152E-02 -7.62613E-01  5.17449E-01  6.53399E-01 -3.34336E-01  5.28728E-01  3.62678E-01 -9.24243E-02  5.81520E-01  3.87710E-01 -1.15199E-01 -4.97856E-04 -2.90285E-01 -7.04318E-01 -6.11797E-01 -3.39986E-01 -6.55148E-01 -4.01819E-01  5.16949E-01 -5.58302E-01 -1.33644E-01  8.74189E-02 -6.27145E-01 -4.03267E-01 -1.35369E-01  2.33181E-01  4.47020E-01 -5.24214E-01 -3.49060E-01 -5.36612E-01  5.73683E-01  2.70348E-02  3.08024E-01 -2.34937E-02 -3.54837E-01 -5.79672E-01
 OMEGA(1,1)   -5.77069E-01  1.73236E-01 -6.01851E-01 -2.10860E-01  3.81046E-01  3.90646E-01  2.26635E-02 -3.29706E-01 -3.39537E-01  0.00000E+00 -9.36152E-02  1.50490E-01 -1.13551E-01  4.87839E-01  4.28946E-01 -5.16738E-01 -2.40872E-01  4.54233E-02  3.04768E-01 -1.71624E-01  1.38358E-01  1.47751E-02  5.17508E-02  7.71186E-02  1.92227E-01  3.79391E-01  1.84607E-01  3.89738E-01  2.28241E-03  3.09187E-01  2.50446E-01  1.85586E-01  5.78264E-01  2.17177E-01  5.82326E-01  3.43161E-01  4.97564E-01 -3.99444E-01  5.92231E-02  7.21610E-01  5.18304E-01 -4.42166E-02  5.84870E-01  1.02801E-01 -4.42729E-01  1.68503E-01  6.08758E-01
 OMEGA(2,1)   -2.81454E-01  6.13767E-01  2.52744E-02 -4.08677E-01  4.74169E-01  2.93670E-01 -9.28281E-02 -6.43518E-01 -5.32104E-01  0.00000E+00 -7.62613E-01 -1.13551E-01  2.23328E-01 -6.76378E-01 -5.61456E-01  5.29200E-01 -7.65027E-01 -1.78272E-01  8.22893E-02 -6.72951E-01 -6.81370E-02  3.63013E-02 -2.11782E-01  2.11106E-01  7.54254E-01  7.10578E-01  3.50226E-01  5.45880E-01  4.84903E-02 -5.03655E-01  4.44784E-01  3.66263E-01 -4.89897E-01  6.36371E-01  3.40989E-01  8.18930E-02 -5.43626E-01 -4.26958E-01  6.06717E-01  1.64592E-01  5.83149E-01 -6.83309E-01 -3.77512E-02 -7.03002E-01 -2.67868E-01  8.97101E-02  5.37571E-01
 OMEGA(2,2)   -2.80578E-01 -3.54062E-01 -5.38277E-01  1.71527E-02 -1.42758E-01  2.41426E-01  6.84937E-02  1.16943E-01  7.52817E-02  0.00000E+00  5.17449E-01  4.87839E-01 -6.76378E-01  2.80056E-01  5.27544E-01 -7.56096E-01  3.90413E-01  7.58432E-02  4.51835E-01  1.40093E-01  1.43045E-01  1.20239E-01  7.32857E-02  1.07861E-01 -3.00385E-01 -2.56769E-01 -2.33853E-01 -5.70788E-02 -2.80104E-02  5.35862E-01 -2.30843E-02  1.22550E-01  5.14070E-01 -4.93045E-01  2.52118E-01 -7.30390E-02  6.15958E-01  2.48925E-01 -3.48487E-01  3.12242E-01  7.06622E-02  3.98221E-01  5.39143E-01  4.82232E-01 -1.80280E-01 -1.38308E-01  3.67469E-03
 OMEGA(3,1)   -2.95410E-01 -3.69278E-01  1.20727E-01 -2.42508E-01  1.52961E-01  1.07573E-01  2.90116E-01 -2.13644E-03 -6.28699E-02  0.00000E+00  6.53399E-01  4.28946E-01 -5.61456E-01  5.27544E-01  1.05376E-01 -4.98408E-01  1.35888E-01  3.52182E-01  1.48697E-02  3.93500E-01  6.27020E-01 -1.11823E-01  4.84806E-02 -3.60488E-01 -4.05664E-01 -1.14594E-01 -2.48357E-02 -3.58469E-01 -4.59188E-01  6.47000E-01 -4.17684E-01 -3.79496E-02  1.85645E-01 -3.35392E-01 -6.55992E-03  9.57654E-02  2.64408E-01  1.46063E-01 -4.23770E-01 -9.25718E-02 -7.06066E-02  4.13222E-01  2.43835E-01  1.45674E-01 -3.53789E-01 -4.19455E-01 -2.06577E-01
 OMEGA(3,2)    1.51082E-01  2.05230E-01  5.16634E-01 -2.67199E-01  1.93547E-01 -1.77440E-01  2.10048E-01 -2.49131E-01 -2.75151E-01  0.00000E+00 -3.34336E-01 -5.16738E-01  5.29200E-01 -7.56096E-01 -4.98408E-01  1.23209E-01 -3.83318E-01  2.51100E-01 -5.54447E-01 -2.35027E-02 -8.47691E-02 -3.32454E-01  2.12153E-01 -1.54533E-01  1.66597E-01  2.58281E-01  2.10811E-01 -1.49103E-03 -6.57190E-02 -2.60843E-01 -1.24349E-02  2.38531E-02 -6.67820E-01  4.78493E-01 -4.37237E-01  5.75601E-03 -7.14155E-01 -7.23028E-02  2.29845E-01 -4.35872E-01 -2.37329E-02 -4.03499E-01 -4.76978E-01 -5.28787E-01  2.41306E-02 -1.66605E-01 -1.01956E-01
 OMEGA(3,3)    7.08085E-01 -6.32392E-01  5.43301E-02  7.05422E-01 -8.00239E-01 -5.13665E-01 -2.33831E-01  8.87408E-01  8.44969E-01  0.00000E+00  5.28728E-01 -2.40872E-01 -7.65027E-01  3.90413E-01  1.35888E-01 -3.83318E-01  1.81478E-01 -1.96122E-01  4.13642E-02  5.11721E-01 -2.26708E-01  2.75437E-01  5.22746E-02 -1.04221E-02 -6.67493E-01 -8.36762E-01 -5.15661E-01 -4.88620E-01  3.01295E-01  2.58176E-02 -3.55793E-01 -4.75335E-01  4.33299E-01 -7.26830E-01 -3.68335E-01 -4.25038E-01  4.36498E-01  6.05187E-01 -4.28858E-01 -2.29188E-01 -7.41226E-01  7.84917E-01 -2.83096E-01  8.03767E-01  7.25208E-01  1.90701E-01 -6.43652E-01
 OMEGA(4,1)   -2.68409E-01 -1.65277E-01  1.74704E-01 -4.53105E-01  2.09009E-01 -1.48983E-01  5.17538E-01 -2.59498E-01 -3.37377E-01  0.00000E+00  3.62678E-01  4.54233E-02 -1.78272E-01  7.58432E-02  3.52182E-01  2.51100E-01 -1.96122E-01  8.68660E-02 -5.27416E-01  4.39855E-01  3.62468E-01 -6.91779E-01  3.23709E-01 -4.65976E-01 -2.63962E-01  5.14370E-02  1.99868E-01 -4.34698E-01 -3.72061E-01  4.09169E-01 -2.71992E-01  1.15807E-02 -3.54290E-01  7.61657E-02 -3.29055E-01  2.05532E-01 -1.97631E-01  6.03932E-02 -2.13570E-01 -3.34811E-01  1.84277E-02 -1.42865E-01  1.59255E-01 -2.78327E-01 -4.43734E-01 -6.19455E-01 -2.33953E-01
 OMEGA(4,2)   -2.66605E-01 -1.01521E-01 -4.45101E-01  5.22899E-02 -4.06105E-02  3.82313E-01 -2.71600E-01 -1.25176E-01  5.99210E-03  0.00000E+00 -9.24243E-02  3.04768E-01  8.22893E-02  4.51835E-01  1.48697E-02 -5.54447E-01  4.13642E-02 -5.27416E-01  1.31261E-01 -4.72021E-01  1.72158E-01  6.40225E-01 -5.33454E-01  3.90986E-01  2.23595E-01  1.52263E-01 -2.57811E-01  3.86062E-01  2.22120E-01 -1.93483E-01  2.49109E-01  2.98934E-01  2.97769E-01 -3.09473E-01  6.15499E-01 -3.27477E-01  1.87170E-01  1.50090E-01  2.72912E-01  4.89058E-01  3.81957E-01  6.76544E-02  5.23144E-01  7.93627E-02 -5.49115E-02  2.23328E-01  3.66035E-01
 OMEGA(4,3)    3.70704E-01 -5.90038E-01  3.69471E-01  3.33122E-01 -3.84699E-01 -5.68895E-01  2.50724E-01  5.58705E-01  4.64255E-01  0.00000E+00  5.81520E-01 -1.71624E-01 -6.72951E-01  1.40093E-01  3.93500E-01 -2.35027E-02  5.11721E-01  4.39855E-01 -4.72021E-01  1.03638E-01  1.82466E-01 -3.24676E-01  3.40447E-01 -6.98654E-01 -8.30942E-01 -5.14658E-01 -1.95036E-01 -7.66064E-01 -1.21833E-01  3.61889E-01 -6.72196E-01 -6.42633E-01  9.69340E-02 -4.00147E-01 -7.60235E-01 -5.48666E-02  8.25514E-02  4.35717E-01 -4.16477E-01 -5.06050E-01 -6.05925E-01  3.25279E-01 -2.36295E-01  3.90038E-01  3.03300E-01 -2.61903E-01 -7.26134E-01
 OMEGA(4,4)   -4.24815E-01 -2.65544E-01  3.58957E-01 -4.77277E-01  3.14059E-01  8.10038E-02  3.46759E-01 -3.09599E-01 -3.06320E-01  0.00000E+00  3.87710E-01  1.38358E-01 -6.81370E-02  1.43045E-01  6.27020E-01 -8.47691E-02 -2.26708E-01  3.62468E-01  1.72158E-01  1.82466E-01  1.68425E-01 -9.30188E-02 -2.09206E-01 -4.60131E-01 -2.94429E-01  2.24155E-01 -2.54615E-02 -3.34976E-01 -4.33376E-01  2.92179E-01 -3.76928E-01  4.80119E-02 -2.70693E-01 -1.69957E-01 -2.67517E-02 -1.85567E-01 -2.70663E-01  2.34524E-01  4.69890E-02 -2.43962E-01  1.74164E-01 -6.79125E-02  2.97367E-01 -3.52907E-01 -4.61124E-01 -5.54391E-01 -1.52808E-01
 OMEGA(5,1)    2.50719E-01 -1.87331E-01 -1.21250E-01  3.83053E-01 -2.24044E-01  2.06512E-01 -3.13188E-01  1.81003E-01  3.48015E-01  0.00000E+00 -1.15199E-01  1.47751E-02  3.63013E-02  1.20239E-01 -1.11823E-01 -3.32454E-01  2.75437E-01 -6.91779E-01  6.40225E-01 -3.24676E-01 -9.30188E-02  1.39925E-01 -3.62182E-01  5.60204E-01  1.90216E-01 -7.93297E-02 -5.73608E-01  2.12124E-01  1.36730E-01 -3.82731E-01  1.57033E-02  5.39820E-02  2.86128E-01 -3.41593E-01  2.95456E-01 -3.56002E-01  1.71315E-01  1.89252E-01  2.06994E-01  2.54041E-01 -3.27115E-02  3.60992E-01  7.97903E-02  4.10069E-01  2.57563E-01  4.42057E-01  1.48908E-01
 OMEGA(5,2)    9.31219E-02  4.41387E-03 -5.38805E-02 -6.83073E-02 -4.07165E-02 -9.65648E-02  2.31131E-01  4.91689E-02  1.34768E-02  0.00000E+00 -4.97856E-04  5.17508E-02 -2.11782E-01  7.32857E-02  4.84806E-02  2.12153E-01  5.22746E-02  3.23709E-01 -5.33454E-01  3.40447E-01 -2.09206E-01 -3.62182E-01  9.08207E-02 -2.70699E-01 -1.15450E-01  1.02412E-01  1.90742E-01 -1.18059E-01  2.75565E-02  4.32651E-01  4.48787E-02 -3.26849E-01 -1.69886E-02  2.23728E-01 -3.01189E-01  2.08543E-01  1.37866E-01 -9.67970E-02 -2.55863E-01 -2.08797E-01  3.16656E-03 -3.66105E-03 -2.35447E-01  3.06760E-01 -1.97390E-02 -2.16464E-01 -1.57939E-01
 OMEGA(5,3)    8.24596E-03  2.88733E-01 -4.37419E-01  1.23234E-01 -2.73755E-02  4.10945E-01 -3.33323E-01 -1.36113E-01 -3.94698E-02  0.00000E+00 -2.90285E-01  7.71186E-02  2.11106E-01  1.07861E-01 -3.60488E-01 -1.54533E-01 -1.04221E-02 -4.65976E-01  3.90986E-01 -6.98654E-01 -4.60131E-01  5.60204E-01 -2.70699E-01  8.62897E-02  5.42199E-01 -1.86618E-02 -2.75841E-01  4.95249E-01  9.01384E-02 -3.52306E-01  4.58798E-01  4.77865E-01  2.16385E-01  3.13469E-03  5.25418E-01 -2.54981E-02  2.37716E-01 -2.14004E-01  2.31178E-01  4.98323E-01  1.60331E-01  1.31455E-01  2.10733E-01  1.58198E-01 -2.03883E-02  4.85057E-01  4.93644E-01
 OMEGA(5,4)   -3.89747E-01  6.45472E-01 -3.34636E-01 -3.41723E-01  4.86762E-01  6.03808E-01 -7.84663E-02 -6.23846E-01 -5.23028E-01  0.00000E+00 -7.04318E-01  1.92227E-01  7.54254E-01 -3.00385E-01 -4.05664E-01  1.66597E-01 -6.67493E-01 -2.63962E-01  2.23595E-01 -8.30942E-01 -2.94429E-01  1.90216E-01 -1.15450E-01  5.42199E-01  1.65521E-01  6.25462E-01  2.95024E-01  8.12074E-01  2.94041E-03 -2.68711E-01  5.94200E-01  5.95220E-01 -1.86458E-01  5.84695E-01  6.28735E-01  3.38596E-01 -1.43732E-01 -5.85092E-01  3.57047E-01  4.61722E-01  6.19092E-01 -4.16406E-01  1.88005E-01 -4.12465E-01 -3.78770E-01  2.19925E-01  7.73704E-01
 OMEGA(5,5)   -6.04499E-01  5.04968E-01 -2.12334E-01 -6.25438E-01  6.23971E-01  4.19144E-01  1.63844E-01 -8.28213E-01 -7.00943E-01  0.00000E+00 -6.11797E-01  3.79391E-01  7.10578E-01 -2.56769E-01 -1.14594E-01  2.58281E-01 -8.36762E-01  5.14370E-02  1.52263E-01 -5.14658E-01  2.24155E-01 -7.93297E-02  1.02412E-01 -1.86618E-02  6.25462E-01  3.08667E-01  4.29800E-01  5.47753E-01  3.62953E-03 -7.02678E-02  4.33170E-01  3.01616E-01 -3.06809E-01  7.00641E-01  5.12490E-01  2.40387E-01 -3.09464E-01 -4.71182E-01  4.48900E-01  2.75979E-01  8.79248E-01 -6.59196E-01  3.08996E-01 -6.01321E-01 -5.89277E-01 -1.76235E-01  6.26314E-01
 OMEGA(6,1)   -4.36507E-01  5.72756E-01 -5.75992E-02 -5.06897E-01  5.36123E-01  1.80523E-01  1.20809E-01 -3.45990E-01 -5.00371E-01  0.00000E+00 -3.39986E-01  1.84607E-01  3.50226E-01 -2.33853E-01 -2.48357E-02  2.10811E-01 -5.15661E-01  1.99868E-01 -2.57811E-01 -1.95036E-01 -2.54615E-02 -5.73608E-01  1.90742E-01 -2.75841E-01  2.95024E-01  4.29800E-01  1.12269E-01  3.97657E-01  1.12137E-01  2.53137E-01  3.72131E-01  2.25084E-01 -1.58495E-01  5.89108E-01  2.18965E-01  4.31184E-01 -1.31979E-01 -5.31374E-01 -9.66004E-02  8.42443E-02  3.83127E-01 -4.50136E-01 -9.71659E-02 -4.69313E-01 -2.08850E-01 -1.79941E-01  2.90454E-01
 OMEGA(6,2)   -4.24936E-01  6.50623E-01 -5.21424E-01 -2.73630E-01  4.75741E-01  6.27789E-01 -1.22846E-01 -4.55633E-01 -4.74695E-01  0.00000E+00 -6.55148E-01  3.89738E-01  5.45880E-01 -5.70788E-02 -3.58469E-01 -1.49103E-03 -4.88620E-01 -4.34698E-01  3.86062E-01 -7.66064E-01 -3.34976E-01  2.12124E-01 -1.18059E-01  4.95249E-01  8.12074E-01  5.47753E-01  3.97657E-01  1.62203E-01  2.33006E-01 -1.18778E-01  6.62630E-01  5.62682E-01  1.51488E-01  5.62202E-01  6.72395E-01  2.92749E-01  1.05548E-01 -5.91519E-01  2.48295E-01  6.71075E-01  5.87893E-01 -3.45346E-01  2.56114E-01 -2.39385E-01 -1.89069E-01  3.51981E-01  8.07284E-01
 OMEGA(6,3)    3.17476E-01  9.55424E-02 -4.05364E-01  3.71807E-01 -4.37709E-01 -4.35904E-01 -5.62128E-01  2.67236E-01  2.96772E-01  0.00000E+00 -4.01819E-01  2.28241E-03  4.84903E-02 -2.80104E-02 -4.59188E-01 -6.57190E-02  3.01295E-01 -3.72061E-01  2.22120E-01 -1.21833E-01 -4.33376E-01  1.36730E-01  2.75565E-02  9.01384E-02  2.94041E-03  3.62953E-03  1.12137E-01  2.33006E-01  1.34205E-01 -4.95681E-01  4.87321E-01 -2.61001E-01  3.24885E-01  8.88623E-02  2.61767E-01 -3.79768E-01  1.95914E-01  1.32881E-01  2.02960E-01  1.68385E-01  8.62454E-02  2.12746E-02 -8.99611E-02  2.70041E-01  5.71652E-01  3.37370E-01  2.22356E-02
 OMEGA(6,4)   -3.72130E-01 -1.57648E-01  1.74941E-04 -3.32798E-01  2.62623E-01  3.16330E-01  5.57334E-01 -1.99085E-02 -1.62535E-01  0.00000E+00  5.16949E-01  3.09187E-01 -5.03655E-01  5.35862E-01  6.47000E-01 -2.60843E-01  2.58176E-02  4.09169E-01 -1.93483E-01  3.61889E-01  2.92179E-01 -3.82731E-01  4.32651E-01 -3.52306E-01 -2.68711E-01 -7.02678E-02  2.53137E-01 -1.18778E-01 -4.95681E-01  1.52927E-01 -3.10775E-01  1.43261E-01  4.80028E-02 -1.13569E-01 -1.45811E-01  4.20858E-01  2.56230E-01 -7.85323E-02 -6.43503E-01 -9.25972E-02 -2.33437E-02  1.75360E-01  1.19483E-01  1.10207E-01 -3.67722E-01 -4.72938E-01 -1.34040E-01
 OMEGA(6,5)   -2.99224E-01  5.96625E-01 -5.92940E-01 -2.22382E-01  2.07315E-01  2.72859E-01 -3.87435E-01 -4.18418E-01 -3.70332E-01  0.00000E+00 -5.58302E-01  2.50446E-01  4.44784E-01 -2.30843E-02 -4.17684E-01 -1.24349E-02 -3.55793E-01 -2.71992E-01  2.49109E-01 -6.72196E-01 -3.76928E-01  1.57033E-02  4.48787E-02  4.58798E-01  5.94200E-01  4.33170E-01  3.72131E-01  6.62630E-01  4.87321E-01 -3.10775E-01  8.27445E-02  2.19700E-01  1.37592E-01  5.20896E-01  6.32360E-01  3.18035E-02  1.89469E-01 -4.71328E-01  3.55702E-01  5.09237E-01  5.63147E-01 -3.17436E-01  2.36481E-01 -1.89371E-01 -1.57319E-01  2.61705E-01  6.22726E-01
 OMEGA(6,6)   -5.93415E-01  4.16710E-01 -2.50747E-01 -5.47910E-01  5.40638E-01  6.62819E-01  1.94739E-01 -5.67717E-01 -6.28720E-01  0.00000E+00 -1.33644E-01  1.85586E-01  3.66263E-01  1.22550E-01 -3.79496E-02  2.38531E-02 -4.75335E-01  1.15807E-02  2.98934E-01 -6.42633E-01  4.80119E-02  5.39820E-02 -3.26849E-01  4.77865E-01  5.95220E-01  3.01616E-01  2.25084E-01  5.62682E-01 -2.61001E-01  1.43261E-01  2.19700E-01  1.54970E-01 -2.12839E-01  2.09092E-01  5.29036E-01  2.34207E-01 -1.27443E-01 -2.86182E-01  8.80689E-02  3.36929E-01  4.52565E-01 -2.09085E-01  3.52321E-01 -4.29945E-01 -5.44030E-01 -1.10203E-01  5.36699E-01
 OMEGA(7,1)    6.26524E-02 -7.57275E-02 -5.75661E-01  4.82657E-01 -2.09818E-01  1.69565E-02 -3.11172E-01  4.04015E-01  3.34567E-01  0.00000E+00  8.74189E-02  5.78264E-01 -4.89897E-01  5.14070E-01  1.85645E-01 -6.67820E-01  4.33299E-01 -3.54290E-01  2.97769E-01  9.69340E-02 -2.70693E-01  2.86128E-01 -1.69886E-02  2.16385E-01 -1.86458E-01 -3.06809E-01 -1.58495E-01  1.51488E-01  3.24885E-01  4.80028E-02  1.37592E-01 -2.12839E-01  1.60651E-01 -1.93878E-01  2.45516E-01  7.10428E-02  7.83995E-01 -1.21438E-01 -7.93569E-02  6.65103E-01 -1.15865E-01  3.73208E-01  2.80226E-01  6.83725E-01  2.55486E-01  6.32885E-01  2.55381E-01
 OMEGA(7,2)   -3.77198E-01  7.06145E-01 -1.48879E-01 -4.46210E-01  5.97811E-01  2.13735E-01  7.94758E-02 -5.87245E-01 -5.89934E-01  0.00000E+00 -6.27145E-01  2.17177E-01  6.36371E-01 -4.93045E-01 -3.35392E-01  4.78493E-01 -7.26830E-01  7.61657E-02 -3.09473E-01 -4.00147E-01 -1.69957E-01 -3.41593E-01  2.23728E-01  3.13469E-03  5.84695E-01  7.00641E-01  5.89108E-01  5.62202E-01  8.88623E-02 -1.13569E-01  5.20896E-01  2.09092E-01 -1.93878E-01  1.05614E-01  2.60244E-01  4.66041E-01 -1.38167E-01 -7.19923E-01  2.80501E-01  2.73036E-01  5.51785E-01 -5.86791E-01  6.09836E-02 -5.13289E-01 -3.62830E-01  9.24283E-02  5.99726E-01
 OMEGA(7,3)   -5.42459E-01  4.68017E-01 -6.59082E-01 -2.71326E-01  3.02272E-01  4.87522E-01 -2.71452E-01 -5.02397E-01 -4.08564E-01  0.00000E+00 -4.03267E-01  5.82326E-01  3.40989E-01  2.52118E-01 -6.55992E-03 -4.37237E-01 -3.68335E-01 -3.29055E-01  6.15499E-01 -7.60235E-01 -2.67517E-02  2.95456E-01 -3.01189E-01  5.25418E-01  6.28735E-01  5.12490E-01  2.18965E-01  6.72395E-01  2.61767E-01 -1.45811E-01  6.32360E-01  5.29036E-01  2.45516E-01  2.60244E-01  1.18826E-01  9.37180E-02  2.61522E-01 -3.85428E-01  3.23802E-01  6.59601E-01  7.28082E-01 -1.36153E-01  5.34399E-01 -1.40316E-01 -3.79523E-01  2.00970E-01  7.40150E-01
 OMEGA(7,4)   -3.33969E-01  4.17893E-01 -1.13048E-01 -2.16295E-01  4.67527E-01  4.09763E-01  4.09129E-01 -2.10668E-01 -3.27981E-01  0.00000E+00 -1.35369E-01  3.43161E-01  8.18930E-02 -7.30390E-02  9.57654E-02  5.75601E-03 -4.25038E-01  2.05532E-01 -3.27477E-01 -5.48666E-02 -1.85567E-01 -3.56002E-01  2.08543E-01 -2.54981E-02  3.38596E-01  2.40387E-01  4.31184E-01  2.92749E-01 -3.79768E-01  4.20858E-01  3.18035E-02  2.34207E-01  7.10428E-02  4.66041E-01  9.37180E-02  9.44091E-02  8.60469E-02 -6.74719E-01 -2.98868E-01  2.82002E-01  1.93582E-01 -2.38092E-01  1.72780E-01 -1.58111E-01 -3.87925E-01  9.84408E-02  4.15354E-01
 OMEGA(7,5)    1.25967E-02 -8.24275E-02 -6.07207E-01  3.40992E-01 -1.48396E-01  4.58571E-02 -2.18830E-01  3.19638E-01  3.17912E-01  0.00000E+00  2.33181E-01  4.97564E-01 -5.43626E-01  6.15958E-01  2.64408E-01 -7.14155E-01  4.36498E-01 -1.97631E-01  1.87170E-01  8.25514E-02 -2.70663E-01  1.71315E-01  1.37866E-01  2.37716E-01 -1.43732E-01 -3.09464E-01 -1.31979E-01  1.05548E-01  1.95914E-01  2.56230E-01  1.89469E-01 -1.27443E-01  7.83995E-01 -1.38167E-01  2.61522E-01  8.60469E-02  1.01433E-01 -1.68558E-01 -2.53259E-01  5.08762E-01 -9.15267E-02  4.56553E-01  3.05932E-01  6.80839E-01  8.67542E-02  3.78557E-01  1.90444E-01
 OMEGA(7,6)    4.23907E-01 -7.39588E-01  2.78322E-01  3.13703E-01 -6.27758E-01 -4.35367E-01 -4.39123E-02  4.39412E-01  4.77389E-01  0.00000E+00  4.47020E-01 -3.99444E-01 -4.26958E-01  2.48925E-01  1.46063E-01 -7.23028E-02  6.05187E-01  6.03932E-02  1.50090E-01  4.35717E-01  2.34524E-01  1.89252E-01 -9.67970E-02 -2.14004E-01 -5.85092E-01 -4.71182E-01 -5.31374E-01 -5.91519E-01  1.32881E-01 -7.85323E-02 -4.71328E-01 -2.86182E-01 -1.21438E-01 -7.19923E-01 -3.85428E-01 -6.74719E-01 -1.68558E-01  1.03339E-01 -1.32558E-01 -5.04460E-01 -4.36248E-01  3.87596E-01 -1.71621E-01  2.70714E-01  4.14785E-01 -3.30224E-01 -7.12089E-01
 OMEGA(7,7)   -1.73765E-01  3.16793E-01 -1.56244E-01 -6.47561E-02  1.74688E-01  4.16020E-02 -3.78588E-01 -4.40213E-01 -2.97066E-01  0.00000E+00 -5.24214E-01  5.92231E-02  6.06717E-01 -3.48487E-01 -4.23770E-01  2.29845E-01 -4.28858E-01 -2.13570E-01  2.72912E-01 -4.16477E-01  4.69890E-02  2.06994E-01 -2.55863E-01  2.31178E-01  3.57047E-01  4.48900E-01 -9.66004E-02  2.48295E-01  2.02960E-01 -6.43503E-01  3.55702E-01  8.80689E-02 -7.93569E-02  2.80501E-01  3.23802E-01 -2.98868E-01 -2.53259E-01 -1.32558E-01  1.45179E-01  2.75837E-01  4.41164E-01 -4.97329E-01  2.02905E-01 -3.07192E-01 -1.63948E-01  3.14687E-01  4.26492E-01
 OMEGA(8,1)   -4.37777E-01  3.86902E-01 -7.64582E-01 -1.71395E-02  2.94067E-01  5.25256E-01 -1.86973E-01 -2.56030E-01 -2.60406E-01  0.00000E+00 -3.49060E-01  7.21610E-01  1.64592E-01  3.12242E-01 -9.25718E-02 -4.35872E-01 -2.29188E-01 -3.34811E-01  4.89058E-01 -5.06050E-01 -2.43962E-01  2.54041E-01 -2.08797E-01  4.98323E-01  4.61722E-01  2.75979E-01  8.42443E-02  6.71075E-01  1.68385E-01 -9.25972E-02  5.09237E-01  3.36929E-01  6.65103E-01  2.73036E-01  6.59601E-01  2.82002E-01  5.08762E-01 -5.04460E-01  2.75837E-01  2.00566E-01  4.65244E-01 -1.38868E-01  5.63353E-01  1.09541E-01 -2.44541E-01  5.97547E-01  8.42119E-01
 OMEGA(8,2)   -7.35796E-01  4.98760E-01 -5.10987E-01 -5.90126E-01  5.65113E-01  4.99475E-01  2.91693E-02 -8.35230E-01 -7.10012E-01  0.00000E+00 -5.36612E-01  5.18304E-01  5.83149E-01  7.06622E-02 -7.06066E-02 -2.37329E-02 -7.41226E-01  1.84277E-02  3.81957E-01 -6.05925E-01  1.74164E-01 -3.27115E-02  3.16656E-03  1.60331E-01  6.19092E-01  8.79248E-01  3.83127E-01  5.87893E-01  8.62454E-02 -2.33437E-02  5.63147E-01  4.52565E-01 -1.15865E-01  5.51785E-01  7.28082E-01  1.93582E-01 -9.15267E-02 -4.36248E-01  4.41164E-01  4.65244E-01  1.47969E-01 -5.72897E-01  5.54428E-01 -4.73258E-01 -6.47305E-01 -1.29323E-01  7.36636E-01
 OMEGA(8,3)    4.72451E-01 -5.92195E-01  1.03896E-01  4.46699E-01 -5.33856E-01 -2.11441E-01 -9.55169E-02  6.11847E-01  6.19451E-01  0.00000E+00  5.73683E-01 -4.42166E-02 -6.83309E-01  3.98221E-01  4.13222E-01 -4.03499E-01  7.84917E-01 -1.42865E-01  6.76544E-02  3.25279E-01 -6.79125E-02  3.60992E-01 -3.66105E-03  1.31455E-01 -4.16406E-01 -6.59196E-01 -4.50136E-01 -3.45346E-01  2.12746E-02  1.75360E-01 -3.17436E-01 -2.09085E-01  3.73208E-01 -5.86791E-01 -1.36153E-01 -2.38092E-01  4.56553E-01  3.87596E-01 -4.97329E-01 -1.38868E-01 -5.72897E-01  5.91192E-02 -1.98262E-01  6.75220E-01  3.98615E-01  1.49370E-01 -3.96673E-01
 OMEGA(8,4)   -6.45299E-01  1.13705E-01 -6.07804E-01 -2.66004E-01  2.90127E-01  4.24717E-01  1.21369E-01 -4.46903E-01 -3.95210E-01  0.00000E+00  2.70348E-02  5.84870E-01 -3.77512E-02  5.39143E-01  2.43835E-01 -4.76978E-01 -2.83096E-01  1.59255E-01  5.23144E-01 -2.36295E-01  2.97367E-01  7.97903E-02 -2.35447E-01  2.10733E-01  1.88005E-01  3.08996E-01 -9.71659E-02  2.56114E-01 -8.99611E-02  1.19483E-01  2.36481E-01  3.52321E-01  2.80226E-01  6.09836E-02  5.34399E-01  1.72780E-01  3.05932E-01 -1.71621E-01  2.02905E-01  5.63353E-01  5.54428E-01 -1.98262E-01  9.29940E-02 -7.72497E-02 -5.88621E-01 -4.26650E-02  5.28625E-01
 OMEGA(8,5)    5.15139E-01 -4.08601E-01 -2.66332E-01  7.00308E-01 -5.99629E-01 -2.48018E-01 -2.47577E-01  7.20385E-01  7.14500E-01  0.00000E+00  3.08024E-01  1.02801E-01 -7.03002E-01  4.82232E-01  1.45674E-01 -5.28787E-01  8.03767E-01 -2.78327E-01  7.93627E-02  3.90038E-01 -3.52907E-01  4.10069E-01  3.06760E-01  1.58198E-01 -4.12465E-01 -6.01321E-01 -4.69313E-01 -2.39385E-01  2.70041E-01  1.10207E-01 -1.89371E-01 -4.29945E-01  6.83725E-01 -5.13289E-01 -1.40316E-01 -1.58111E-01  6.80839E-01  2.70714E-01 -3.07192E-01  1.09541E-01 -4.73258E-01  6.75220E-01 -7.72497E-02  1.41995E-01  5.19720E-01  4.01805E-01 -2.69545E-01
 OMEGA(8,6)    8.43665E-01 -2.98368E-01  1.95824E-01  7.56701E-01 -7.15170E-01 -5.98582E-01 -4.06340E-01  8.28738E-01  7.82166E-01  0.00000E+00 -2.34937E-02 -4.42729E-01 -2.67868E-01 -1.80280E-01 -3.53789E-01  2.41306E-02  7.25208E-01 -4.43734E-01 -5.49115E-02  3.03300E-01 -4.61124E-01  2.57563E-01 -1.97390E-02 -2.03883E-02 -3.78770E-01 -5.89277E-01 -2.08850E-01 -1.89069E-01  5.71652E-01 -3.67722E-01 -1.57319E-01 -5.44030E-01  2.55486E-01 -3.62830E-01 -3.79523E-01 -3.87925E-01  8.67542E-02  4.14785E-01 -1.63948E-01 -2.44541E-01 -6.47305E-01  3.98615E-01 -5.88621E-01  5.19720E-01  2.01687E-01  3.97697E-01 -5.14560E-01
 OMEGA(8,7)    3.09577E-01  1.82375E-01 -3.08172E-01  5.84075E-01 -1.81508E-01  2.82096E-02 -4.89451E-01  3.12646E-01  3.31441E-01  0.00000E+00 -3.54837E-01  1.68503E-01  8.97101E-02 -1.38308E-01 -4.19455E-01 -1.66605E-01  1.90701E-01 -6.19455E-01  2.23328E-01 -2.61903E-01 -5.54391E-01  4.42057E-01 -2.16464E-01  4.85057E-01  2.19925E-01 -1.76235E-01 -1.79941E-01  3.51981E-01  3.37370E-01 -4.72938E-01  2.61705E-01 -1.10203E-01  6.32885E-01  9.24283E-02  2.00970E-01  9.84408E-02  3.78557E-01 -3.30224E-01  3.14687E-01  5.97547E-01 -1.29323E-01  1.49370E-01 -4.26650E-02  4.01805E-01  3.97697E-01  1.29479E-01  4.16315E-01
 OMEGA(8,8)   -6.15698E-01  6.15253E-01 -6.05308E-01 -3.26757E-01  5.90794E-01  6.61834E-01 -6.90436E-02 -6.29833E-01 -5.77561E-01  0.00000E+00 -5.79672E-01  6.08758E-01  5.37571E-01  3.67469E-03 -2.06577E-01 -1.01956E-01 -6.43652E-01 -2.33953E-01  3.66035E-01 -7.26134E-01 -1.52808E-01  1.48908E-01 -1.57939E-01  4.93644E-01  7.73704E-01  6.26314E-01  2.90454E-01  8.07284E-01  2.22356E-02 -1.34040E-01  6.22726E-01  5.36699E-01  2.55381E-01  5.99726E-01  7.40150E-01  4.15354E-01  1.90444E-01 -7.12089E-01  4.26492E-01  8.42119E-01  7.36636E-01 -3.96673E-01  5.28625E-01 -2.69545E-01 -5.14560E-01  4.16315E-01  2.63715E-01
TABLE NO.     3: NUTS Bayesian Analysis: Problem=1 Subproblem=0 Superproblem1=0 Iteration1=0 Superproblem2=0 Iteration2=0
 NAME         THETA1       THETA2       THETA3       THETA4       THETA5       THETA6       THETA7       THETA8       SIGMA(1,1)   SIGMA(2,1)   SIGMA(2,2)   OMEGA(1,1)   OMEGA(2,1)   OMEGA(2,2)   OMEGA(3,1)   OMEGA(3,2)   OMEGA(3,3)   OMEGA(4,1)   OMEGA(4,2)   OMEGA(4,3)   OMEGA(4,4)   OMEGA(5,1)   OMEGA(5,2)   OMEGA(5,3)   OMEGA(5,4)   OMEGA(5,5)   OMEGA(6,1)   OMEGA(6,2)   OMEGA(6,3)   OMEGA(6,4)   OMEGA(6,5)   OMEGA(6,6)   OMEGA(7,1)   OMEGA(7,2)   OMEGA(7,3)   OMEGA(7,4)   OMEGA(7,5)   OMEGA(7,6)   OMEGA(7,7)   OMEGA(8,1)   OMEGA(8,2)   OMEGA(8,3)   OMEGA(8,4)   OMEGA(8,5)   OMEGA(8,6)   OMEGA(8,7)   OMEGA(8,8)
 THETA1        7.22554E-02 -1.15659E-01  2.71514E-02  1.32694E-01  8.54371E-02 -3.85271E-02  4.56536E-02  3.16842E-01  3.63177E-02  0.00000E+00  5.54363E-02  2.45771E-02 -4.95805E-02  1.81981E-02 -1.01998E-02 -6.68694E-02  2.92934E-02 -2.15790E-02  4.52689E-03 -2.79967E-02 -3.73880E-02  4.73398E-03 -1.06168E-02  1.77979E-02  1.60158E-02 -5.82103E-02 -1.48490E-02 -5.86148E-02 -9.18733E-03 -1.11082E-03 -1.51249E-02 -3.35851E-02  1.21886E-02  9.47642E-03 -1.77962E-03 -3.49406E-02  7.56370E-03  2.17834E-02  2.79295E-02  1.55815E-02  2.45809E-02 -6.45800E-02 -3.11594E-02  2.50708E-02 -9.95453E-03 -4.00073E-02 -3.63975E-02
 THETA2       -1.15659E-01  7.05015E-02 -1.62394E-02  1.10722E-01  5.22580E-02 -1.03521E-02 -2.13957E-01  2.34939E-01 -2.75996E-02  0.00000E+00  1.66719E-02 -2.84842E-02  1.00023E-01 -2.21953E-01 -3.64158E-03  9.97241E-02 -4.14176E-02 -3.94849E-03 -1.12907E-01  1.82488E-02  1.08581E-03 -2.12814E-03  2.51965E-02  7.04093E-03 -3.40776E-02  2.14974E-02 -2.71815E-02  3.21805E-02 -6.13341E-02  7.18346E-03 -6.58793E-03 -9.90170E-03 -9.67565E-04  2.15223E-01 -4.25566E-02  1.84980E-02  4.00607E-02 -4.12892E-02 -2.96539E-02 -1.78843E-02  1.43839E-02  1.28269E-02  4.74370E-02  3.67772E-02 -1.73739E-02 -3.90738E-02  6.29625E-03
 THETA3        2.71514E-02 -1.62394E-02  5.31492E-02  1.46430E-02 -2.50540E-02  8.00177E-02  1.07858E-01  1.78657E-01  2.40287E-02  0.00000E+00  2.91642E-03 -4.44232E-02 -1.34910E-02  2.26020E-02  8.83284E-02  2.69398E-02 -9.12335E-02 -1.25058E-02  2.62990E-03  1.57760E-01  7.75188E-02 -3.19710E-02 -1.35261E-02 -5.87230E-02 -3.07960E-02 -2.44451E-03 -1.08111E-02  3.97450E-02 -6.43913E-03  1.27896E-03  4.22966E-02 -1.35799E-02 -1.36371E-02  1.85279E-02 -7.07207E-02 -5.76065E-02  4.49342E-03 -1.06572E-02  4.38805E-03  2.29129E-02 -3.42571E-03  2.07404E-02 -1.02453E-02  2.61365E-02  5.18623E-02  2.66647E-02  8.69042E-03
 THETA4        1.32694E-01  1.10722E-01  1.46430E-02  7.28658E-02 -6.97108E-02  6.69644E-02 -1.86437E-01  1.66091E-01  1.42753E-03  0.00000E+00 -1.19447E-02  1.05925E-02  6.71678E-02 -5.18214E-03  1.86110E-02  3.80802E-02 -2.83077E-02 -8.90560E-03 -9.15904E-04  8.88723E-02  5.68523E-02  3.82122E-02 -1.29222E-02 -5.53026E-02  7.80479E-03 -4.22905E-02 -1.36490E-02  1.81951E-02  1.23865E-02  6.16607E-02  5.06373E-02 -6.44782E-03  5.16490E-02  5.69326E-03 -3.79326E-02 -1.91594E-02 -6.00694E-03  4.48658E-02 -4.88489E-03  2.16575E-02 -1.34781E-02  1.48000E-02  1.60720E-02 -6.03864E-03  1.68932E-02  9.48508E-03  4.27395E-03
 THETA5        8.54371E-02  5.22580E-02 -2.50540E-02 -6.97108E-02  6.25385E-02 -1.54874E-01  5.10008E-02 -5.21267E-02  2.81768E-02  0.00000E+00 -5.67780E-03  3.06650E-02 -3.27232E-02  4.86338E-02 -2.33108E-02 -2.78841E-02 -3.97597E-03  1.59984E-03  5.06092E-02 -2.41261E-02 -1.44100E-02  4.25966E-02  3.93438E-04  5.17129E-02  4.73639E-03 -4.19556E-02  1.77168E-02 -2.01459E-02 -4.20466E-03 -4.25463E-03  2.52818E-02 -2.39447E-02 -2.13161E-02 -4.82281E-02 -8.97769E-03 -2.97073E-02 -1.10508E-02  1.31306E-02  5.97761E-02 -3.56180E-02  6.86066E-03 -3.73397E-02 -1.54939E-02  3.37835E-03 -4.83098E-03 -1.04916E-02 -4.15685E-02
 THETA6       -3.85271E-02 -1.03521E-02  8.00177E-02  6.69644E-02 -1.54874E-01  6.89916E-02  1.08869E-01 -1.55469E-01  3.39902E-02  0.00000E+00 -3.14711E-02  9.78161E-03 -6.45638E-03  2.20419E-02 -1.33444E-04  5.47750E-03  1.43096E-04 -3.99806E-02  3.65043E-02  4.08383E-02  8.17769E-03 -1.87580E-02  1.52593E-02  1.61089E-02 -1.09130E-02 -3.40676E-02 -4.37870E-03  4.92893E-02 -7.05367E-02  3.13505E-02 -4.52126E-03  5.44237E-02 -7.94403E-03  2.08467E-02  2.48310E-02  4.84930E-02  1.19555E-03 -3.86147E-02  1.91688E-02  5.24894E-03  1.49790E-02  5.57053E-02  7.43136E-02 -4.13804E-03  6.32606E-03  1.69487E-02  5.46196E-02
 THETA7        4.56536E-02 -2.13957E-01  1.07858E-01 -1.86437E-01  5.10008E-02  1.08869E-01  6.61895E-02  2.30509E-01  1.03485E-02  0.00000E+00  3.93820E-02  7.27215E-02 -5.09847E-02 -1.99934E-03  1.08328E-02 -5.61606E-02 -1.50836E-02 -5.55603E-03  5.85068E-02 -4.67970E-02  7.11411E-02  3.89359E-02 -3.78450E-03  2.39482E-02 -1.09151E-02  4.32282E-02 -5.04314E-04 -4.39713E-02 -2.96882E-03 -5.35305E-03 -5.99765E-02  1.25141E-02  3.63074E-02  1.32712E-02  1.81340E-02 -6.12107E-03  2.35946E-02 -2.79698E-02  9.09363E-04  1.26162E-03  2.23877E-02 -1.48269E-02  2.26002E-02 -2.13476E-02  2.07973E-02  1.93265E-02  4.61867E-02
 THETA8        3.16842E-01  2.34939E-01  1.78657E-01  1.66091E-01 -5.21267E-02 -1.55469E-01  2.30509E-01  6.33493E-02  7.55984E-04  0.00000E+00  1.30655E-04  2.50052E-03 -5.56185E-02 -1.20123E-02  5.62451E-03 -4.32742E-02  2.21175E-02  5.56134E-03  3.50236E-02 -3.57111E-03  1.08183E-02 -4.93697E-03  1.26229E-02 -8.60002E-03 -1.50689E-02  3.13093E-02 -4.96739E-02 -7.47638E-02  2.32594E-02 -1.83087E-02 -4.68858E-03  7.41281E-03  1.10563E-02  4.78605E-02 -1.99336E-03  9.99053E-03  2.63383E-02 -3.37571E-02 -1.93154E-02  3.99369E-02  4.20305E-02 -5.20103E-03  2.08986E-02  3.18175E-02 -3.21197E-02  1.98365E-02  4.10918E-02
 SIGMA(1,1)    3.63177E-02 -2.75996E-02  2.40287E-02  1.42753E-03  2.81768E-02  3.39902E-02  1.03485E-02  7.55984E-04  6.44818E-04  0.00000E+00  1.90779E-02  2.81327E-02  7.07868E-03 -4.23981E-02 -2.50099E-03 -5.74234E-02  9.56812E-04 -2.29219E-04  2.49932E-02 -1.51623E-02  1.38493E-03  2.83167E-03 -2.25652E-02 -9.28104E-03  1.87096E-02 -2.10707E-02  4.45022E-03 -3.13942E-02 -7.73301E-03 -1.19826E-02 -1.40793E-02  3.02136E-02  3.51590E-02  3.27356E-02  3.11600E-02 -6.05752E-02 -6.46981E-02  4.75787E-02 -3.57518E-03  4.65292E-02  1.75410E-02  1.52441E-02 -2.70191E-02 -9.82387E-03  2.72427E-02  1.86868E-02  5.69821E-02
 SIGMA(2,1)    0.00000E+00  0.00000E+00  0.00000E+00  0.00000E+00  0.00000E+00  0.00000E+00  0.00000E+00  0.00000E+00  0.00000E+00  0.00000E+00  0.00000E+00  0.00000E+00  0.00000E+00  0.00000E+00  0.00000E+00  0.00000E+00  0.00000E+00  0.00000E+00  0.00000E+00  0.00000E+00  0.00000E+00  0.00000E+00  0.00000E+00  0.00000E+00  0.00000E+00  0.00000E+00  0.00000E+00  0.00000E+00  0.00000E+00  0.00000E+00  0.00000E+00  0.00000E+00  0.00000E+00  0.00000E+00  0.00000E+00  0.00000E+00  0.00000E+00  0.00000E+00  0.00000E+00  0.00000E+00  0.00000E+00  0.00000E+00  0.00000E+00  0.00000E+00  0.00000E+00  0.00000E+00  0.00000E+00
 SIGMA(2,2)    5.54363E-02  1.66719E-02  2.91642E-03 -1.19447E-02 -5.67780E-03 -3.14711E-02  3.93820E-02  1.30655E-04  1.90779E-02  0.00000E+00  1.16630E-03  9.37266E-03  1.40116E-02 -1.65662E-03  4.44617E-02 -4.67627E-04 -3.92020E-02 -2.09245E-02 -8.85359E-03  2.02569E-02 -3.01601E-02  1.11462E-03 -3.80986E-02 -4.25937E-02  2.79207E-02 -2.62770E-02 -3.54437E-02 -7.74283E-03  2.27923E-03  2.66829E-02 -1.39785E-02 -4.18425E-02 -1.96320E-02 -3.78798E-02  2.66794E-02 -5.12611E-02  5.72887E-02 -2.19299E-02  1.10270E-02 -6.76423E-04  1.83876E-02 -1.89185E-02 -2.69914E-02  2.24797E-02  3.03827E-02 -2.19478E-02 -7.26110E-03
 OMEGA(1,1)    2.45771E-02 -2.84842E-02 -4.44232E-02  1.05925E-02  3.06650E-02  9.78161E-03  7.27215E-02  2.50052E-03  2.81327E-02  0.00000E+00  9.37266E-03  5.58231E-02 -2.14372E-01  2.60870E-02  1.11870E-02 -7.87195E-03 -5.34990E-02  7.48401E-02 -1.91972E-03 -2.22196E-02  9.83611E-02  1.55143E-01  1.91428E-02  3.54294E-02  3.45016E-02  2.73957E-02 -4.21857E-02  1.95219E-02  3.77089E-02  1.35531E-02  1.87020E-02  5.09320E-02  3.64509E-02 -5.83487E-02 -6.68567E-03 -2.03758E-02 -3.61404E-02  2.74510E-02  4.11414E-02  2.92120E-01 -9.06833E-02 -7.14204E-03  2.61349E-02  6.81296E-02 -2.28200E-02  1.22664E-02  7.01329E-02
 OMEGA(2,1)   -4.95805E-02  1.00023E-01 -1.34910E-02  6.71678E-02 -3.27232E-02 -6.45638E-03 -5.09847E-02 -5.56185E-02  7.07868E-03  0.00000E+00  1.40116E-02 -2.14372E-01  2.94843E-02 -2.56083E-01 -6.42890E-02  9.76068E-02  3.98684E-03  9.60734E-02 -7.18651E-02 -2.18237E-02  1.52319E-02  2.14379E-02 -2.47669E-02 -3.38772E-02  1.73023E-02 -1.87082E-03  5.35949E-02  2.15815E-02  1.76497E-03 -2.42306E-02 -2.37371E-02  5.61693E-03 -1.53265E-01  1.62676E-01 -1.05145E-02 -1.46915E-02  7.02831E-04  8.99079E-03 -3.41876E-03  1.30514E-01  1.69799E-01 -9.07232E-03  1.34295E-01 -3.74624E-03  2.00124E-02  1.92244E-02  1.10944E-01
 OMEGA(2,2)    1.81981E-02 -2.21953E-01  2.26020E-02 -5.18214E-03  4.86338E-02  2.20419E-02 -1.99934E-03 -1.20123E-02 -4.23981E-02  0.00000E+00 -1.65662E-03  2.60870E-02 -2.56083E-01  4.93400E-02  5.29552E-03 -8.79646E-02  3.23809E-02  3.58409E-03  1.73296E-01  3.56423E-02  1.31467E-02 -2.92445E-02  8.61952E-02 -2.86054E-02  1.04355E-02  3.44048E-02  5.96267E-03 -1.40946E-02  8.73024E-03 -4.98887E-03  3.25720E-02 -4.53670E-03  6.98280E-02 -3.92236E-01  3.12481E-02 -8.75526E-03  2.24461E-02 -1.02504E-02  1.39108E-02 -2.56950E-03  2.94082E-01  5.45631E-02  1.43897E-02 -2.91804E-03 -3.89504E-02 -6.07969E-02  3.86845E-02
