TABLE NO.     1: Iterative Two Stage (No Prior): Problem=1 Subproblem=0 Superproblem1=0 Iteration1=0 Superproblem2=0 Iteration2=0
 NAME         THETA1       THETA2       THETA3       THETA4       THETA5       THETA6       THETA7       THETA8       SIGMA(1,1)   SIGMA(2,1)   SIGMA(2,2)   OMEGA(1,1)   OMEGA(2,1)   OMEGA(2,2)   OMEGA(3,1)   OMEGA(3,2)   OMEGA(3,3)   OMEGA(4,1)   OMEGA(4,2)   OMEGA(4,3)   OMEGA(4,4)   OMEGA(5,1)   OMEGA(5,2)   OMEGA(5,3)   OMEGA(5,4)   OMEGA(5,5)   OMEGA(6,1)   OMEGA(6,2)   OMEGA(6,3)   OMEGA(6,4)   OMEGA(6,5)   OMEGA(6,6)   OMEGA(7,1)   OMEGA(7,2)   OMEGA(7,3)   OMEGA(7,4)   OMEGA(7,5)   OMEGA(7,6)   OMEGA(7,7)   OMEGA(8,1)   OMEGA(8,2)   OMEGA(8,3)   OMEGA(8,4)   OMEGA(8,5)   OMEGA(8,6)   OMEGA(8,7)   OMEGA(8,8)
 THETA1        1.20971E-01 -3.27515E-02  3.02216E-02  8.07504E-02 -5.48406E-02 -6.00520E-02 -1.49427E-02  1.05238E-01  9.85663E-04  0.00000E+00  1.44004E-04 -2.99296E-02 -2.20232E-02 -2.69187E-02 -1.06909E-02  6.36874E-03  4.46445E-02 -8.04451E-03 -1.22117E-02  1.34313E-02 -2.47641E-02  1.20507E-02  3.08236E-03  1.37291E-04 -2.25385E-02 -6.46982E-02 -1.70041E-02 -2.39666E-02  1.47302E-02 -1.95414E-02 -8.58494E-03 -3.21138E-02  3.60479E-03 -1.38016E-02 -2.24198E-02 -1.09360E-02  5.76156E-04  1.51225E-02 -8.92844E-03 -3.04039E-02 -3.77344E-02  9.69266E-03 -2.07971E-02  2.54928E-02  5.89578E-02  1.38008E-02 -5.64078E-02
 THETA2       -3.27515E-02  5.05325E-02 -1.47486E-02 -2.54075E-02  2.66338E-02  2.13465E-02 -4.13505E-03 -4.07492E-02 -4.60041E-04  0.00000E+00 -5.89304E-04  5.72326E-03  3.09760E-02 -2.25794E-02 -8.84558E-03  5.77401E-03 -2.58236E-02 -3.24683E-03 -3.01168E-03 -1.38057E-02 -1.01432E-02 -5.83315E-03  3.98395E-05  5.66278E-03  2.41192E-02  3.50307E-02  1.44407E-02  2.37237E-02  2.93143E-03 -5.59980E-03  1.11245E-02  1.45442E-02 -2.83574E-03  1.67792E-02  1.25147E-02  8.84542E-03 -1.94319E-03 -1.71723E-02  1.04542E-02  1.73590E-02  1.65623E-02 -7.87564E-03  2.33350E-03 -1.30988E-02 -1.34566E-02  5.37193E-03  3.64881E-02
 THETA3        3.02216E-02 -1.47486E-02  5.27692E-02 -2.73021E-03 -1.80893E-03 -1.84207E-02  9.28110E-03  1.88992E-02  1.26512E-04  0.00000E+00  2.59181E-04 -2.07457E-02  1.33917E-03 -3.45705E-02  2.96096E-03  1.46476E-02  2.14605E-03  3.53565E-03 -1.34376E-02  8.77824E-03  1.39608E-02 -3.98448E-03 -1.10165E-03 -8.68721E-03 -1.26986E-02 -1.48895E-02 -1.43079E-03 -1.93893E-02 -1.25588E-02  8.69888E-05 -1.12566E-02 -8.84937E-03 -2.12839E-02 -3.57976E-03 -1.79784E-02 -2.42109E-03 -1.41793E-02  6.56806E-03 -5.22520E-03 -3.51939E-02 -1.72912E-02  1.37460E-03 -1.29448E-02 -8.77462E-03  8.90572E-03 -9.25262E-03 -3.65876E-02
 THETA4        8.07504E-02 -2.54075E-02 -2.73021E-03  9.69539E-02 -4.99491E-02 -3.83110E-02 -2.21902E-02  9.45191E-02  9.27561E-04  0.00000E+00  3.90116E-05 -9.54128E-03 -2.86481E-02  2.04401E-03 -7.81738E-03 -1.04455E-02  3.98590E-02 -1.22284E-02  2.17784E-03  1.08208E-02 -2.49181E-02  1.65945E-02 -1.81732E-03  3.21151E-03 -1.77207E-02 -5.99572E-02 -1.76987E-02 -1.37826E-02  1.54898E-02 -1.55849E-02 -5.70005E-03 -2.65723E-02  2.43534E-02 -1.46366E-02 -9.98978E-03 -6.32516E-03  1.09660E-02  9.98812E-03 -3.06852E-03 -8.28231E-04 -2.70389E-02  8.21965E-03 -7.58770E-03  3.10825E-02  4.73283E-02  2.34735E-02 -2.66905E-02
 THETA5       -5.48406E-02  2.66338E-02 -1.80893E-03 -4.99491E-02  4.66150E-02  3.28490E-02  1.16376E-02 -5.98207E-02 -5.95526E-04  0.00000E+00 -2.24868E-04  1.21869E-02  2.30200E-02 -8.98686E-03  3.38234E-03  5.25544E-03 -3.13576E-02  3.88743E-03 -1.16661E-03 -8.66260E-03  1.13312E-02 -6.68446E-03 -8.73365E-04 -4.37178E-04  1.74861E-02  4.15035E-02  1.29783E-02  1.66545E-02 -1.26457E-02  8.48894E-03  3.69505E-03  1.81580E-02 -7.38369E-03  1.36196E-02  7.74009E-03  9.51662E-03 -3.34833E-03 -1.39626E-02  5.58063E-03  1.26176E-02  1.79702E-02 -6.81195E-03  5.75908E-03 -1.84402E-02 -3.10180E-02 -4.99463E-03  3.36021E-02
 THETA6       -6.00520E-02  2.13465E-02 -1.84207E-02 -3.83110E-02  3.28490E-02  7.04568E-02  1.06925E-02 -5.62492E-02 -5.13955E-04  0.00000E+00 -1.94535E-04  1.54376E-02  1.74481E-02  1.77541E-02  2.96228E-03 -5.74968E-03 -2.46950E-02 -3.45734E-03  1.33159E-02 -1.56738E-02  3.57237E-03  7.75595E-03 -2.38678E-03  9.47211E-03  2.65681E-02  3.41893E-02  5.33517E-03  2.69907E-02 -1.55274E-02  1.27415E-02  5.96482E-03  2.73333E-02  6.43669E-04  5.94896E-03  1.53540E-02  1.02539E-02  1.17625E-03 -1.18768E-02  1.64425E-03  2.78440E-02  1.95164E-02 -3.28912E-03  1.04309E-02 -9.35529E-03 -3.19484E-02  1.01724E-03  4.62383E-02
 THETA7       -1.49427E-02 -4.13505E-03  9.28110E-03 -2.21902E-02  1.16376E-02  1.06925E-02  2.25925E-02 -1.04203E-02 -1.72998E-04  0.00000E+00  1.97472E-04  4.46180E-04 -3.09439E-03  2.80528E-03  4.57846E-03  3.92608E-03 -6.37007E-03  6.75339E-03 -5.36679E-03  3.89578E-03  8.76325E-03 -6.57463E-03  3.13437E-03 -4.30341E-03 -1.94291E-03  7.54409E-03  2.03380E-03 -2.99976E-03 -1.13397E-02  1.27828E-02 -4.83378E-03  4.58673E-03 -7.54750E-03  1.24293E-03 -4.86553E-03  5.80012E-03 -3.37981E-03 -6.48671E-04 -8.24732E-03 -5.68127E-03  6.07423E-04 -8.46360E-04  1.67256E-03 -5.30347E-03 -1.22826E-02 -9.52055E-03 -2.77814E-03
 THETA8        1.05238E-01 -4.07492E-02  1.88992E-02  9.45191E-02 -5.98207E-02 -5.62492E-02 -1.04203E-02  1.47262E-01  1.15879E-03  0.00000E+00  6.25814E-04 -1.86648E-02 -5.55201E-02  1.32919E-02  1.17399E-04 -1.19963E-02  6.18538E-02 -8.59459E-03 -6.28615E-03  2.23543E-02 -1.98365E-02  9.56130E-03  1.86992E-03 -4.66133E-03 -3.98491E-02 -9.80374E-02 -1.48767E-02 -2.83635E-02  1.36786E-02 -7.73653E-04 -1.32981E-02 -3.39018E-02  2.51508E-02 -2.38010E-02 -2.29168E-02 -7.60591E-03  1.26468E-02  1.73584E-02 -2.47682E-02 -1.94816E-02 -4.73127E-02  1.38844E-02 -1.58376E-02  3.94059E-02  6.39448E-02  1.53813E-02 -6.37204E-02
 SIGMA(1,1)    9.85663E-04 -4.60041E-04  1.26512E-04  9.27561E-04 -5.95526E-04 -5.13955E-04 -1.72998E-04  1.15879E-03  1.19775E-05  0.00000E+00  4.01353E-06 -1.72761E-04 -4.14837E-04  8.04509E-05 -2.07467E-05 -1.19920E-04  5.31114E-04 -1.00985E-04  3.32309E-06  1.67701E-04 -1.76685E-04  1.67343E-04  5.66845E-06 -1.32010E-05 -3.01547E-04 -7.47487E-04 -1.94237E-04 -2.66433E-04  1.36978E-04 -8.21866E-05 -1.06053E-04 -3.38800E-04  1.88633E-04 -2.15619E-04 -1.67734E-04 -1.06799E-04  1.13913E-04  1.69859E-04 -1.51592E-04 -1.78160E-04 -3.62107E-04  1.26845E-04 -1.25832E-04  3.52736E-04  5.43674E-04  1.47203E-04 -5.26345E-04
 SIGMA(2,1)    0.00000E+00  0.00000E+00  0.00000E+00  0.00000E+00  0.00000E+00  0.00000E+00  0.00000E+00  0.00000E+00  0.00000E+00  0.00000E+00  0.00000E+00  0.00000E+00  0.00000E+00  0.00000E+00  0.00000E+00  0.00000E+00  0.00000E+00  0.00000E+00  0.00000E+00  0.00000E+00  0.00000E+00  0.00000E+00  0.00000E+00  0.00000E+00  0.00000E+00  0.00000E+00  0.00000E+00  0.00000E+00  0.00000E+00  0.00000E+00  0.00000E+00  0.00000E+00  0.00000E+00  0.00000E+00  0.00000E+00  0.00000E+00  0.00000E+00  0.00000E+00  0.00000E+00  0.00000E+00  0.00000E+00  0.00000E+00  0.00000E+00  0.00000E+00  0.00000E+00  0.00000E+00  0.00000E+00
 SIGMA(2,2)    1.44004E-04 -5.89304E-04  2.59181E-04  3.90116E-05 -2.24868E-04 -1.94535E-04  1.97472E-04  6.25814E-04  4.01353E-06  0.00000E+00  1.84414E-05 -6.03708E-05 -7.33988E-04  6.24673E-04  2.96125E-04 -1.77377E-04  4.14110E-04  1.34932E-04 -5.19783E-05  2.60003E-04  2.80257E-04 -6.93041E-05  3.71906E-07 -1.08237E-04 -5.02680E-04 -8.13695E-04 -1.64280E-04 -4.56621E-04 -2.31242E-04  3.40930E-04 -1.99373E-04 -8.94744E-05  6.18862E-05 -2.85474E-04 -2.07040E-04 -5.51779E-05  1.01631E-04  1.99737E-04 -3.28421E-04 -3.00437E-04 -3.42340E-04  1.45963E-04  1.02911E-05  1.89389E-04 -1.80512E-05 -1.97452E-04 -6.58987E-04
 OMEGA(1,1)   -2.99296E-02  5.72326E-03 -2.07457E-02 -9.54128E-03  1.21869E-02  1.54376E-02  4.46180E-04 -1.86648E-02 -1.72761E-04  0.00000E+00 -6.03708E-05  2.25478E-02 -3.88742E-03  2.04827E-02  6.76129E-03 -9.59125E-03 -6.42000E-03  5.44398E-04  6.02927E-03 -2.64481E-03  3.42585E-03  3.97466E-04  6.82157E-04  1.01939E-03  4.73167E-03  1.73889E-02  3.05621E-03  9.44972E-03  1.13482E-04  7.03359E-03  3.08499E-03  4.25102E-03  1.40183E-02  3.39214E-03  1.03709E-02  4.83981E-03  7.60475E-03 -6.14355E-03  1.29200E-03  2.17130E-02  1.14196E-02 -3.51283E-04  8.13004E-03  2.29232E-03 -1.32221E-02  3.36743E-03  2.40112E-02
 OMEGA(2,1)   -2.20232E-02  3.09760E-02  1.33917E-03 -2.86481E-02  2.30200E-02  1.74481E-02 -3.09439E-03 -5.55201E-02 -4.14837E-04  0.00000E+00 -7.33988E-04 -3.88742E-03  5.01486E-02 -4.25983E-02 -1.32902E-02  1.46625E-02 -3.11876E-02 -3.44482E-03  2.40062E-03 -1.56864E-02 -2.59321E-03  1.14241E-03 -4.34833E-03  4.13578E-03  2.80720E-02  4.92099E-02  8.82626E-03  1.98418E-02  1.45477E-03 -1.73501E-02  8.28507E-03  1.27825E-02 -1.77251E-02  1.50874E-02  9.12322E-03  1.74797E-03 -1.23928E-02 -9.91935E-03  1.98168E-02  7.34527E-03  1.93578E-02 -9.06305E-03 -7.73747E-04 -2.24500E-02 -1.21806E-02  2.61338E-03  3.18427E-02
 OMEGA(2,2)   -2.69187E-02 -2.25794E-02 -3.45705E-02  2.04401E-03 -8.98686E-03  1.77541E-02  2.80528E-03  1.32919E-02  8.04509E-05  0.00000E+00  6.24673E-04  2.04827E-02 -4.25983E-02  7.85570E-02  1.55836E-02 -2.61673E-02  2.01614E-02  1.77974E-03  1.66234E-02  4.19272E-03  6.68532E-03  4.80488E-03  1.87017E-03  2.57357E-03 -1.41404E-02 -2.26624E-02 -7.46167E-03 -2.71861E-03 -9.91444E-04  2.29783E-02 -6.36475E-04  5.17000E-03  2.32743E-02 -1.47146E-02  8.26979E-03 -1.98785E-03  1.75548E-02  7.34741E-03 -1.42886E-02  1.74664E-02  2.70482E-03  6.67514E-03  1.39619E-02  1.93997E-02 -9.84280E-03 -4.93802E-03 -6.03454E-05
 OMEGA(3,1)   -1.06909E-02 -8.84558E-03  2.96096E-03 -7.81738E-03  3.38234E-03  2.96228E-03  4.57846E-03  1.17399E-04 -2.07467E-05  0.00000E+00  2.96125E-04  6.76129E-03 -1.32902E-02  1.55836E-02  1.11060E-02 -6.48160E-03  2.69052E-03  3.20603E-03  2.10382E-04  4.33034E-03  1.11085E-02 -1.62012E-03  4.60868E-04 -3.28069E-03 -7.13418E-03 -3.86436E-03 -3.24212E-04 -6.16409E-03 -6.47576E-03  1.04286E-02 -3.67654E-03 -6.46589E-04  3.17605E-03 -3.77828E-03 -1.22349E-04  9.37169E-04  2.82555E-03  1.64325E-03 -6.51578E-03 -1.98734E-03 -1.17404E-03  2.59768E-03  2.36266E-03  2.23513E-03 -7.41394E-03 -5.70248E-03 -5.84613E-03
 OMEGA(3,2)    6.36874E-03  5.77401E-03  1.46476E-02 -1.04455E-02  5.25544E-03 -5.74968E-03  3.92608E-03 -1.19963E-02 -1.19920E-04  0.00000E+00 -1.77377E-04 -9.59125E-03  1.46625E-02 -2.61673E-02 -6.48160E-03  1.52232E-02 -8.66811E-03  2.71193E-03 -8.98124E-03 -3.43539E-04 -1.74290E-03 -5.76095E-03  2.35953E-03 -1.62457E-03  3.46539E-03  9.93073E-03  2.94786E-03 -2.91727E-06 -1.11258E-03 -4.93956E-03 -1.01617E-04  5.24346E-04 -1.32889E-02  6.25767E-03 -6.37234E-03  8.12884E-05 -8.96456E-03 -9.52934E-04  4.15515E-03 -1.07805E-02 -3.85014E-04 -2.96508E-03 -5.45056E-03 -9.33649E-03  5.00866E-04 -2.68574E-03 -3.23600E-03
 OMEGA(3,3)    4.46445E-02 -2.58236E-02  2.14605E-03  3.98590E-02 -3.13576E-02 -2.46950E-02 -6.37007E-03  6.18538E-02  5.31114E-04  0.00000E+00  4.14110E-04 -6.42000E-03 -3.11876E-02  2.01614E-02  2.69052E-03 -8.66811E-03  3.29783E-02 -3.07334E-03  9.92990E-04  9.69679E-03 -6.85419E-03  6.93189E-03  9.31250E-04 -2.37791E-04 -2.01679E-02 -4.68750E-02 -1.05018E-02 -1.43931E-02  7.30238E-03  8.93567E-04 -5.36121E-03 -1.34422E-02  1.27503E-02 -1.39402E-02 -7.96130E-03 -7.27481E-03  8.12344E-03  1.13354E-02 -1.14148E-02 -8.25021E-03 -1.98728E-02  8.42772E-03 -4.73852E-03  2.07942E-02  2.64879E-02  4.41926E-03 -3.08265E-02
 OMEGA(4,1)   -8.04451E-03 -3.24683E-03  3.53565E-03 -1.22284E-02  3.88743E-03 -3.45734E-03  6.75339E-03 -8.59459E-03 -1.00985E-04  0.00000E+00  1.34932E-04  5.44398E-04 -3.44482E-03  1.77974E-03  3.20603E-03  2.71193E-03 -3.07334E-03  7.53830E-03 -6.01959E-03  3.95824E-03  5.28298E-03 -8.39610E-03  2.54020E-03 -3.48243E-03 -3.79626E-03  1.32882E-03  1.94324E-03 -6.13412E-03 -4.32731E-03  5.40504E-03 -1.96666E-03  1.69040E-04 -4.96108E-03  6.83704E-04 -3.41343E-03  1.67846E-03 -1.76977E-03  5.66297E-04 -2.68430E-03 -5.86684E-03  2.01648E-04 -7.31161E-04  1.26510E-03 -3.43826E-03 -7.72558E-03 -6.95483E-03 -5.40002E-03
 OMEGA(4,2)   -1.22117E-02 -3.01168E-03 -1.34376E-02  2.17784E-03 -1.16661E-03  1.33159E-02 -5.36679E-03 -6.28615E-03  3.32309E-06  0.00000E+00 -5.19783E-05  6.02927E-03  2.40062E-03  1.66234E-02  2.10382E-04 -8.98124E-03  9.92990E-04 -6.01959E-03  1.72432E-02 -6.41449E-03  3.81622E-03  1.17725E-02 -6.36392E-03  4.42265E-03  4.85158E-03  6.17350E-03 -3.80547E-03  8.21888E-03  3.91817E-03 -3.87964E-03  2.70163E-03  6.06792E-03  6.29099E-03 -4.28799E-03  9.60436E-03 -4.05721E-03  2.50382E-03  2.03932E-03  5.20070E-03  1.28824E-02  7.42251E-03  5.31943E-04  6.39125E-03  1.49084E-03 -1.44545E-03  3.80600E-03  1.26731E-02
 OMEGA(4,3)    1.34313E-02 -1.38057E-02  8.77824E-03  1.08208E-02 -8.66260E-03 -1.56738E-02  3.89578E-03  2.23543E-02  1.67701E-04  0.00000E+00  2.60003E-04 -2.64481E-03 -1.56864E-02  4.19272E-03  4.33034E-03 -3.43539E-04  9.69679E-03  3.95824E-03 -6.41449E-03  1.07811E-02  3.19837E-03 -4.71743E-03  3.22286E-03 -6.27214E-03 -1.43309E-02 -1.65553E-02 -2.28426E-03 -1.29066E-02 -1.69444E-03  5.79482E-03 -5.78706E-03 -1.03615E-02  1.67343E-03 -4.41332E-03 -9.38653E-03 -5.43873E-04  8.99846E-04  4.68811E-03 -6.32597E-03 -1.05056E-02 -9.32389E-03  2.00798E-03 -2.27535E-03  5.79748E-03  6.37731E-03 -3.52559E-03 -1.99140E-02
 OMEGA(4,4)   -2.47641E-02 -1.01432E-02  1.39608E-02 -2.49181E-02  1.13312E-02  3.57237E-03  8.76325E-03 -1.98365E-02 -1.76685E-04  0.00000E+00  2.80257E-04  3.42585E-03 -2.59321E-03  6.68532E-03  1.11085E-02 -1.74290E-03 -6.85419E-03  5.28298E-03  3.81622E-03  3.19837E-03  2.83344E-02 -2.15230E-03 -3.22928E-03 -6.67041E-03 -8.24009E-03  1.15182E-02 -5.09450E-04 -9.18055E-03 -9.76942E-03  7.48598E-03 -5.28710E-03  1.25850E-03 -7.31914E-03 -3.06979E-03 -5.70893E-04 -2.96320E-03 -4.65713E-03  4.14295E-03  1.14724E-03 -8.28894E-03  4.26055E-03 -6.57837E-04  4.62850E-03 -8.41621E-03 -1.55474E-02 -1.20545E-02 -6.88233E-03
 OMEGA(5,1)    1.20507E-02 -5.83315E-03 -3.98448E-03  1.65945E-02 -6.68446E-03  7.75595E-03 -6.57463E-03  9.56130E-03  1.67343E-04  0.00000E+00 -6.93041E-05  3.97466E-04  1.14241E-03  4.80488E-03 -1.62012E-03 -5.76095E-03  6.93189E-03 -8.39610E-03  1.17725E-02 -4.71743E-03 -2.15230E-03  1.95551E-02 -4.58074E-03  6.74987E-03  4.42960E-03 -3.29310E-03 -8.98918E-03  4.85551E-03  2.54554E-03 -8.13500E-03  2.03146E-04  1.17652E-03  6.45218E-03 -5.01154E-03  4.94703E-03 -4.68342E-03  2.46476E-03  2.69373E-03  4.19663E-03  7.20079E-03 -6.00681E-04  2.97478E-03  1.07663E-03  8.13668E-03  7.16824E-03  7.98407E-03  5.59346E-03
 OMEGA(5,2)    3.08236E-03  3.98395E-05 -1.10165E-03 -1.81732E-03 -8.73365E-04 -2.38678E-03  3.13437E-03  1.86992E-03  5.66845E-06  0.00000E+00  3.71906E-07  6.82157E-04 -4.34833E-03  1.87017E-03  4.60868E-04  2.35953E-03  9.31250E-04  2.54020E-03 -6.36392E-03  3.22286E-03 -3.22928E-03 -4.58074E-03  8.24705E-03 -2.11764E-03 -1.76973E-03  2.75855E-03  1.92008E-03 -1.77167E-03  3.47145E-04  5.99930E-03  3.22856E-04 -4.63413E-03 -2.24454E-04  2.11621E-03 -3.27164E-03  1.77741E-03  1.28378E-03 -8.88632E-04 -3.39624E-03 -3.82606E-03 -1.06714E-05 -2.81476E-06 -2.00853E-03  4.00144E-03 -2.90999E-04 -2.52405E-03 -3.84967E-03
 OMEGA(5,3)    1.37291E-04  5.66278E-03 -8.68721E-03  3.21151E-03 -4.37178E-04  9.47211E-03 -4.30341E-03 -4.66133E-03 -1.32010E-05  0.00000E+00 -1.08237E-04  1.01939E-03  4.13578E-03  2.57357E-03 -3.28069E-03 -1.62457E-03 -2.37791E-04 -3.48243E-03  4.42265E-03 -6.27214E-03 -6.67041E-03  6.74987E-03 -2.11764E-03  7.44805E-03  7.79441E-03 -3.84581E-04 -2.65056E-03  6.96388E-03  1.02649E-03 -4.65101E-03  3.29507E-03  6.41972E-03  2.96689E-03  6.42488E-05  5.41008E-03 -1.96628E-04  2.07076E-03 -1.93732E-03  2.92265E-03  8.64019E-03  2.09769E-03  6.54543E-04  1.70208E-03  1.89523E-03 -4.26742E-04  5.40400E-03  1.13060E-02
 OMEGA(5,4)   -2.25385E-02  2.41192E-02 -1.26986E-02 -1.77207E-02  1.74861E-02  2.65681E-02 -1.94291E-03 -3.98491E-02 -3.01547E-04  0.00000E+00 -5.02680E-04  4.73167E-03  2.80720E-02 -1.41404E-02 -7.13418E-03  3.46539E-03 -2.01679E-02 -3.79626E-03  4.85158E-03 -1.43309E-02 -8.24009E-03  4.42960E-03 -1.76973E-03  7.79441E-03  2.75370E-02  3.21076E-02  5.50655E-03  2.18533E-02  7.06637E-05 -6.91047E-03  8.18210E-03  1.53394E-02 -5.05764E-03  1.02748E-02  1.24167E-02  5.30371E-03 -2.46300E-03 -1.00479E-02  8.68158E-03  1.53084E-02  1.52169E-02 -4.09769E-03  2.89053E-03 -9.78796E-03 -1.27066E-02  4.73819E-03  3.38958E-02
 OMEGA(5,5)   -6.46982E-02  3.50307E-02 -1.48895E-02 -5.99572E-02  4.15035E-02  3.41893E-02  7.54409E-03 -9.80374E-02 -7.47487E-04  0.00000E+00 -8.13695E-04  1.73889E-02  4.92099E-02 -2.26624E-02 -3.86436E-03  9.93073E-03 -4.68750E-02  1.32882E-03  6.17350E-03 -1.65553E-02  1.15182E-02 -3.29310E-03  2.75855E-03 -3.84581E-04  3.21076E-02  9.52065E-02  1.48597E-02  2.74142E-02  2.24672E-04 -3.59844E-03  1.10819E-02  1.44782E-02 -1.53478E-02  2.28367E-02  1.88240E-02  6.99012E-03 -9.78778E-03 -1.50034E-02  2.02785E-02  1.69510E-02  4.00812E-02 -1.20187E-02  8.80608E-03 -2.64246E-02 -3.65338E-02 -6.90814E-03  5.09869E-02
 OMEGA(6,1)   -1.70041E-02  1.44407E-02 -1.43079E-03 -1.76987E-02  1.29783E-02  5.33517E-03  2.03380E-03 -1.48767E-02 -1.94237E-04  0.00000E+00 -1.64280E-04  3.05621E-03  8.82626E-03 -7.46167E-03 -3.24212E-04  2.94786E-03 -1.05018E-02  1.94324E-03 -3.80547E-03 -2.28426E-03 -5.09450E-04 -8.98918E-03  1.92008E-03 -2.65056E-03  5.50655E-03  1.48597E-02  1.25986E-02  7.22808E-03  1.70531E-03  4.28587E-03  3.45676E-03  3.93290E-03 -2.89756E-03  6.97783E-03  2.91887E-03  4.56308E-03 -1.53362E-03 -6.15048E-03 -1.53987E-03  1.84819E-03  6.33771E-03 -2.98600E-03 -1.03399E-03 -7.50172E-03 -4.69182E-03 -2.59454E-03  8.57748E-03
 OMEGA(6,2)   -2.39666E-02  2.37237E-02 -1.93893E-02 -1.37826E-02  1.66545E-02  2.69907E-02 -2.99976E-03 -2.83635E-02 -2.66433E-04  0.00000E+00 -4.56621E-04  9.44972E-03  1.98418E-02 -2.71861E-03 -6.16409E-03 -2.91727E-06 -1.43931E-02 -6.13412E-03  8.21888E-03 -1.29066E-02 -9.18055E-03  4.85551E-03 -1.77167E-03  6.96388E-03  2.18533E-02  2.74142E-02  7.22808E-03  2.62997E-02  5.08640E-03 -3.02883E-03  8.90489E-03  1.41613E-02  3.89658E-03  9.63560E-03  1.29770E-02  4.47506E-03  1.71727E-03 -9.91254E-03  5.90383E-03  2.17850E-02  1.40982E-02 -3.30757E-03  3.84910E-03 -5.53604E-03 -6.16769E-03  7.42427E-03  3.45417E-02
 OMEGA(6,3)    1.47302E-02  2.93143E-03 -1.25588E-02  1.54898E-02 -1.26457E-02 -1.55274E-02 -1.13397E-02  1.36786E-02  1.36978E-04  0.00000E+00 -2.31242E-04  1.13482E-04  1.45477E-03 -9.91444E-04 -6.47576E-03 -1.11258E-03  7.30238E-03 -4.32731E-03  3.91817E-03 -1.69444E-03 -9.76942E-03  2.54554E-03  3.47145E-04  1.02649E-03  7.06637E-05  2.24672E-04  1.70531E-03  5.08640E-03  1.80016E-02 -1.01440E-02  5.42941E-03 -5.44759E-03  7.02049E-03  1.28687E-03  4.20187E-03 -4.80123E-03  2.69795E-03  1.80444E-03  3.95523E-03  4.57441E-03  1.76483E-03  1.60280E-04 -1.09449E-03  5.13878E-03  1.54090E-02  5.85085E-03  8.48892E-04
 OMEGA(6,4)   -1.95414E-02 -5.59980E-03  8.69888E-05 -1.55849E-02  8.48894E-03  1.27415E-02  1.27828E-02 -7.73653E-04 -8.21866E-05  0.00000E+00  3.40930E-04  7.03359E-03 -1.73501E-02  2.29783E-02  1.04286E-02 -4.93956E-03  8.93567E-04  5.40504E-03 -3.87964E-03  5.79482E-03  7.48598E-03 -8.13500E-03  5.99930E-03 -4.65101E-03 -6.91047E-03 -3.59844E-03  4.28587E-03 -3.02883E-03 -1.01440E-02  2.33850E-02 -3.99235E-03  3.34509E-03  1.23086E-03 -1.92437E-03 -2.72013E-03  6.04480E-03  3.97928E-03 -1.14860E-03 -1.43464E-02 -2.91430E-03 -6.71088E-04  1.63026E-03  1.64740E-03  2.49686E-03 -1.11541E-02 -9.32817E-03 -5.61006E-03
 OMEGA(6,5)   -8.58494E-03  1.11245E-02 -1.12566E-02 -5.70005E-03  3.69505E-03  5.96482E-03 -4.83378E-03 -1.32981E-02 -1.06053E-04  0.00000E+00 -1.99373E-04  3.08499E-03  8.28507E-03 -6.36475E-04 -3.67654E-03 -1.01617E-04 -5.36121E-03 -1.96666E-03  2.70163E-03 -5.78706E-03 -5.28710E-03  2.03146E-04  3.22856E-04  3.29507E-03  8.18210E-03  1.10819E-02  3.45676E-03  8.90489E-03  5.42941E-03 -3.99235E-03  6.86041E-03  2.82016E-03  1.80099E-03  4.56705E-03  6.22881E-03  2.46291E-04  1.57518E-03 -4.03901E-03  4.31279E-03  8.43585E-03  6.89701E-03 -1.55700E-03  1.80696E-03 -2.24249E-03 -2.60464E-03  2.83184E-03  1.36127E-02
 OMEGA(6,6)   -3.21138E-02  1.45442E-02 -8.84937E-03 -2.65723E-02  1.81580E-02  2.73333E-02  4.58673E-03 -3.39018E-02 -3.38800E-04  0.00000E+00 -8.94744E-05  4.25102E-03  1.27825E-02  5.17000E-03 -6.46589E-04  5.24346E-04 -1.34422E-02  1.69040E-04  6.06792E-03 -1.03615E-02  1.25850E-03  1.17652E-03 -4.63413E-03  6.41972E-03  1.53394E-02  1.44782E-02  3.93290E-03  1.41613E-02 -5.44759E-03  3.34509E-03  2.82016E-03  2.41162E-02 -5.39421E-03  3.43720E-03  9.75055E-03  3.43193E-03 -2.07233E-03 -4.57027E-03  2.03926E-03  1.04149E-02  1.03806E-02 -1.92739E-03  5.06404E-03 -9.54430E-03 -1.70467E-02 -2.22068E-03  2.19593E-02
 OMEGA(7,1)    3.60479E-03 -2.83574E-03 -2.12839E-02  2.43534E-02 -7.38369E-03  6.43669E-04 -7.54750E-03  2.51508E-02  1.88633E-04  0.00000E+00  6.18862E-05  1.40183E-02 -1.77251E-02  2.32743E-02  3.17605E-03 -1.32889E-02  1.27503E-02 -4.96108E-03  6.29099E-03  1.67343E-03 -7.31914E-03  6.45218E-03 -2.24454E-04  2.96689E-03 -5.05764E-03 -1.53478E-02 -2.89756E-03  3.89658E-03  7.02049E-03  1.23086E-03  1.80099E-03 -5.39421E-03  2.58954E-02 -3.32745E-03  4.65984E-03  1.05857E-03  1.28418E-02 -1.98793E-03 -1.91393E-03  2.14403E-02 -2.80073E-03  3.57643E-03  4.18158E-03  1.57028E-02  8.36079E-03  1.31770E-02  1.07245E-02
 OMEGA(7,2)   -1.38016E-02  1.67792E-02 -3.57976E-03 -1.46366E-02  1.36196E-02  5.94896E-03  1.24293E-03 -2.38010E-02 -2.15619E-04  0.00000E+00 -2.85474E-04  3.39214E-03  1.50874E-02 -1.47146E-02 -3.77828E-03  6.25767E-03 -1.39402E-02  6.83704E-04 -4.28799E-03 -4.41332E-03 -3.06979E-03 -5.01154E-03  2.11621E-03  6.42488E-05  1.02748E-02  2.28367E-02  6.97783E-03  9.63560E-03  1.28687E-03 -1.92437E-03  4.56705E-03  3.43720E-03 -3.32745E-03  1.11576E-02  3.28244E-03  4.63972E-03 -1.50652E-03 -7.85673E-03  4.35827E-03  5.75466E-03  8.61306E-03 -3.66623E-03  5.83830E-04 -7.72037E-03 -7.69361E-03  1.30288E-03  1.67226E-02
 OMEGA(7,3)   -2.24198E-02  1.25147E-02 -1.79784E-02 -9.98978E-03  7.74009E-03  1.53540E-02 -4.86553E-03 -2.29168E-02 -1.67734E-04  0.00000E+00 -2.07040E-04  1.03709E-02  9.12322E-03  8.26979E-03 -1.22349E-04 -6.37234E-03 -7.96130E-03 -3.41343E-03  9.60436E-03 -9.38653E-03 -5.70893E-04  4.94703E-03 -3.27164E-03  5.41008E-03  1.24167E-02  1.88240E-02  2.91887E-03  1.29770E-02  4.20187E-03 -2.72013E-03  6.22881E-03  9.75055E-03  4.65984E-03  3.28244E-03  1.41329E-02  1.04894E-03  3.13210E-03 -4.73289E-03  5.63829E-03  1.57062E-02  1.28028E-02 -9.57711E-04  5.89131E-03 -2.38515E-03 -9.06172E-03  3.13232E-03  2.32233E-02
 OMEGA(7,4)   -1.09360E-02  8.84542E-03 -2.42109E-03 -6.32516E-03  9.51662E-03  1.02539E-02  5.80012E-03 -7.60591E-03 -1.06799E-04  0.00000E+00 -5.51779E-05  4.83981E-03  1.74797E-03 -1.98785E-03  9.37169E-04  8.12884E-05 -7.27481E-03  1.67846E-03 -4.05721E-03 -5.43873E-04 -2.96320E-03 -4.68342E-03  1.77741E-03 -1.96628E-04  5.30371E-03  6.99012E-03  4.56308E-03  4.47506E-03 -4.80123E-03  6.04480E-03  2.46291E-04  3.43193E-03  1.05857E-03  4.63972E-03  1.04894E-03  8.90646E-03  8.08622E-04 -6.56998E-03 -4.07883E-03  5.31292E-03  2.68847E-03 -1.32522E-03  1.50327E-03 -2.12314E-03 -7.36077E-03  1.21571E-03  1.03253E-02
 OMEGA(7,5)    5.76156E-04 -1.94319E-03 -1.41793E-02  1.09660E-02 -3.34833E-03  1.17625E-03 -3.37981E-03  1.26468E-02  1.13913E-04  0.00000E+00  1.01631E-04  7.60475E-03 -1.23928E-02  1.75548E-02  2.82555E-03 -8.96456E-03  8.12344E-03 -1.76977E-03  2.50382E-03  8.99846E-04 -4.65713E-03  2.46476E-03  1.28378E-03  2.07076E-03 -2.46300E-03 -9.78778E-03 -1.53362E-03  1.71727E-03  2.69795E-03  3.97928E-03  1.57518E-03 -2.07233E-03  1.28418E-02 -1.50652E-03  3.13210E-03  8.08622E-04  1.03277E-02 -1.74458E-03 -3.76046E-03  1.03650E-02 -1.41459E-03  2.75825E-03  2.86965E-03  9.88780E-03  1.87217E-03  5.00617E-03  5.03587E-03
 OMEGA(7,6)    1.51225E-02 -1.71723E-02  6.56806E-03  9.98812E-03 -1.39626E-02 -1.18768E-02 -6.48671E-04  1.73584E-02  1.69859E-04  0.00000E+00  1.99737E-04 -6.14355E-03 -9.91935E-03  7.34741E-03  1.64325E-03 -9.52934E-04  1.13354E-02  5.66297E-04  2.03932E-03  4.68811E-03  4.14295E-03  2.69373E-03 -8.88632E-04 -1.93732E-03 -1.00479E-02 -1.50034E-02 -6.15048E-03 -9.91254E-03  1.80444E-03 -1.14860E-03 -4.03901E-03 -4.57027E-03 -1.98793E-03 -7.85673E-03 -4.73289E-03 -6.56998E-03 -1.74458E-03  1.06711E-02 -2.03431E-03 -1.04187E-02 -6.64418E-03  2.36558E-03 -1.61943E-03  3.97321E-03  8.56999E-03 -4.46577E-03 -1.93962E-02
 OMEGA(7,7)   -8.92844E-03  1.04542E-02 -5.22520E-03 -3.06852E-03  5.58063E-03  1.64425E-03 -8.24732E-03 -2.47682E-02 -1.51592E-04  0.00000E+00 -3.28421E-04  1.29200E-03  1.98168E-02 -1.42886E-02 -6.51578E-03  4.15515E-03 -1.14148E-02 -2.68430E-03  5.20070E-03 -6.32597E-03  1.14724E-03  4.19663E-03 -3.39624E-03  2.92265E-03  8.68158E-03  2.02785E-02 -1.53987E-03  5.90383E-03  3.95523E-03 -1.43464E-02  4.31279E-03  2.03926E-03 -1.91393E-03  4.35827E-03  5.63829E-03 -4.07883E-03 -3.76046E-03 -2.03431E-03  2.11537E-02  8.05168E-03  9.55115E-03 -4.29593E-03  2.75935E-03 -6.41952E-03 -4.88417E-03  5.92054E-03  1.64608E-02
 OMEGA(8,1)   -3.04039E-02  1.73590E-02 -3.51939E-02 -8.28231E-04  1.26176E-02  2.78440E-02 -5.68127E-03 -1.94816E-02 -1.78160E-04  0.00000E+00 -3.00437E-04  2.17130E-02  7.34527E-03  1.74664E-02 -1.98734E-03 -1.07805E-02 -8.25021E-03 -5.86684E-03  1.28824E-02 -1.05056E-02 -8.28894E-03  7.20079E-03 -3.82606E-03  8.64019E-03  1.53084E-02  1.69510E-02  1.84819E-03  2.17850E-02  4.57441E-03 -2.91430E-03  8.43585E-03  1.04149E-02  2.14403E-02  5.75466E-03  1.57062E-02  5.31292E-03  1.03650E-02 -1.04187E-02  8.05168E-03  4.01742E-02  1.37399E-02 -1.61675E-03  1.04746E-02  3.17970E-03 -9.76481E-03  1.55784E-02  4.44618E-02
 OMEGA(8,2)   -3.77344E-02  1.65623E-02 -1.72912E-02 -2.70389E-02  1.79702E-02  1.95164E-02  6.07423E-04 -4.73127E-02 -3.62107E-04  0.00000E+00 -3.42340E-04  1.14196E-02  1.93578E-02  2.70482E-03 -1.17404E-03 -3.85014E-04 -1.98728E-02  2.01648E-04  7.42251E-03 -9.32389E-03  4.26055E-03 -6.00681E-04 -1.06714E-05  2.09769E-03  1.52169E-02  4.00812E-02  6.33771E-03  1.40982E-02  1.76483E-03 -6.71088E-04  6.89701E-03  1.03806E-02 -2.80073E-03  8.61306E-03  1.28028E-02  2.68847E-03 -1.41459E-03 -6.64418E-03  9.55115E-03  1.37399E-02  2.18363E-02 -4.99918E-03  7.58760E-03 -9.95220E-03 -1.91983E-02 -2.39592E-03  2.87181E-02
 OMEGA(8,3)    9.69266E-03 -7.87564E-03  1.37460E-03  8.21965E-03 -6.81195E-03 -3.28912E-03 -8.46360E-04  1.38844E-02  1.26845E-04  0.00000E+00  1.45963E-04 -3.51283E-04 -9.06305E-03  6.67514E-03  2.59768E-03 -2.96508E-03  8.42772E-03 -7.31161E-04  5.31943E-04  2.00798E-03 -6.57837E-04  2.97478E-03 -2.81476E-06  6.54543E-04 -4.09769E-03 -1.20187E-02 -2.98600E-03 -3.30757E-03  1.60280E-04  1.63026E-03 -1.55700E-03 -1.92739E-03  3.57643E-03 -3.66623E-03 -9.57711E-04 -1.32522E-03  2.75825E-03  2.36558E-03 -4.29593E-03 -1.61675E-03 -4.99918E-03  3.49611E-03 -1.07854E-03  5.68826E-03  4.73600E-03  1.12929E-03 -6.18134E-03
 OMEGA(8,4)   -2.07971E-02  2.33350E-03 -1.29448E-02 -7.58770E-03  5.75908E-03  1.04309E-02  1.67256E-03 -1.58376E-02 -1.25832E-04  0.00000E+00  1.02911E-05  8.13004E-03 -7.73747E-04  1.39619E-02  2.36266E-03 -5.45056E-03 -4.73852E-03  1.26510E-03  6.39125E-03 -2.27535E-03  4.62850E-03  1.07663E-03 -2.00853E-03  1.70208E-03  2.89053E-03  8.80608E-03 -1.03399E-03  3.84910E-03 -1.09449E-03  1.64740E-03  1.80696E-03  5.06404E-03  4.18158E-03  5.83830E-04  5.89131E-03  1.50327E-03  2.86965E-03 -1.61943E-03  2.75935E-03  1.04746E-02  7.58760E-03 -1.07854E-03  8.62217E-03 -1.00469E-03 -1.09566E-02 -4.76206E-04  1.29189E-02
 OMEGA(8,5)    2.54928E-02 -1.30988E-02 -8.77462E-03  3.10825E-02 -1.84402E-02 -9.35529E-03 -5.30347E-03  3.94059E-02  3.52736E-04  0.00000E+00  1.89389E-04  2.29232E-03 -2.24500E-02  1.93997E-02  2.23513E-03 -9.33649E-03  2.07942E-02 -3.43826E-03  1.49084E-03  5.79748E-03 -8.41621E-03  8.13668E-03  4.00144E-03  1.89523E-03 -9.78796E-03 -2.64246E-02 -7.50172E-03 -5.53604E-03  5.13878E-03  2.49686E-03 -2.24249E-03 -9.54430E-03  1.57028E-02 -7.72037E-03 -2.38515E-03 -2.12314E-03  9.88780E-03  3.97321E-03 -6.41952E-03  3.17970E-03 -9.95220E-03  5.68826E-03 -1.00469E-03  2.02616E-02  1.49019E-02  7.37429E-03 -1.01374E-02
 OMEGA(8,6)    5.89578E-02 -1.34566E-02  8.90572E-03  4.73283E-02 -3.10180E-02 -3.19484E-02 -1.22826E-02  6.39448E-02  5.43674E-04  0.00000E+00 -1.80512E-05 -1.32221E-02 -1.21806E-02 -9.84280E-03 -7.41394E-03  5.00866E-04  2.64879E-02 -7.72558E-03 -1.44545E-03  6.37731E-03 -1.55474E-02  7.16824E-03 -2.90999E-04 -4.26742E-04 -1.27066E-02 -3.65338E-02 -4.69182E-03 -6.16769E-03  1.54090E-02 -1.11541E-02 -2.60464E-03 -1.70467E-02  8.36079E-03 -7.69361E-03 -9.06172E-03 -7.36077E-03  1.87217E-03  8.56999E-03 -4.88417E-03 -9.76481E-03 -1.91983E-02  4.73600E-03 -1.09566E-02  1.49019E-02  4.04770E-02  1.02889E-02 -2.72719E-02
 OMEGA(8,7)    1.38008E-02  5.37193E-03 -9.25262E-03  2.34735E-02 -4.99463E-03  1.01724E-03 -9.52055E-03  1.53813E-02  1.47203E-04  0.00000E+00 -1.97452E-04  3.36743E-03  2.61338E-03 -4.93802E-03 -5.70248E-03 -2.68574E-03  4.41926E-03 -6.95483E-03  3.80600E-03 -3.52559E-03 -1.20545E-02  7.98407E-03 -2.52405E-03  5.40400E-03  4.73819E-03 -6.90814E-03 -2.59454E-03  7.42427E-03  5.85085E-03 -9.32817E-03  2.83184E-03 -2.22068E-03  1.31770E-02  1.30288E-03  3.13232E-03  1.21571E-03  5.00617E-03 -4.46577E-03  5.92054E-03  1.55784E-02 -2.39592E-03  1.12929E-03 -4.76206E-04  7.37429E-03  1.02889E-02  1.67403E-02  1.43116E-02
 OMEGA(8,8)   -5.64078E-02  3.64881E-02 -3.65876E-02 -2.66905E-02  3.36021E-02  4.62383E-02 -2.77814E-03 -6.37204E-02 -5.26345E-04  0.00000E+00 -6.58987E-04  2.40112E-02  3.18427E-02 -6.03454E-05 -5.84613E-03 -3.23600E-03 -3.08265E-02 -5.40002E-03  1.26731E-02 -1.99140E-02 -6.88233E-03  5.59346E-03 -3.84967E-03  1.13060E-02  3.38958E-02  5.09869E-02  8.57748E-03  3.45417E-02  8.48892E-04 -5.61006E-03  1.36127E-02  2.19593E-02  1.07245E-02  1.67226E-02  2.32233E-02  1.03253E-02  5.03587E-03 -1.93962E-02  1.64608E-02  4.44618E-02  2.87181E-02 -6.18134E-03  1.29189E-02 -1.01374E-02 -2.72719E-02  1.43116E-02  6.95786E-02
TABLE NO.     3: MCMC Bayesian Analysis: Problem=1 Subproblem=0 Superproblem1=0 Iteration1=0 Superproblem2=0 Iteration2=0
 NAME         THETA1       THETA2       THETA3       THETA4       THETA5       THETA6       THETA7       THETA8       SIGMA(1,1)   SIGMA(2,1)   SIGMA(2,2)   OMEGA(1,1)   OMEGA(2,1)   OMEGA(2,2)   OMEGA(3,1)   OMEGA(3,2)   OMEGA(3,3)   OMEGA(4,1)   OMEGA(4,2)   OMEGA(4,3)   OMEGA(4,4)   OMEGA(5,1)   OMEGA(5,2)   OMEGA(5,3)   OMEGA(5,4)   OMEGA(5,5)   OMEGA(6,1)   OMEGA(6,2)   OMEGA(6,3)   OMEGA(6,4)   OMEGA(6,5)   OMEGA(6,6)   OMEGA(7,1)   OMEGA(7,2)   OMEGA(7,3)   OMEGA(7,4)   OMEGA(7,5)   OMEGA(7,6)   OMEGA(7,7)   OMEGA(8,1)   OMEGA(8,2)   OMEGA(8,3)   OMEGA(8,4)   OMEGA(8,5)   OMEGA(8,6)   OMEGA(8,7)   OMEGA(8,8)
 THETA1        6.20643E-03 -1.04036E-03  8.85509E-04  6.92317E-04  6.98366E-04 -9.09469E-04  6.10853E-04  2.11952E-03  9.10838E-07  0.00000E+00  2.78995E-06  6.17032E-06 -4.77460E-05  4.76017E-05 -2.30648E-05  1.83313E-05  9.12865E-05  1.76701E-04  4.15198E-05  6.29730E-05  7.20803E-05 -8.67698E-05  1.17090E-04 -2.72735E-05  1.11575E-04  4.99477E-05 -2.71784E-06 -4.72235E-05  1.88603E-06  7.09373E-05  4.48712E-05 -2.65242E-04 -2.50335E-05 -9.09248E-05 -1.23853E-04  1.21820E-04 -6.20156E-05  1.74967E-04  1.74744E-04  3.33197E-05 -1.56321E-05 -5.12491E-05 -1.15376E-05  3.97457E-05  1.20907E-04  9.65399E-06 -2.35481E-05
 THETA2       -1.04036E-03  6.18003E-03 -2.37903E-06  1.23169E-03  1.81930E-04 -7.82479E-05 -1.25891E-03  1.31577E-03 -1.71463E-06  0.00000E+00  9.27145E-07  6.37589E-05  3.35014E-04 -1.06230E-03  8.04699E-05  1.58617E-04  6.61852E-05  3.11909E-05 -4.79751E-04  5.07912E-05  1.40349E-04  4.36768E-05  1.15095E-04  2.60811E-05  3.20538E-05 -1.21382E-04 -7.87608E-05 -8.20749E-05 -1.47304E-04 -1.45906E-04  4.63962E-05 -1.66115E-04  4.39084E-05  7.75152E-04 -5.68766E-05  1.12840E-04 -7.54105E-05 -1.26713E-04 -1.46465E-04  7.15729E-06 -5.70817E-06  1.08817E-04  1.02391E-04  1.07346E-04 -2.16126E-04  5.39501E-05  5.62131E-05
 THETA3        8.85509E-04 -2.37903E-06  4.09628E-03  2.95648E-04  8.81489E-05  7.44618E-05  7.49950E-04  1.28117E-03  1.00844E-06  0.00000E+00 -1.82370E-07 -1.34008E-04  4.27761E-05 -9.77696E-06  1.30742E-04  5.53211E-05 -1.28206E-04  1.15815E-04  4.96462E-05  2.11631E-04  2.31984E-04  3.00040E-05 -1.04356E-05 -9.85784E-05 -1.90384E-05  6.65739E-05 -8.84185E-05  1.29240E-04  3.95349E-06  2.72602E-05 -1.02786E-04  1.70903E-04  6.91635E-05 -8.64005E-05 -3.97978E-05  1.69911E-05 -5.16987E-05 -2.75463E-05  3.71290E-05  1.24739E-05 -3.43103E-05  5.79181E-05 -7.94560E-05  9.93125E-06 -8.94753E-05  1.75818E-04  1.48985E-04
 THETA4        6.92317E-04  1.23169E-03  2.95648E-04  6.47388E-03 -8.18253E-04  4.84729E-04 -1.80427E-03  1.30999E-03 -2.18636E-07  0.00000E+00  1.99578E-06  2.14186E-04 -4.54543E-06 -1.30221E-04  8.69308E-05  1.87277E-05 -7.45023E-05  5.46539E-05  8.01100E-05  1.84243E-04  5.16417E-04  1.83893E-04 -8.02531E-05 -6.03025E-05 -5.40829E-05 -1.27395E-04 -4.89049E-05 -4.30689E-05  1.16444E-05  6.22499E-06  8.84555E-05 -1.33708E-04  1.58411E-04 -2.45536E-05 -8.96785E-05 -6.37211E-05  1.63196E-05 -7.64759E-05  2.10336E-04  8.72629E-05 -1.00967E-04 -1.29099E-05  7.16330E-05 -7.39927E-05  9.21660E-05  1.01550E-04  3.07383E-05
 THETA5        6.98366E-04  1.81930E-04  8.81489E-05 -8.18253E-04  5.28936E-03 -1.16582E-03  5.71631E-04  7.71930E-05 -6.85777E-07  0.00000E+00  2.41082E-06 -1.32833E-04 -6.35679E-05  1.80711E-04 -9.31675E-05 -1.23400E-05 -2.66543E-05  7.01349E-05  3.15035E-05  9.36397E-05  4.43271E-05 -1.06433E-05  2.43995E-05 -5.53318E-05  1.31627E-04  7.36872E-05 -5.02895E-06 -1.39928E-05  3.02481E-05 -1.16817E-04 -4.51304E-05  2.03950E-04 -2.04043E-05  7.64664E-05 -2.99505E-05  1.41980E-04 -1.26150E-04  1.90010E-04  3.69647E-05  2.76158E-05  8.18354E-05  6.28042E-05  5.29591E-05  7.51678E-05 -1.61760E-05  6.54373E-05  8.31727E-05
 THETA6       -9.09469E-04 -7.82479E-05  7.44618E-05  4.84729E-04 -1.16582E-03  6.51829E-03  6.01390E-05 -1.25757E-03  1.41038E-06  0.00000E+00 -1.08937E-06 -4.71570E-05 -9.75173E-06  8.50473E-05  5.83789E-05 -1.04664E-05  7.83240E-05 -1.71910E-04  1.04620E-04 -1.78594E-04  3.26536E-05 -6.25993E-06  2.35053E-05  9.07073E-05 -1.62413E-05 -9.09644E-05  1.24351E-04  1.18041E-04  9.54492E-05  3.06682E-04 -1.42190E-04  1.16544E-04  2.14209E-04 -1.33731E-04  1.88945E-05 -1.41709E-04  6.62926E-05 -1.77657E-04 -1.40712E-05  6.13976E-05 -2.35405E-06 -7.04811E-05  1.76917E-05 -1.24492E-04  2.35135E-04  1.54631E-04  2.59672E-04
 THETA7        6.10853E-04 -1.25891E-03  7.49950E-04 -1.80427E-03  5.71631E-04  6.01390E-05  5.99950E-03  1.47872E-03 -3.25818E-06  0.00000E+00  2.24237E-06 -8.99000E-08 -9.32860E-05  3.54079E-04  7.40630E-05 -4.75833E-06  1.18251E-04 -1.89474E-05  1.70162E-04 -6.37380E-05 -9.68089E-05  5.35568E-05  1.10106E-05  1.03220E-04  9.34730E-05  2.83079E-05  1.11995E-04 -6.69481E-05 -8.19364E-05  1.81095E-05 -9.99300E-05  1.02308E-05  1.37472E-04 -1.52156E-04  6.32150E-05  7.47888E-05 -4.03775E-06 -5.81679E-07 -1.20183E-04  1.29953E-04  6.77798E-05  1.77985E-04 -3.01239E-05  2.88225E-05  2.84712E-05  2.44413E-05  2.55224E-04
 THETA8        2.11952E-03  1.31577E-03  1.28117E-03  1.30999E-03  7.71930E-05 -1.25757E-03  1.47872E-03  5.94345E-03 -5.19099E-07  0.00000E+00  3.51603E-06  7.32410E-06  6.66016E-05  1.24005E-04 -2.65667E-05 -9.38504E-06 -6.70811E-05  1.68246E-04  1.61661E-04  8.27624E-05  3.31197E-05  1.23894E-04 -7.24781E-05  4.60867E-05  6.24909E-05 -2.92763E-05 -5.14419E-05  1.29164E-05 -7.19346E-05  7.82732E-05 -2.30210E-05 -2.63575E-04  3.74040E-05 -1.21201E-04 -7.52885E-05  5.52348E-05 -6.81153E-05  8.91099E-05  1.61891E-04  1.13353E-04 -1.22530E-04  1.10495E-04 -7.73090E-05  9.17278E-05  7.48292E-06  1.19190E-04  9.49536E-05
 SIGMA(1,1)    9.10838E-07 -1.71463E-06  1.00844E-06 -2.18636E-07 -6.85777E-07  1.41038E-06 -3.25818E-06 -5.19099E-07  4.10475E-07  0.00000E+00 -1.88157E-08  6.74177E-07 -1.92106E-07 -4.49080E-07 -3.24060E-07 -1.59488E-06 -1.44714E-06  4.85609E-07 -6.56822E-07 -6.49949E-07  6.49336E-08  8.62708E-07 -8.92350E-07  4.31593E-07 -1.50674E-06  1.55088E-06  1.03320E-06 -7.91706E-07 -1.20494E-06  1.09696E-06 -6.74696E-07  1.04089E-06 -1.65484E-07 -1.69585E-06  1.11892E-06 -8.18593E-07  6.58253E-07 -5.75468E-07  7.42148E-07  7.59044E-07 -1.70587E-06  4.18751E-07 -1.62042E-06 -1.38612E-07  1.47144E-07  4.46751E-07 -1.01038E-06
 SIGMA(2,1)    0.00000E+00  0.00000E+00  0.00000E+00  0.00000E+00  0.00000E+00  0.00000E+00  0.00000E+00  0.00000E+00  0.00000E+00  0.00000E+00  0.00000E+00  0.00000E+00  0.00000E+00  0.00000E+00  0.00000E+00  0.00000E+00  0.00000E+00  0.00000E+00  0.00000E+00  0.00000E+00  0.00000E+00  0.00000E+00  0.00000E+00  0.00000E+00  0.00000E+00  0.00000E+00  0.00000E+00  0.00000E+00  0.00000E+00  0.00000E+00  0.00000E+00  0.00000E+00  0.00000E+00  0.00000E+00  0.00000E+00  0.00000E+00  0.00000E+00  0.00000E+00  0.00000E+00  0.00000E+00  0.00000E+00  0.00000E+00  0.00000E+00  0.00000E+00  0.00000E+00  0.00000E+00  0.00000E+00
 SIGMA(2,2)    2.78995E-06  9.27145E-07 -1.82370E-07  1.99578E-06  2.41082E-06 -1.08937E-06  2.24237E-06  3.51603E-06 -1.88157E-08  0.00000E+00  1.46373E-06 -1.37040E-06 -1.53753E-06 -9.87588E-07  4.54174E-07 -8.15742E-07 -2.08200E-07 -5.39065E-07 -1.04504E-06 -1.24724E-06 -3.81659E-07  2.09358E-06  5.01453E-07 -2.96452E-07  5.32047E-07  8.29469E-07 -1.12031E-06 -1.17931E-06  1.13797E-06 -3.69652E-06  1.62142E-06 -4.76302E-06 -1.40447E-06  2.63797E-06  1.07109E-06 -3.00334E-07 -4.37014E-07 -8.15406E-07 -3.40352E-07 -7.83225E-08 -1.16362E-06  1.21424E-06  6.64215E-07  6.70309E-09  4.85169E-08  2.88381E-07  9.00978E-07
 OMEGA(1,1)    6.17032E-06  6.37589E-05 -1.34008E-04  2.14186E-04 -1.32833E-04 -4.71570E-05 -8.99000E-08  7.32410E-06  6.74177E-07  0.00000E+00 -1.37040E-06  3.87884E-03 -6.83698E-04  1.33811E-04  4.64755E-04 -1.54970E-04 -1.64721E-05  4.46857E-04 -5.10697E-06  7.04276E-05  5.79391E-06  2.74408E-04  6.32881E-05 -4.19756E-05  1.40213E-04  5.79430E-05 -3.72407E-04 -1.08724E-04 -3.69658E-05 -1.55045E-04 -2.84987E-05  1.34444E-04  3.77270E-04 -5.38519E-05  1.06494E-05 -7.16826E-05 -9.26007E-05  4.16199E-05  2.33077E-04  1.21562E-03 -1.63742E-04  1.42126E-04  1.46238E-04  9.89680E-05 -2.06731E-04  4.19550E-05  3.16845E-04
 OMEGA(2,1)   -4.77460E-05  3.35014E-04  4.27761E-05 -4.54543E-06 -6.35679E-05 -9.75173E-06 -9.32860E-05  6.66016E-05 -1.92106E-07  0.00000E+00 -1.53753E-06 -6.83698E-04  1.81940E-03 -8.59783E-04 -9.04890E-05  3.08031E-04  5.42642E-05  2.55379E-04 -3.04653E-05  9.75607E-05  9.49421E-05  9.36634E-05  7.38307E-05 -2.54074E-05 -6.43986E-05 -3.54477E-06 -1.59289E-05 -8.29075E-05  1.83619E-05 -5.51711E-05  2.20670E-05 -2.64082E-05 -4.55156E-04  4.95227E-04 -9.72168E-05 -1.08240E-05 -4.72756E-06 -1.21454E-05 -1.69175E-04  2.31635E-04  5.79345E-04  7.69649E-05  2.12749E-04  6.11459E-05  2.44967E-06 -1.02039E-04  3.14479E-04
 OMEGA(2,2)    4.76017E-05 -1.06230E-03 -9.77696E-06 -1.30221E-04  1.80711E-04  8.50473E-05  3.54079E-04  1.24005E-04 -4.49080E-07  0.00000E+00 -9.87588E-07  1.33811E-04 -8.59783E-04  4.17901E-03 -3.90346E-05 -6.57316E-05  3.80313E-05 -1.06428E-04  1.10187E-03 -4.06227E-05  6.61244E-05  3.60934E-05  1.78830E-04  2.05747E-05  1.52099E-04  1.88707E-04 -1.61103E-05 -1.15400E-04  2.67694E-06  1.12695E-05 -1.80571E-04  2.66151E-04  2.68452E-04 -1.25478E-03  7.32947E-07 -2.56000E-04 -1.01243E-04  1.91665E-04  3.66632E-04  3.40686E-06  8.08086E-04 -2.17396E-05  1.34933E-04  2.64937E-05 -5.74813E-06 -1.84461E-04  1.92598E-04
