TABLE NO.     1: Iterative Two Stage (No Prior): Problem=1 Subproblem=0 Superproblem1=0 Iteration1=0 Superproblem2=0 Iteration2=0
 NAME         THETA1       THETA2       THETA3       THETA4       THETA5       THETA6       THETA7       THETA8       SIGMA(1,1)   SIGMA(2,1)   SIGMA(2,2)   OMEGA(1,1)   OMEGA(2,1)   OMEGA(2,2)   OMEGA(3,1)   OMEGA(3,2)   OMEGA(3,3)   OMEGA(4,1)   OMEGA(4,2)   OMEGA(4,3)   OMEGA(4,4)   OMEGA(5,1)   OMEGA(5,2)   OMEGA(5,3)   OMEGA(5,4)   OMEGA(5,5)   OMEGA(6,1)   OMEGA(6,2)   OMEGA(6,3)   OMEGA(6,4)   OMEGA(6,5)   OMEGA(6,6)   OMEGA(7,1)   OMEGA(7,2)   OMEGA(7,3)   OMEGA(7,4)   OMEGA(7,5)   OMEGA(7,6)   OMEGA(7,7)   OMEGA(8,1)   OMEGA(8,2)   OMEGA(8,3)   OMEGA(8,4)   OMEGA(8,5)   OMEGA(8,6)   OMEGA(8,7)   OMEGA(8,8)
 THETA1        1.20892E-01 -3.20122E-02  3.05099E-02  8.00209E-02 -5.43172E-02 -6.03301E-02 -1.51386E-02  1.04040E-01  9.75425E-04  0.00000E+00  1.32969E-04 -3.00216E-02 -2.11983E-02 -2.80077E-02 -1.08624E-02  6.71332E-03  4.40837E-02 -8.02686E-03 -1.24389E-02  1.31300E-02 -2.46839E-02  1.20491E-02  3.06365E-03  2.82709E-04 -2.21008E-02 -6.37737E-02 -1.69657E-02 -2.38425E-02  1.46541E-02 -2.00226E-02 -8.34876E-03 -3.21715E-02  3.14932E-03 -1.34241E-02 -2.22501E-02 -1.09335E-02  4.44095E-04  1.47078E-02 -8.53558E-03 -3.05345E-02 -3.74308E-02  9.59654E-03 -2.08631E-02  2.50979E-02  5.86002E-02  1.38418E-02 -5.58750E-02
 THETA2       -3.20122E-02  4.97023E-02 -1.46344E-02 -2.44646E-02  2.59513E-02  2.11994E-02 -3.98519E-03 -3.92355E-02 -4.46645E-04  0.00000E+00 -5.76600E-04  5.55957E-03  3.01478E-02 -2.19318E-02 -8.71607E-03  5.56858E-03 -2.51286E-02 -3.26814E-03 -2.96835E-03 -1.34545E-02 -1.02496E-02 -5.78690E-03  6.65745E-05  5.53656E-03  2.35844E-02  3.38325E-02  1.42715E-02  2.33779E-02  2.93813E-03 -5.29012E-03  1.08317E-02  1.44080E-02 -2.53940E-03  1.63752E-02  1.21834E-02  8.77642E-03 -1.85330E-03 -1.67562E-02  1.00782E-02  1.71819E-02  1.60280E-02 -7.72637E-03  2.25505E-03 -1.26688E-02 -1.29157E-02  5.36107E-03  3.56424E-02
 THETA3        3.05099E-02 -1.46344E-02  5.28737E-02 -2.62139E-03 -1.85038E-03 -1.87149E-02  9.13543E-03  1.89568E-02  1.27854E-04  0.00000E+00  2.55346E-04 -2.08134E-02  1.49868E-03 -3.49181E-02  2.87550E-03  1.47151E-02  2.13615E-03  3.48457E-03 -1.34915E-02  8.73544E-03  1.39085E-02 -3.95400E-03 -1.09033E-03 -8.67867E-03 -1.26621E-02 -1.47776E-02 -1.41998E-03 -1.94056E-02 -1.24621E-02 -8.48581E-05 -1.12016E-02 -9.00963E-03 -2.13417E-02 -3.51299E-03 -1.79582E-02 -2.45370E-03 -1.41833E-02  6.48648E-03 -5.16960E-03 -3.52830E-02 -1.72816E-02  1.37309E-03 -1.30305E-02 -8.77973E-03  9.03162E-03 -9.18525E-03 -3.65922E-02
 THETA4        8.00209E-02 -2.44646E-02 -2.62139E-03  9.57338E-02 -4.91056E-02 -3.81892E-02 -2.22752E-02  9.26504E-02  9.10794E-04  0.00000E+00  2.55788E-05 -9.47720E-03 -2.76196E-02  1.04922E-03 -7.95628E-03 -1.00889E-02  3.89992E-02 -1.21603E-02  2.02155E-03  1.04266E-02 -2.47304E-02  1.65291E-02 -1.85029E-03  3.36559E-03 -1.71007E-02 -5.85703E-02 -1.75548E-02 -1.34689E-02  1.53548E-02 -1.59943E-02 -5.40690E-03 -2.64082E-02  2.38521E-02 -1.41589E-02 -9.69897E-03 -6.25799E-03  1.07803E-02  9.51096E-03 -2.57959E-03 -7.76167E-04 -2.64946E-02  8.04578E-03 -7.53370E-03  3.05059E-02  4.66431E-02  2.34377E-02 -2.58057E-02
 THETA5       -5.43172E-02  2.59513E-02 -1.85038E-03 -4.91056E-02  4.60248E-02  3.27667E-02  1.17293E-02 -5.85002E-02 -5.83782E-04  0.00000E+00 -2.15047E-04  1.21227E-02  2.22963E-02 -8.31255E-03  3.48339E-03  5.02314E-03 -3.07582E-02  3.84870E-03 -1.06864E-03 -8.37604E-03  1.12093E-02 -6.65188E-03 -8.47708E-04 -5.54340E-04  1.70415E-02  4.05209E-02  1.28817E-02  1.64232E-02 -1.25651E-02  8.78387E-03  3.47637E-03  1.80485E-02 -7.05037E-03  1.32810E-02  7.51353E-03  9.46912E-03 -3.23438E-03 -1.36163E-02  5.23775E-03  1.25582E-02  1.75697E-02 -6.69221E-03  5.71521E-03 -1.80481E-02 -3.05370E-02 -4.98152E-03  3.29518E-02
 THETA6       -6.03301E-02  2.11994E-02 -1.87149E-02 -3.81892E-02  3.27667E-02  7.07787E-02  1.08092E-02 -5.60211E-02 -5.12599E-04  0.00000E+00 -1.93660E-04  1.55707E-02  1.72467E-02  1.82411E-02  2.99700E-03 -5.87582E-03 -2.46062E-02 -3.46895E-03  1.34666E-02 -1.56113E-02  3.51074E-03  7.71467E-03 -2.36845E-03  9.41353E-03  2.65011E-02  3.40750E-02  5.42490E-03  2.71123E-02 -1.54256E-02  1.29586E-02  5.92396E-03  2.74732E-02  8.59324E-04  5.86302E-03  1.53626E-02  1.02811E-02  1.20617E-03 -1.17317E-02  1.54178E-03  2.80526E-02  1.95343E-02 -3.30359E-03  1.05049E-02 -9.26630E-03 -3.18751E-02  9.97822E-04  4.62355E-02
 THETA7       -1.51386E-02 -3.98519E-03  9.13543E-03 -2.22752E-02  1.17293E-02  1.08092E-02  2.25677E-02 -1.05960E-02 -1.74538E-04  0.00000E+00  1.93761E-04  5.24989E-04 -2.96619E-03  2.80237E-03  4.53826E-03  3.92261E-03 -6.47641E-03  6.73228E-03 -5.31956E-03  3.83636E-03  8.72181E-03 -6.59619E-03  3.14303E-03 -4.30006E-03 -1.84015E-03  7.77168E-03  2.12425E-03 -2.86323E-03 -1.12642E-02  1.27798E-02 -4.77663E-03  4.64041E-03 -7.51781E-03  1.30756E-03 -4.78100E-03  5.83008E-03 -3.38217E-03 -6.95807E-04 -8.21360E-03 -5.56085E-03  7.33394E-04 -8.85494E-04  1.69530E-03 -5.34672E-03 -1.23161E-02 -9.50032E-03 -2.59364E-03
 THETA8        1.04040E-01 -3.92355E-02  1.89568E-02  9.26504E-02 -5.85002E-02 -5.60211E-02 -1.05960E-02  1.44441E-01  1.13345E-03  0.00000E+00  6.04781E-04 -1.84983E-02 -5.39800E-02  1.18839E-02 -8.73127E-05 -1.15182E-02  6.05499E-02 -8.50044E-03 -6.50571E-03  2.17285E-02 -1.95940E-02  9.43897E-03  1.83293E-03 -4.41893E-03 -3.88778E-02 -9.59161E-02 -1.45956E-02 -2.78339E-02  1.35062E-02 -1.33568E-03 -1.28150E-02 -3.36371E-02  2.44488E-02 -2.30589E-02 -2.24064E-02 -7.46365E-03  1.24220E-02  1.65764E-02 -2.40937E-02 -1.93345E-02 -4.64393E-02  1.36269E-02 -1.57487E-02  3.85571E-02  6.28896E-02  1.53475E-02 -6.22931E-02
 SIGMA(1,1)    9.75425E-04 -4.46645E-04  1.27854E-04  9.10794E-04 -5.83782E-04 -5.12599E-04 -1.74538E-04  1.13345E-03  1.17490E-05  0.00000E+00  3.83277E-06 -1.71697E-04 -4.00972E-04  6.71397E-05 -2.26457E-05 -1.15305E-04  5.19482E-04 -1.00087E-04  1.12234E-06  1.62153E-04 -1.74209E-04  1.66328E-04  5.20514E-06 -1.09908E-05 -2.93038E-04 -7.28942E-04 -1.92125E-04 -2.62137E-04  1.35123E-04 -8.75777E-05 -1.01866E-04 -3.36567E-04  1.81893E-04 -2.09018E-04 -1.63467E-04 -1.05762E-04  1.11743E-04  1.62910E-04 -1.45316E-04 -1.77422E-04 -3.54610E-04  1.24569E-04 -1.25162E-04  3.44980E-04  5.34200E-04  1.46802E-04 -5.14075E-04
 SIGMA(2,1)    0.00000E+00  0.00000E+00  0.00000E+00  0.00000E+00  0.00000E+00  0.00000E+00  0.00000E+00  0.00000E+00  0.00000E+00  0.00000E+00  0.00000E+00  0.00000E+00  0.00000E+00  0.00000E+00  0.00000E+00  0.00000E+00  0.00000E+00  0.00000E+00  0.00000E+00  0.00000E+00  0.00000E+00  0.00000E+00  0.00000E+00  0.00000E+00  0.00000E+00  0.00000E+00  0.00000E+00  0.00000E+00  0.00000E+00  0.00000E+00  0.00000E+00  0.00000E+00  0.00000E+00  0.00000E+00  0.00000E+00  0.00000E+00  0.00000E+00  0.00000E+00  0.00000E+00  0.00000E+00  0.00000E+00  0.00000E+00  0.00000E+00  0.00000E+00  0.00000E+00  0.00000E+00  0.00000E+00
 SIGMA(2,2)    1.32969E-04 -5.76600E-04  2.55346E-04  2.55788E-05 -2.15047E-04 -1.93660E-04  1.93761E-04  6.04781E-04  3.83277E-06  0.00000E+00  1.82521E-05 -5.63880E-05 -7.22908E-04  6.17415E-04  2.94612E-04 -1.76019E-04  4.04770E-04  1.34908E-04 -5.18270E-05  2.54540E-04  2.81730E-04 -6.96199E-05  2.49283E-07 -1.06297E-04 -4.95123E-04 -7.95371E-04 -1.61295E-04 -4.51251E-04 -2.29918E-04  3.36614E-04 -1.94153E-04 -8.87100E-05  5.92136E-05 -2.79451E-04 -2.00750E-04 -5.41301E-05  1.01761E-04  1.92719E-04 -3.23650E-04 -2.96756E-04 -3.33574E-04  1.44111E-04  1.17245E-05  1.84223E-04 -2.56856E-05 -1.96652E-04 -6.45518E-04
 OMEGA(1,1)   -3.00216E-02  5.55957E-03 -2.08134E-02 -9.47720E-03  1.21227E-02  1.55707E-02  5.24989E-04 -1.84983E-02 -1.71697E-04  0.00000E+00 -5.63880E-05  2.25808E-02 -4.09474E-03  2.07917E-02  6.83006E-03 -9.67691E-03 -6.32000E-03  5.69211E-04  6.07813E-03 -2.58140E-03  3.44696E-03  3.86382E-04  6.74008E-04  1.00022E-03  4.64180E-03  1.71654E-02  3.03321E-03  9.41318E-03  6.75692E-05  7.17462E-03  3.02691E-03  4.31702E-03  1.41002E-02  3.30106E-03  1.03352E-02  4.85067E-03  7.63488E-03 -6.05703E-03  1.19944E-03  2.17472E-02  1.13561E-02 -3.28796E-04  8.17456E-03  2.35531E-03 -1.32316E-02  3.33092E-03  2.39153E-02
 OMEGA(2,1)   -2.11983E-02  3.01478E-02  1.49868E-03 -2.76196E-02  2.22963E-02  1.72467E-02 -2.96619E-03 -5.39800E-02 -4.00972E-04  0.00000E+00 -7.22908E-04 -4.09474E-03  4.93927E-02 -4.20828E-02 -1.32090E-02  1.45057E-02 -3.05029E-02 -3.49130E-03  2.44006E-03 -1.53346E-02 -2.72318E-03  1.20429E-03 -4.33045E-03  4.00137E-03  2.75466E-02  4.80264E-02  8.64313E-03  1.95000E-02  1.49113E-03 -1.71093E-02  7.98600E-03  1.26194E-02 -1.74515E-02  1.46939E-02  8.76711E-03  1.65643E-03 -1.23368E-02 -9.48423E-03  1.94913E-02  7.14783E-03  1.88121E-02 -8.92786E-03 -8.78160E-04 -2.20328E-02 -1.15739E-02  2.62214E-03  3.09746E-02
 OMEGA(2,2)   -2.80077E-02 -2.19318E-02 -3.49181E-02  1.04922E-03 -8.31255E-03  1.82411E-02  2.80237E-03  1.18839E-02  6.71397E-05  0.00000E+00  6.17415E-04  2.07917E-02 -4.20828E-02  7.85163E-02  1.55861E-02 -2.61344E-02  1.95643E-02  1.85019E-03  1.66896E-02  3.91008E-03  6.83073E-03  4.71887E-03  1.84952E-03  2.67358E-03 -1.36997E-02 -2.16595E-02 -7.26860E-03 -2.34856E-03 -1.04726E-03  2.29509E-02 -3.97687E-04  5.46793E-03  2.31464E-02 -1.44214E-02  8.61445E-03 -1.86885E-03  1.75346E-02  7.03389E-03 -1.40681E-02  1.77923E-02  3.23322E-03  6.54997E-03  1.41517E-02  1.90534E-02 -1.04842E-02 -4.99666E-03  7.69463E-04
 OMEGA(3,1)   -1.08624E-02 -8.71607E-03  2.87550E-03 -7.95628E-03  3.48339E-03  2.99700E-03  4.53826E-03 -8.73127E-05 -2.26457E-05  0.00000E+00  2.94612E-04  6.83006E-03 -1.32090E-02  1.55861E-02  1.10993E-02 -6.49607E-03  2.60536E-03  3.20811E-03  2.31036E-04  4.27492E-03  1.11234E-02 -1.62811E-03  4.56898E-04 -3.26056E-03 -7.06226E-03 -3.69758E-03 -2.86013E-04 -6.09951E-03 -6.45618E-03  1.04119E-02 -3.61819E-03 -6.24222E-04  3.17520E-03 -3.72487E-03 -4.26543E-05  9.54293E-04  2.84399E-03  1.57076E-03 -6.48708E-03 -1.92324E-03 -1.07491E-03  2.58015E-03  2.39289E-03  2.19256E-03 -7.50377E-03 -5.69548E-03 -5.69423E-03
 OMEGA(3,2)    6.71332E-03  5.56858E-03  1.47151E-02 -1.00889E-02  5.02314E-03 -5.87582E-03  3.92261E-03 -1.15182E-02 -1.15305E-04  0.00000E+00 -1.76019E-04 -9.67691E-03  1.45057E-02 -2.61344E-02 -6.49607E-03  1.52085E-02 -8.47447E-03  2.67643E-03 -8.98563E-03 -2.53011E-04 -1.82115E-03 -5.73601E-03  2.37520E-03 -1.66474E-03  3.33340E-03  9.63459E-03  2.90830E-03 -8.81213E-05 -1.05799E-03 -4.92274E-03 -1.74195E-04  4.33339E-04 -1.32217E-02  6.16781E-03 -6.47477E-03  4.78717E-05 -8.95842E-03 -8.40039E-04  4.08123E-03 -1.08524E-02 -5.38722E-04 -2.93077E-03 -5.51311E-03 -9.21454E-03  7.39640E-04 -2.65735E-03 -3.48539E-03
 OMEGA(3,3)    4.40837E-02 -2.51286E-02  2.13615E-03  3.89992E-02 -3.07582E-02 -2.46062E-02 -6.47641E-03  6.05499E-02  5.19482E-04  0.00000E+00  4.04770E-04 -6.32000E-03 -3.05029E-02  1.95643E-02  2.60536E-03 -8.47447E-03  3.23949E-02 -3.03113E-03  9.06252E-04  9.40340E-03 -6.73835E-03  6.89054E-03  9.11933E-04 -1.16283E-04 -1.97249E-02 -4.59005E-02 -1.03857E-02 -1.41523E-02  7.23385E-03  6.30359E-04 -5.12444E-03 -1.33328E-02  1.24480E-02 -1.36017E-02 -7.70494E-03 -7.21450E-03  8.04369E-03  1.09665E-02 -1.11063E-02 -8.16604E-03 -1.94581E-02  8.31772E-03 -4.68404E-03  2.04204E-02  2.59912E-02  4.41091E-03 -3.01509E-02
 OMEGA(4,1)   -8.02686E-03 -3.26814E-03  3.48457E-03 -1.21603E-02  3.84870E-03 -3.46895E-03  6.73228E-03 -8.50044E-03 -1.00087E-04  0.00000E+00  1.34908E-04  5.69211E-04 -3.49130E-03  1.85019E-03  3.20811E-03  2.67643E-03 -3.03113E-03  7.52515E-03 -5.99796E-03  3.96780E-03  5.26074E-03 -8.39098E-03  2.54742E-03 -3.49003E-03 -3.81783E-03  1.29629E-03  1.95458E-03 -6.12687E-03 -4.28805E-03  5.42498E-03 -1.96334E-03  1.48601E-04 -4.90965E-03  6.70525E-04 -3.40124E-03  1.67888E-03 -1.74384E-03  5.74753E-04 -2.71361E-03 -5.83973E-03  2.00759E-04 -7.23622E-04  1.26498E-03 -3.39824E-03 -7.68128E-03 -6.94016E-03 -5.40949E-03
 OMEGA(4,2)   -1.24389E-02 -2.96835E-03 -1.34915E-02  2.02155E-03 -1.06864E-03  1.34666E-02 -5.31956E-03 -6.50571E-03  1.12234E-06  0.00000E+00 -5.18270E-05  6.07813E-03  2.44006E-03  1.66896E-02  2.31036E-04 -8.98563E-03  9.06252E-04 -5.99796E-03  1.72716E-02 -6.43785E-03  3.86332E-03  1.17606E-02 -6.37996E-03  4.43194E-03  4.90103E-03  6.27657E-03 -3.79807E-03  8.26606E-03  3.87081E-03 -3.84852E-03  2.70995E-03  6.15559E-03  6.27679E-03 -4.27058E-03  9.63494E-03 -4.03723E-03  2.48960E-03  2.02807E-03  5.23257E-03  1.29420E-02  7.48589E-03  5.11605E-04  6.44359E-03  1.43505E-03 -1.57287E-03  3.77767E-03  1.27790E-02
 OMEGA(4,3)    1.31300E-02 -1.34545E-02  8.73544E-03  1.04266E-02 -8.37604E-03 -1.56113E-02  3.83636E-03  2.17285E-02  1.62153E-04  0.00000E+00  2.54540E-04 -2.58140E-03 -1.53346E-02  3.91008E-03  4.27492E-03 -2.53011E-04  9.40340E-03  3.96780E-03 -6.43785E-03  1.06361E-02  3.23858E-03 -4.74328E-03  3.21600E-03 -6.22380E-03 -1.41060E-02 -1.60472E-02 -2.20354E-03 -1.27603E-02 -1.69476E-03  5.66927E-03 -5.66645E-03 -1.03055E-02  1.54575E-03 -4.24191E-03 -9.25077E-03 -5.10915E-04  8.57327E-04  4.51465E-03 -6.17448E-03 -1.04365E-02 -9.10122E-03  1.94385E-03 -2.24808E-03  5.61551E-03  6.15773E-03 -3.52332E-03 -1.95658E-02
 OMEGA(4,4)   -2.46839E-02 -1.02496E-02  1.39085E-02 -2.47304E-02  1.12093E-02  3.51074E-03  8.72181E-03 -1.95940E-02 -1.74209E-04  0.00000E+00  2.81730E-04  3.44696E-03 -2.72318E-03  6.83073E-03  1.11234E-02 -1.82115E-03 -6.73835E-03  5.26074E-03  3.86332E-03  3.23858E-03  2.83192E-02 -2.12585E-03 -3.23472E-03 -6.68916E-03 -8.31829E-03  1.13664E-02 -5.31882E-04 -9.22146E-03 -9.72371E-03  7.51800E-03 -5.30297E-03  1.20129E-03 -7.23200E-03 -3.12625E-03 -5.73858E-04 -2.97501E-03 -4.60889E-03  4.18155E-03  1.08595E-03 -8.27929E-03  4.21856E-03 -6.33898E-04  4.63163E-03 -8.33078E-03 -1.54594E-02 -1.20321E-02 -6.96710E-03
 OMEGA(5,1)    1.20491E-02 -5.78690E-03 -3.95400E-03  1.65291E-02 -6.65188E-03  7.71467E-03 -6.59619E-03  9.43897E-03  1.66328E-04  0.00000E+00 -6.96199E-05  3.86382E-04  1.20429E-03  4.71887E-03 -1.62811E-03 -5.73601E-03  6.89054E-03 -8.39098E-03  1.17606E-02 -4.74328E-03 -2.12585E-03  1.95720E-02 -4.59497E-03  6.77174E-03  4.45963E-03 -3.23012E-03 -9.01692E-03  4.84709E-03  2.52743E-03 -8.19880E-03  2.24061E-04  1.16718E-03  6.40742E-03 -4.98860E-03  4.96026E-03 -4.69743E-03  2.45473E-03  2.66374E-03  4.25209E-03  7.18284E-03 -5.80910E-04  2.97047E-03  1.08415E-03  8.10092E-03  7.12064E-03  7.98703E-03  5.63373E-03
 OMEGA(5,2)    3.06365E-03  6.65745E-05 -1.09033E-03 -1.85029E-03 -8.47708E-04 -2.36845E-03  3.14303E-03  1.83293E-03  5.20514E-06  0.00000E+00  2.49283E-07  6.74008E-04 -4.33045E-03  1.84952E-03  4.56898E-04  2.37520E-03  9.11933E-04  2.54742E-03 -6.37996E-03  3.21600E-03 -3.23472E-03 -4.59497E-03  8.25014E-03 -2.11324E-03 -1.75355E-03  2.76578E-03  1.92871E-03 -1.76474E-03  3.31389E-04  6.00478E-03  3.24067E-04 -4.61534E-03 -2.44399E-04  2.12661E-03 -3.27394E-03  1.78590E-03  1.27668E-03 -8.97679E-04 -3.39897E-03 -3.83186E-03 -8.30952E-06 -6.25729E-06 -2.01272E-03  3.98538E-03 -3.08007E-04 -2.53117E-03 -3.83925E-03
 OMEGA(5,3)    2.82709E-04  5.53656E-03 -8.67867E-03  3.36559E-03 -5.54340E-04  9.41353E-03 -4.30006E-03 -4.41893E-03 -1.09908E-05  0.00000E+00 -1.06297E-04  1.00022E-03  4.00137E-03  2.67358E-03 -3.26056E-03 -1.66474E-03 -1.16283E-04 -3.49003E-03  4.43194E-03 -6.22380E-03 -6.68916E-03  6.77174E-03 -2.11324E-03  7.43786E-03  7.70881E-03 -5.66696E-04 -2.68754E-03  6.90587E-03  1.04210E-03 -4.62381E-03  3.26164E-03  6.37803E-03  3.02216E-03  2.79378E-06  5.36940E-03 -2.16746E-04  2.09780E-03 -1.88178E-03  2.87387E-03  8.61538E-03  2.01685E-03  6.84335E-04  1.69117E-03  1.97388E-03 -3.35352E-04  5.41418E-03  1.11824E-02
 OMEGA(5,4)   -2.21008E-02  2.35844E-02 -1.26621E-02 -1.71007E-02  1.70415E-02  2.65011E-02 -1.84015E-03 -3.88778E-02 -2.93038E-04  0.00000E+00 -4.95123E-04  4.64180E-03  2.75466E-02 -1.36997E-02 -7.06226E-03  3.33340E-03 -1.97249E-02 -3.81783E-03  4.90103E-03 -1.41060E-02 -8.31829E-03  4.45963E-03 -1.75355E-03  7.70881E-03  2.71964E-02  3.13535E-02  5.40620E-03  2.16592E-02  1.01980E-04 -6.71225E-03  7.99593E-03  1.52665E-02 -4.84566E-03  1.00152E-02  1.22074E-02  5.25212E-03 -2.40921E-03 -9.76318E-03  8.45522E-03  1.52278E-02  1.48862E-02 -4.01042E-03  2.84825E-03 -9.51074E-03 -1.23427E-02  4.73503E-03  3.33686E-02
 OMEGA(5,5)   -6.37737E-02  3.38325E-02 -1.47776E-02 -5.85703E-02  4.05209E-02  3.40750E-02  7.77168E-03 -9.59161E-02 -7.28942E-04  0.00000E+00 -7.95371E-04  1.71654E-02  4.80264E-02 -2.16595E-02 -3.69758E-03  9.63459E-03 -4.59005E-02  1.29629E-03  6.27657E-03 -1.60472E-02  1.13664E-02 -3.23012E-03  2.76578E-03 -5.66696E-04  3.13535E-02  9.34424E-02  1.45948E-02  2.69445E-02  2.13481E-04 -3.14240E-03  1.06461E-02  1.43493E-02 -1.49135E-02  2.22433E-02  1.83417E-02  6.89163E-03 -9.67451E-03 -1.43713E-02  1.97601E-02  1.67453E-02  3.93267E-02 -1.18250E-02  8.72733E-03 -2.58287E-02 -3.57850E-02 -6.93154E-03  4.97986E-02
 OMEGA(6,1)   -1.69657E-02  1.42715E-02 -1.41998E-03 -1.75548E-02  1.28817E-02  5.42490E-03  2.12425E-03 -1.45956E-02 -1.92125E-04  0.00000E+00 -1.61295E-04  3.03321E-03  8.64313E-03 -7.26860E-03 -2.86013E-04  2.90830E-03 -1.03857E-02  1.95458E-03 -3.79807E-03 -2.20354E-03 -5.31882E-04 -9.01692E-03  1.92871E-03 -2.68754E-03  5.40620E-03  1.45948E-02  1.25941E-02  7.18337E-03  1.66954E-03  4.42146E-03  3.37523E-03  3.97697E-03 -2.83718E-03  6.89002E-03  2.83836E-03  4.57664E-03 -1.52886E-03 -6.05061E-03 -1.64757E-03  1.83534E-03  6.22811E-03 -2.96552E-03 -1.04000E-03 -7.43207E-03 -4.61762E-03 -2.62283E-03  8.41344E-03
 OMEGA(6,2)   -2.38425E-02  2.33779E-02 -1.94056E-02 -1.34689E-02  1.64232E-02  2.71123E-02 -2.86323E-03 -2.78339E-02 -2.62137E-04  0.00000E+00 -4.51251E-04  9.41318E-03  1.95000E-02 -2.34856E-03 -6.09951E-03 -8.81213E-05 -1.41523E-02 -6.12687E-03  8.26606E-03 -1.27603E-02 -9.22146E-03  4.84709E-03 -1.76474E-03  6.90587E-03  2.16592E-02  2.69445E-02  7.18337E-03  2.62154E-02  5.06333E-03 -2.83635E-03  8.76897E-03  1.42094E-02  4.03138E-03  9.46472E-03  1.28388E-02  4.46759E-03  1.73246E-03 -9.70732E-03  5.75137E-03  2.17788E-02  1.39028E-02 -3.26529E-03  3.85401E-03 -5.38884E-03 -6.00343E-03  7.39182E-03  3.42438E-02
 OMEGA(6,3)    1.46541E-02  2.93813E-03 -1.24621E-02  1.53548E-02 -1.25651E-02 -1.54256E-02 -1.12642E-02  1.35062E-02  1.35123E-04  0.00000E+00 -2.29918E-04  6.75692E-05  1.49113E-03 -1.04726E-03 -6.45618E-03 -1.05799E-03  7.23385E-03 -4.28805E-03  3.87081E-03 -1.69476E-03 -9.72371E-03  2.52743E-03  3.31389E-04  1.04210E-03  1.01980E-04  2.13481E-04  1.66954E-03  5.06333E-03  1.78748E-02 -1.01280E-02  5.39661E-03 -5.36641E-03  6.92858E-03  1.29049E-03  4.16023E-03 -4.78483E-03  2.65131E-03  1.80710E-03  3.97944E-03  4.53162E-03  1.74308E-03  1.52790E-04 -1.08237E-03  5.07187E-03  1.52954E-02  5.80565E-03  8.51342E-04
 OMEGA(6,4)   -2.00226E-02 -5.29012E-03 -8.48581E-05 -1.59943E-02  8.78387E-03  1.29586E-02  1.27798E-02 -1.33568E-03 -8.75777E-05  0.00000E+00  3.36614E-04  7.17462E-03 -1.71093E-02  2.29509E-02  1.04119E-02 -4.92274E-03  6.30359E-04  5.42498E-03 -3.84852E-03  5.66927E-03  7.51800E-03 -8.19880E-03  6.00478E-03 -4.62381E-03 -6.71225E-03 -3.14240E-03  4.42146E-03 -2.83635E-03 -1.01280E-02  2.33958E-02 -3.88420E-03  3.47795E-03  1.19016E-03 -1.78643E-03 -2.56279E-03  6.10794E-03  3.96885E-03 -1.28697E-03 -1.42769E-02 -2.76055E-03 -4.29517E-04  1.56703E-03  1.71103E-03  2.34883E-03 -1.13905E-02 -9.35044E-03 -5.24934E-03
 OMEGA(6,5)   -8.34876E-03  1.08317E-02 -1.12016E-02 -5.40690E-03  3.47637E-03  5.92396E-03 -4.77663E-03 -1.28150E-02 -1.01866E-04  0.00000E+00 -1.94153E-04  3.02691E-03  7.98600E-03 -3.97687E-04 -3.61819E-03 -1.74195E-04 -5.12444E-03 -1.96334E-03  2.70995E-03 -5.66645E-03 -5.30297E-03  2.24061E-04  3.24067E-04  3.26164E-03  7.99593E-03  1.06461E-02  3.37523E-03  8.76897E-03  5.39661E-03 -3.88420E-03  6.75592E-03  2.78329E-03  1.89115E-03  4.42300E-03  6.11105E-03  2.21213E-04  1.60997E-03 -3.90003E-03  4.18692E-03  8.36809E-03  6.70555E-03 -1.50017E-03  1.78984E-03 -2.10006E-03 -2.45421E-03  2.82055E-03  1.33237E-02
 OMEGA(6,6)   -3.21715E-02  1.44080E-02 -9.00963E-03 -2.64082E-02  1.80485E-02  2.74732E-02  4.64041E-03 -3.36371E-02 -3.36567E-04  0.00000E+00 -8.87100E-05  4.31702E-03  1.26194E-02  5.46793E-03 -6.24222E-04  4.33339E-04 -1.33328E-02  1.48601E-04  6.15559E-03 -1.03055E-02  1.20129E-03  1.16718E-03 -4.61534E-03  6.37803E-03  1.52665E-02  1.43493E-02  3.97697E-03  1.42094E-02 -5.36641E-03  3.47795E-03  2.78329E-03  2.41620E-02 -5.24252E-03  3.36585E-03  9.74296E-03  3.44148E-03 -2.04066E-03 -4.46768E-03  1.95343E-03  1.05203E-02  1.03587E-02 -1.92056E-03  5.08879E-03 -9.44863E-03 -1.69409E-02 -2.21857E-03  2.19015E-02
 OMEGA(7,1)    3.14932E-03 -2.53940E-03 -2.13417E-02  2.38521E-02 -7.05037E-03  8.59324E-04 -7.51781E-03  2.44488E-02  1.81893E-04  0.00000E+00  5.92136E-05  1.41002E-02 -1.74515E-02  2.31464E-02  3.17520E-03 -1.32217E-02  1.24480E-02 -4.90965E-03  6.27679E-03  1.54575E-03 -7.23200E-03  6.40742E-03 -2.44399E-04  3.02216E-03 -4.84566E-03 -1.49135E-02 -2.83718E-03  4.03138E-03  6.92858E-03  1.19016E-03  1.89115E-03 -5.24252E-03  2.57655E-02 -3.18993E-03  4.77670E-03  1.11014E-03  1.27963E-02 -2.13253E-03 -1.78471E-03  2.15308E-02 -2.59645E-03  3.51661E-03  4.25640E-03  1.55039E-02  8.03456E-03  1.31351E-02  1.10731E-02
 OMEGA(7,2)   -1.34241E-02  1.63752E-02 -3.51299E-03 -1.41589E-02  1.32810E-02  5.86302E-03  1.30756E-03 -2.30589E-02 -2.09018E-04  0.00000E+00 -2.79451E-04  3.30106E-03  1.46939E-02 -1.44214E-02 -3.72487E-03  6.16781E-03 -1.36017E-02  6.70525E-04 -4.27058E-03 -4.24191E-03 -3.12625E-03 -4.98860E-03  2.12661E-03  2.79378E-06  1.00152E-02  2.22433E-02  6.89002E-03  9.46472E-03  1.29049E-03 -1.78643E-03  4.42300E-03  3.36585E-03 -3.18993E-03  1.09631E-02  3.11433E-03  4.60112E-03 -1.46689E-03 -7.65195E-03  4.18260E-03  5.66226E-03  8.34714E-03 -3.59520E-03  5.40289E-04 -7.51370E-03 -7.41944E-03  1.30081E-03  1.63038E-02
 OMEGA(7,3)   -2.22501E-02  1.21834E-02 -1.79582E-02 -9.69897E-03  7.51353E-03  1.53626E-02 -4.78100E-03 -2.24064E-02 -1.63467E-04  0.00000E+00 -2.00750E-04  1.03352E-02  8.76711E-03  8.61445E-03 -4.26543E-05 -6.47477E-03 -7.70494E-03 -3.40124E-03  9.63494E-03 -9.25077E-03 -5.73858E-04  4.96026E-03 -3.27394E-03  5.36940E-03  1.22074E-02  1.83417E-02  2.83836E-03  1.28388E-02  4.16023E-03 -2.56279E-03  6.11105E-03  9.74296E-03  4.77670E-03  3.11433E-03  1.40138E-02  1.02919E-03  3.17621E-03 -4.57162E-03  5.48614E-03  1.56574E-02  1.26065E-02 -8.98174E-04  5.89427E-03 -2.23010E-03 -8.92727E-03  3.10625E-03  2.29198E-02
 OMEGA(7,4)   -1.09335E-02  8.77642E-03 -2.45370E-03 -6.25799E-03  9.46912E-03  1.02811E-02  5.83008E-03 -7.46365E-03 -1.05762E-04  0.00000E+00 -5.41301E-05  4.85067E-03  1.65643E-03 -1.86885E-03  9.54293E-04  4.78717E-05 -7.21450E-03  1.67888E-03 -4.03723E-03 -5.10915E-04 -2.97501E-03 -4.69743E-03  1.78590E-03 -2.16746E-04  5.25212E-03  6.89163E-03  4.57664E-03  4.46759E-03 -4.78483E-03  6.10794E-03  2.21213E-04  3.44148E-03  1.11014E-03  4.60112E-03  1.02919E-03  8.90794E-03  8.22079E-04 -6.52701E-03 -4.12993E-03  5.32661E-03  2.65570E-03 -1.31727E-03  1.50488E-03 -2.08150E-03 -7.31324E-03  1.20784E-03  1.02623E-02
 OMEGA(7,5)    4.44095E-04 -1.85330E-03 -1.41833E-02  1.07803E-02 -3.23438E-03  1.20617E-03 -3.38217E-03  1.24220E-02  1.11743E-04  0.00000E+00  1.01761E-04  7.63488E-03 -1.23368E-02  1.75346E-02  2.84399E-03 -8.95842E-03  8.04369E-03 -1.74384E-03  2.48960E-03  8.57327E-04 -4.60889E-03  2.45473E-03  1.27668E-03  2.09780E-03 -2.40921E-03 -9.67451E-03 -1.52886E-03  1.73246E-03  2.65131E-03  3.96885E-03  1.60997E-03 -2.04066E-03  1.27963E-02 -1.46689E-03  3.17621E-03  8.22079E-04  1.03332E-02 -1.80867E-03 -3.73360E-03  1.03744E-02 -1.35736E-03  2.75260E-03  2.89554E-03  9.83264E-03  1.74575E-03  4.98957E-03  5.13758E-03
 OMEGA(7,6)    1.47078E-02 -1.67562E-02  6.48648E-03  9.51096E-03 -1.36163E-02 -1.17317E-02 -6.95807E-04  1.65764E-02  1.62910E-04  0.00000E+00  1.92719E-04 -6.05703E-03 -9.48423E-03  7.03389E-03  1.57076E-03 -8.40039E-04  1.09665E-02  5.74753E-04  2.02807E-03  4.51465E-03  4.18155E-03  2.66374E-03 -8.97679E-04 -1.88178E-03 -9.76318E-03 -1.43713E-02 -6.05061E-03 -9.70732E-03  1.80710E-03 -1.28697E-03 -3.90003E-03 -4.46768E-03 -2.13253E-03 -7.65195E-03 -4.57162E-03 -6.52701E-03 -1.80867E-03  1.04840E-02 -1.83843E-03 -1.03048E-02 -6.36388E-03  2.27870E-03 -1.57390E-03  3.74787E-03  8.29941E-03 -4.46718E-03 -1.89555E-02
 OMEGA(7,7)   -8.53558E-03  1.00782E-02 -5.16960E-03 -2.57959E-03  5.23775E-03  1.54178E-03 -8.21360E-03 -2.40937E-02 -1.45316E-04  0.00000E+00 -3.23650E-04  1.19944E-03  1.94913E-02 -1.40681E-02 -6.48708E-03  4.08123E-03 -1.11063E-02 -2.71361E-03  5.23257E-03 -6.17448E-03  1.08595E-03  4.25209E-03 -3.39897E-03  2.87387E-03  8.45522E-03  1.97601E-02 -1.64757E-03  5.75137E-03  3.97944E-03 -1.42769E-02  4.18692E-03  1.95343E-03 -1.78471E-03  4.18260E-03  5.48614E-03 -4.12993E-03 -3.73360E-03 -1.83843E-03  2.10394E-02  7.97805E-03  9.31219E-03 -4.23507E-03  2.72305E-03 -6.22860E-03 -4.61061E-03  5.94237E-03  1.60936E-02
 OMEGA(8,1)   -3.05345E-02  1.71819E-02 -3.52830E-02 -7.76167E-04  1.25582E-02  2.80526E-02 -5.56085E-03 -1.93345E-02 -1.77422E-04  0.00000E+00 -2.96756E-04  2.17472E-02  7.14783E-03  1.77923E-02 -1.92324E-03 -1.08524E-02 -8.16604E-03 -5.83973E-03  1.29420E-02 -1.04365E-02 -8.27929E-03  7.18284E-03 -3.83186E-03  8.61538E-03  1.52278E-02  1.67453E-02  1.83534E-03  2.17788E-02  4.53162E-03 -2.76055E-03  8.36809E-03  1.05203E-02  2.15308E-02  5.66226E-03  1.56574E-02  5.32661E-03  1.03744E-02 -1.03048E-02  7.97805E-03  4.02389E-02  1.36782E-02 -1.60515E-03  1.05298E-02  3.23232E-03 -9.77450E-03  1.55380E-02  4.43801E-02
 OMEGA(8,2)   -3.74308E-02  1.60280E-02 -1.72816E-02 -2.64946E-02  1.75697E-02  1.95343E-02  7.33394E-04 -4.64393E-02 -3.54610E-04  0.00000E+00 -3.33574E-04  1.13561E-02  1.88121E-02  3.23322E-03 -1.07491E-03 -5.38722E-04 -1.94581E-02  2.00759E-04  7.48589E-03 -9.10122E-03  4.21856E-03 -5.80910E-04 -8.30952E-06  2.01685E-03  1.48862E-02  3.93267E-02  6.22811E-03  1.39028E-02  1.74308E-03 -4.29517E-04  6.70555E-03  1.03587E-02 -2.59645E-03  8.34714E-03  1.26065E-02  2.65570E-03 -1.35736E-03 -6.36388E-03  9.31219E-03  1.36782E-02  2.15278E-02 -4.91462E-03  7.57911E-03 -9.69600E-03 -1.89219E-02 -2.42452E-03  2.82252E-02
 OMEGA(8,3)    9.59654E-03 -7.72637E-03  1.37309E-03  8.04578E-03 -6.69221E-03 -3.30359E-03 -8.85494E-04  1.36269E-02  1.24569E-04  0.00000E+00  1.44111E-04 -3.28796E-04 -8.92786E-03  6.54997E-03  2.58015E-03 -2.93077E-03  8.31772E-03 -7.23622E-04  5.11605E-04  1.94385E-03 -6.33898E-04  2.97047E-03 -6.25729E-06  6.84335E-04 -4.01042E-03 -1.18250E-02 -2.96552E-03 -3.26529E-03  1.52790E-04  1.56703E-03 -1.50017E-03 -1.92056E-03  3.51661E-03 -3.59520E-03 -8.98174E-04 -1.31727E-03  2.75260E-03  2.27870E-03 -4.23507E-03 -1.60515E-03 -4.91462E-03  3.47850E-03 -1.06997E-03  5.61828E-03  4.63805E-03  1.13321E-03 -6.04316E-03
 OMEGA(8,4)   -2.08631E-02  2.25505E-03 -1.30305E-02 -7.53370E-03  5.71521E-03  1.05049E-02  1.69530E-03 -1.57487E-02 -1.25162E-04  0.00000E+00  1.17245E-05  8.17456E-03 -8.78160E-04  1.41517E-02  2.39289E-03 -5.51311E-03 -4.68404E-03  1.26498E-03  6.44359E-03 -2.24808E-03  4.63163E-03  1.08415E-03 -2.01272E-03  1.69117E-03  2.84825E-03  8.72733E-03 -1.04000E-03  3.85401E-03 -1.08237E-03  1.71103E-03  1.78984E-03  5.08879E-03  4.25640E-03  5.40289E-04  5.89427E-03  1.50488E-03  2.89554E-03 -1.57390E-03  2.72305E-03  1.05298E-02  7.57911E-03 -1.06997E-03  8.65597E-03 -9.59630E-04 -1.09471E-02 -4.80420E-04  1.29013E-02
 OMEGA(8,5)    2.50979E-02 -1.26688E-02 -8.77973E-03  3.05059E-02 -1.80481E-02 -9.26630E-03 -5.34672E-03  3.85571E-02  3.44980E-04  0.00000E+00  1.84223E-04  2.35531E-03 -2.20328E-02  1.90534E-02  2.19256E-03 -9.21454E-03  2.04204E-02 -3.39824E-03  1.43505E-03  5.61551E-03 -8.33078E-03  8.10092E-03  3.98538E-03  1.97388E-03 -9.51074E-03 -2.58287E-02 -7.43207E-03 -5.38884E-03  5.07187E-03  2.34883E-03 -2.10006E-03 -9.44863E-03  1.55039E-02 -7.51370E-03 -2.23010E-03 -2.08150E-03  9.83264E-03  3.74787E-03 -6.22860E-03  3.23232E-03 -9.69600E-03  5.61828E-03 -9.59630E-04  2.00149E-02  1.45603E-02  7.35489E-03 -9.71453E-03
 OMEGA(8,6)    5.86002E-02 -1.29157E-02  9.03162E-03  4.66431E-02 -3.05370E-02 -3.18751E-02 -1.23161E-02  6.28896E-02  5.34200E-04  0.00000E+00 -2.56856E-05 -1.32316E-02 -1.15739E-02 -1.04842E-02 -7.50377E-03  7.39640E-04  2.59912E-02 -7.68128E-03 -1.57287E-03  6.15773E-03 -1.54594E-02  7.12064E-03 -3.08007E-04 -3.35352E-04 -1.23427E-02 -3.57850E-02 -4.61762E-03 -6.00343E-03  1.52954E-02 -1.13905E-02 -2.45421E-03 -1.69409E-02  8.03456E-03 -7.41944E-03 -8.92727E-03 -7.31324E-03  1.74575E-03  8.29941E-03 -4.61061E-03 -9.77450E-03 -1.89219E-02  4.63805E-03 -1.09471E-02  1.45603E-02  4.00913E-02  1.02640E-02 -2.67983E-02
 OMEGA(8,7)    1.38418E-02  5.36107E-03 -9.18525E-03  2.34377E-02 -4.98152E-03  9.97822E-04 -9.50032E-03  1.53475E-02  1.46802E-04  0.00000E+00 -1.96652E-04  3.33092E-03  2.62214E-03 -4.99666E-03 -5.69548E-03 -2.65735E-03  4.41091E-03 -6.94016E-03  3.77767E-03 -3.52332E-03 -1.20321E-02  7.98703E-03 -2.53117E-03  5.41418E-03  4.73503E-03 -6.93154E-03 -2.62283E-03  7.39182E-03  5.80565E-03 -9.35044E-03  2.82055E-03 -2.21857E-03  1.31351E-02  1.30081E-03  3.10625E-03  1.20784E-03  4.98957E-03 -4.46718E-03  5.94237E-03  1.55380E-02 -2.42452E-03  1.13321E-03 -4.80420E-04  7.35489E-03  1.02640E-02  1.67316E-02  1.42870E-02
 OMEGA(8,8)   -5.58750E-02  3.56424E-02 -3.65922E-02 -2.58057E-02  3.29518E-02  4.62355E-02 -2.59364E-03 -6.22931E-02 -5.14075E-04  0.00000E+00 -6.45518E-04  2.39153E-02  3.09746E-02  7.69463E-04 -5.69423E-03 -3.48539E-03 -3.01509E-02 -5.40949E-03  1.27790E-02 -1.95658E-02 -6.96710E-03  5.63373E-03 -3.83925E-03  1.11824E-02  3.33686E-02  4.97986E-02  8.41344E-03  3.42438E-02  8.51342E-04 -5.24934E-03  1.33237E-02  2.19015E-02  1.10731E-02  1.63038E-02  2.29198E-02  1.02623E-02  5.13758E-03 -1.89555E-02  1.60936E-02  4.43801E-02  2.82252E-02 -6.04316E-03  1.29013E-02 -9.71453E-03 -2.67983E-02  1.42870E-02  6.88044E-02
TABLE NO.     2: MCMC Bayesian Analysis: Problem=1 Subproblem=0 Superproblem1=0 Iteration1=0 Superproblem2=0 Iteration2=0
 NAME         THETA1       THETA2       THETA3       THETA4       THETA5       THETA6       THETA7       THETA8       SIGMA(1,1)   SIGMA(2,1)   SIGMA(2,2)   OMEGA(1,1)   OMEGA(2,1)   OMEGA(2,2)   OMEGA(3,1)   OMEGA(3,2)   OMEGA(3,3)   OMEGA(4,1)   OMEGA(4,2)   OMEGA(4,3)   OMEGA(4,4)   OMEGA(5,1)   OMEGA(5,2)   OMEGA(5,3)   OMEGA(5,4)   OMEGA(5,5)   OMEGA(6,1)   OMEGA(6,2)   OMEGA(6,3)   OMEGA(6,4)   OMEGA(6,5)   OMEGA(6,6)   OMEGA(7,1)   OMEGA(7,2)   OMEGA(7,3)   OMEGA(7,4)   OMEGA(7,5)   OMEGA(7,6)   OMEGA(7,7)   OMEGA(8,1)   OMEGA(8,2)   OMEGA(8,3)   OMEGA(8,4)   OMEGA(8,5)   OMEGA(8,6)   OMEGA(8,7)   OMEGA(8,8)
 THETA1        5.93677E-03 -8.77254E-04  6.73250E-04  5.77195E-04  5.25325E-04 -3.61348E-04  6.22520E-04  1.98830E-03 -3.12207E-07  0.00000E+00 -4.22061E-07  6.69453E-05 -2.80364E-05  4.64802E-05  1.89032E-05 -1.02115E-05  7.48887E-05  4.17406E-05  3.41839E-05 -4.35935E-05  2.03449E-05 -6.31504E-05  6.15067E-05  1.79127E-05  5.19355E-05  2.06349E-05  1.36011E-05  1.63209E-05 -2.19570E-05  2.93708E-05  5.01905E-05 -1.31263E-05  2.98798E-05 -2.84106E-05  2.20543E-05  3.17830E-05 -5.00949E-05  2.69265E-06 -2.09102E-05  5.54136E-05  1.87026E-05  1.62159E-05  6.08870E-05 -5.87235E-06  1.01481E-06  1.55124E-05  6.74702E-05
 THETA2       -8.77254E-04  5.78325E-03  4.05342E-06  9.80630E-04  2.56068E-04 -1.90153E-04 -1.22006E-03  1.20518E-03  2.86279E-08  0.00000E+00  4.34949E-08 -1.89454E-05  2.03776E-04 -7.14831E-04  1.94897E-05  1.79808E-04 -6.36296E-05  2.82325E-05 -3.99980E-04  3.71164E-06 -1.15499E-05  9.84009E-06  4.34759E-05 -6.25768E-05  2.24521E-05 -3.13997E-05 -1.11445E-05  5.82775E-05 -3.14335E-06  4.11403E-05 -6.61611E-05 -2.54614E-05 -2.81083E-05  5.77676E-04 -5.73448E-06  2.07254E-05 -1.31438E-06 -2.08195E-05 -8.25412E-05 -3.91069E-05  1.11465E-04  2.45533E-05  3.50837E-05 -3.18450E-05  2.48694E-05 -7.44002E-05 -1.06460E-05
 THETA3        6.73250E-04  4.05342E-06  3.57125E-03  5.27559E-05  6.15725E-05  1.76590E-04  5.97494E-04  1.01060E-03 -3.08549E-07  0.00000E+00 -2.08749E-06 -5.85247E-05 -3.31362E-05  1.12139E-04  6.08891E-05  9.10928E-05 -1.20091E-04 -1.92892E-05  1.06297E-04  2.19981E-04  3.09138E-04  3.41525E-05 -3.82697E-05 -6.60631E-05 -2.56952E-06 -6.58057E-06  3.21670E-05  1.28610E-05  1.82817E-05 -9.52057E-06  2.11709E-05 -4.25672E-05  3.85791E-05 -6.30460E-05 -1.16305E-04 -6.88672E-05  1.45551E-05 -1.53742E-05  6.93806E-05 -2.26349E-05  4.41456E-05  6.16811E-05  5.20101E-05  1.22507E-05  1.46661E-05  4.46385E-05  6.38652E-05
 THETA4        5.77195E-04  9.80630E-04  5.27559E-05  5.56490E-03 -5.80526E-04  3.09386E-04 -1.55738E-03  9.12779E-04 -5.70056E-07  0.00000E+00  6.63956E-07  6.37778E-05 -7.01537E-05  1.04143E-04  5.93081E-05  6.01296E-05 -8.23328E-05  4.53270E-05  3.42541E-05  1.17052E-04  2.59889E-04 -1.05737E-05 -3.44420E-05 -4.79736E-05 -2.65180E-05 -4.95964E-05 -1.49880E-05  2.24550E-05 -2.25592E-05  5.88873E-05 -2.18558E-06  4.87701E-05  1.86196E-05 -6.20607E-05 -8.24607E-05 -7.25767E-05  2.06663E-05  7.38936E-06  8.18815E-05  5.54728E-05 -3.87110E-06  6.56098E-05  2.41567E-05 -3.68331E-05  3.29797E-05  1.97542E-05  3.53567E-05
 THETA5        5.25325E-04  2.56068E-04  6.15725E-05 -5.80526E-04  4.38559E-03 -1.18798E-03  5.57305E-04  1.37817E-04  2.91063E-08  0.00000E+00  2.15378E-08  2.26597E-05 -3.90663E-05  1.38085E-05  8.37081E-07 -3.33518E-05 -3.55904E-05 -2.55128E-05 -1.02934E-05 -7.72708E-06 -1.59001E-06  2.09822E-05  1.47747E-05  4.98409E-05  5.74101E-05 -1.40947E-05  4.27227E-05 -1.24779E-06 -2.00808E-06  1.99347E-05  2.62203E-05  2.90673E-05 -1.16230E-05 -1.14260E-05 -1.57417E-05 -1.01520E-05 -4.37685E-07  3.47666E-06 -3.89994E-05 -1.05182E-05 -2.96093E-05 -1.72442E-05 -6.36678E-06  3.22114E-05  3.95233E-05 -1.42670E-05  2.51351E-06
 THETA6       -3.61348E-04 -1.90153E-04  1.76590E-04  3.09386E-04 -1.18798E-03  5.70414E-03  1.61716E-04 -9.89475E-04  8.99866E-07  0.00000E+00 -1.01302E-06  3.23548E-05 -6.59586E-06  5.63275E-05  1.46878E-05  4.43813E-06  5.93441E-05  2.16601E-05  5.87331E-05 -2.70248E-05  7.88228E-05  5.42738E-05 -1.49642E-05  2.28659E-05 -4.94913E-07 -3.01522E-05  1.11829E-05 -1.65101E-05 -4.09787E-05  1.27191E-04 -5.94887E-05  4.91734E-05  5.02243E-05 -1.31239E-05 -7.53226E-06 -2.91590E-05 -4.31907E-06 -1.49331E-04  2.44298E-05  3.31218E-05  1.84023E-05  4.70269E-05  3.82942E-05  1.02126E-05 -3.96369E-06  3.79685E-05  1.14302E-04
 THETA7        6.22520E-04 -1.22006E-03  5.97494E-04 -1.55738E-03  5.57305E-04  1.61716E-04  5.23216E-03  1.23873E-03 -4.65834E-07  0.00000E+00 -9.24647E-08 -1.12699E-05 -3.09775E-05  3.84957E-05  2.04281E-05 -4.89259E-05  1.05584E-05  2.40005E-05  2.80817E-05  1.13531E-07  7.10626E-06 -2.05808E-05  2.52379E-05  3.87408E-05 -1.32571E-05 -2.52092E-05  6.03151E-05 -3.08596E-05 -1.52002E-05  7.26866E-06  2.21183E-05  1.82887E-05  2.32671E-05 -4.70252E-05  4.69093E-06 -3.33380E-06  1.28977E-05 -3.16898E-05 -2.11607E-05 -2.71631E-05 -1.56249E-05 -7.96903E-06  2.82138E-05  5.14428E-06  1.81030E-06  1.72994E-05  1.52534E-05
 THETA8        1.98830E-03  1.20518E-03  1.01060E-03  9.12779E-04  1.37817E-04 -9.89475E-04  1.23873E-03  5.02895E-03 -8.83529E-07  0.00000E+00  4.43976E-07  4.13003E-05 -7.87632E-05  1.53361E-04  3.29216E-05 -3.39841E-05  1.23601E-06  3.64532E-05  4.99205E-05  3.66079E-05  4.31297E-05 -2.79644E-05  6.30045E-05 -1.37923E-05  2.33330E-05 -2.65545E-05  5.29640E-05 -9.13197E-06 -5.97682E-06  6.17197E-05  2.16748E-05 -3.79470E-05  3.21437E-05 -7.36128E-05  5.60987E-06  1.92394E-05 -5.85030E-05  2.48658E-05 -6.33446E-05  3.60285E-05  1.58891E-05  5.11682E-06  1.59570E-05 -3.55474E-06  3.92638E-05  2.89984E-05  3.58862E-05
 SIGMA(1,1)   -3.12207E-07  2.86279E-08 -3.08549E-07 -5.70056E-07  2.91063E-08  8.99866E-07 -4.65834E-07 -8.83529E-07  4.18366E-07  0.00000E+00 -1.76418E-08  2.34269E-07  7.10749E-07 -3.90489E-07  4.40747E-07 -8.37815E-07  3.09903E-07 -4.21465E-08  2.54097E-07 -3.33111E-07 -8.85682E-07  4.22750E-08 -6.55825E-11 -5.76979E-08 -2.67408E-07  1.74130E-07 -6.44069E-08 -3.80907E-07 -1.70490E-07 -2.68431E-07 -8.26728E-08  9.84967E-07  3.26546E-07 -1.69483E-07  8.33923E-08 -2.16454E-07  1.80116E-07  5.54864E-07  1.35863E-07  7.29985E-08 -3.06026E-07  9.27779E-08 -7.93296E-08  3.46356E-07 -2.92649E-07  1.84427E-07 -7.80837E-08
 SIGMA(2,1)    0.00000E+00  0.00000E+00  0.00000E+00  0.00000E+00  0.00000E+00  0.00000E+00  0.00000E+00  0.00000E+00  0.00000E+00  0.00000E+00  0.00000E+00  0.00000E+00  0.00000E+00  0.00000E+00  0.00000E+00  0.00000E+00  0.00000E+00  0.00000E+00  0.00000E+00  0.00000E+00  0.00000E+00  0.00000E+00  0.00000E+00  0.00000E+00  0.00000E+00  0.00000E+00  0.00000E+00  0.00000E+00  0.00000E+00  0.00000E+00  0.00000E+00  0.00000E+00  0.00000E+00  0.00000E+00  0.00000E+00  0.00000E+00  0.00000E+00  0.00000E+00  0.00000E+00  0.00000E+00  0.00000E+00  0.00000E+00  0.00000E+00  0.00000E+00  0.00000E+00  0.00000E+00  0.00000E+00
 SIGMA(2,2)   -4.22061E-07  4.34949E-08 -2.08749E-06  6.63956E-07  2.15378E-08 -1.01302E-06 -9.24647E-08  4.43976E-07 -1.76418E-08  0.00000E+00  1.42113E-06  1.52061E-06 -1.16176E-08  1.19778E-06  4.11506E-07  2.90662E-07  1.03540E-06  1.21394E-07 -3.27720E-07  4.05300E-07  7.34914E-07 -5.29382E-08 -7.25165E-07 -1.05354E-06 -1.60654E-07 -9.70652E-07  2.47671E-08 -2.75915E-07  2.43770E-07  6.63808E-07  3.34609E-07 -3.77327E-06 -6.38627E-08 -1.27625E-07 -8.67455E-07  1.23328E-07 -4.32986E-07 -2.08770E-07 -2.31396E-07  3.75535E-07 -8.98788E-07 -2.63653E-07  7.73447E-08 -8.34117E-08  1.10328E-06 -4.24394E-07 -1.18506E-06
 OMEGA(1,1)    6.69453E-05 -1.89454E-05 -5.85247E-05  6.37778E-05  2.26597E-05  3.23548E-05 -1.12699E-05  4.13003E-05  2.34269E-07  0.00000E+00  1.52061E-06  3.58834E-03 -5.09869E-04  1.34440E-04  4.58284E-04 -8.18790E-05  6.98834E-05  3.56630E-04 -5.31805E-05  1.15417E-05  9.00561E-05  3.30823E-04 -2.03148E-05  1.88201E-05  4.37800E-05  4.98193E-05 -2.43686E-04  1.41895E-05 -2.73025E-05 -4.72846E-05 -3.11099E-05  6.41107E-05  4.19652E-04 -5.72671E-05  6.99218E-05  1.43075E-05  4.43948E-05 -5.73060E-05  8.49603E-05  1.17790E-03 -1.42569E-04  1.36661E-04  1.21192E-04  1.20053E-04 -1.16248E-04  1.48175E-04  4.22620E-04
 OMEGA(2,1)   -2.80364E-05  2.03776E-04 -3.31362E-05 -7.01537E-05 -3.90663E-05 -6.59586E-06 -3.09775E-05 -7.87632E-05  7.10749E-07  0.00000E+00 -1.16176E-08 -5.09869E-04  1.72887E-03 -6.99821E-04 -6.73360E-05  2.92050E-04 -2.79109E-05  3.14997E-04 -2.66201E-05  7.23655E-05  8.09679E-05  5.98433E-05  1.70659E-04 -1.89711E-06  5.37805E-05  1.39991E-05 -4.30714E-05 -1.09058E-04 -1.70976E-05 -4.28023E-05  1.89733E-05 -1.96411E-05 -4.14647E-04  3.79715E-04 -8.68974E-05  1.43231E-05 -3.56678E-05  3.88137E-05 -1.30324E-04  3.19053E-04  4.80044E-04  5.91808E-05  1.72202E-04  6.05279E-05 -3.97897E-05 -8.48293E-05  2.92973E-04
 OMEGA(2,2)    4.64802E-05 -7.14831E-04  1.12139E-04  1.04143E-04  1.38085E-05  5.63275E-05  3.84957E-05  1.53361E-04 -3.90489E-07  0.00000E+00  1.19778E-06  1.34440E-04 -6.99821E-04  3.29452E-03  6.80489E-05 -1.77042E-04  9.36071E-05 -9.64242E-05  8.64116E-04  2.54889E-05  2.37965E-04 -2.35810E-06  6.25574E-05 -9.93179E-06  3.30963E-06  7.51298E-05  2.25883E-05 -4.29834E-05  4.79731E-05 -4.61814E-06  2.21265E-05  6.21479E-05  1.71710E-04 -9.56873E-04  3.19469E-05 -2.04209E-04 -9.79137E-06 -6.33606E-06  2.76410E-04 -7.71403E-05  7.13085E-04  4.40013E-05  1.25532E-04  4.09947E-05 -4.92872E-05 -1.06833E-04  2.56960E-04
