TABLE NO.     1: MCMC Bayesian Analysis: Problem=1 Subproblem=0 Superproblem1=0 Iteration1=0 Superproblem2=0 Iteration2=0
 NAME         THETA1       THETA2       THETA3       THETA4       SIGMA(1,1)   OMEGA(1,1)   OMEGA(2,1)   OMEGA(2,2)   OMEGA(3,1)   OMEGA(3,2)   OMEGA(3,3)   OMEGA(4,1)   OMEGA(4,2)   OMEGA(4,3)   OMEGA(4,4)
 THETA1        4.51665E-02  6.32428E-02  1.67356E-01  8.78537E-02  2.26231E-02 -2.18506E-02  2.51494E-02  2.44308E-02  6.54494E-02 -3.84036E-02  7.89069E-02  9.22156E-02 -2.51607E-02  6.60724E-02  5.80243E-03
 THETA2        6.32428E-02  5.08069E-02  2.40333E-02  1.27626E-01  9.85567E-02  7.06021E-02  1.57842E-01 -2.62457E-02  9.55705E-02  1.22815E-01 -5.43969E-02  2.37002E-02  6.18979E-02 -5.26320E-02  1.95843E-02
 THETA3        1.67356E-01  2.40333E-02  7.09161E-02  4.86231E-01  7.01620E-02  7.85984E-02  1.36803E-01 -6.56770E-02  1.03955E-01  2.14653E-01  9.29659E-02  1.97174E-01  7.48964E-02  6.13042E-02 -3.32764E-02
 THETA4        8.78537E-02  1.27626E-01  4.86231E-01  5.42674E-02  8.46018E-02  4.48818E-02  6.28674E-02 -1.49344E-02  9.69273E-02  6.96463E-02  4.82450E-02  9.30621E-02  6.07111E-02  1.52264E-02  4.46496E-02
 SIGMA(1,1)    2.26231E-02  9.85567E-02  7.01620E-02  8.46018E-02  7.30734E-03 -3.31152E-02 -8.37304E-02 -1.51323E-01 -7.96023E-02 -3.59751E-02 -2.67970E-01 -9.92100E-02 -9.88137E-02 -2.96586E-01 -2.82495E-01
 OMEGA(1,1)   -2.18506E-02  7.06021E-02  7.85984E-02  4.48818E-02 -3.31152E-02  2.80825E-02  8.74147E-02 -3.50962E-02  2.39872E-01  4.84605E-02  4.98221E-02  7.35722E-02 -4.96708E-02  2.09688E-02 -4.83757E-02
 OMEGA(2,1)    2.51494E-02  1.57842E-01  1.36803E-01  6.28674E-02 -8.37304E-02  8.74147E-02  2.26977E-02  9.64485E-02  1.52597E-01  2.32965E-01  1.77823E-01  2.11066E-01  8.57189E-02  1.48110E-01  9.20093E-02
 OMEGA(2,2)    2.44308E-02 -2.62457E-02 -6.56770E-02 -1.49344E-02 -1.51323E-01 -3.50962E-02  9.64485E-02  3.36834E-02 -5.70328E-02 -2.13531E-02 -6.42193E-02 -2.20797E-02  1.40744E-01  2.09327E-03  7.76003E-02
 OMEGA(3,1)    6.54494E-02  9.55705E-02  1.03955E-01  9.69273E-02 -7.96023E-02  2.39872E-01  1.52597E-01 -5.70328E-02  2.86231E-02  4.79172E-02  2.97023E-01  4.61748E-01  1.12600E-02  1.77059E-01  2.75558E-02
 OMEGA(3,2)   -3.84036E-02  1.22815E-01  2.14653E-01  6.96463E-02 -3.59751E-02  4.84605E-02  2.32965E-01 -2.13531E-02  4.79172E-02  3.38581E-02  3.76956E-02  1.04289E-01  3.50922E-01  1.27485E-01  6.00179E-02
 OMEGA(3,3)    7.89069E-02 -5.43969E-02  9.29659E-02  4.82450E-02 -2.67970E-01  4.98221E-02  1.77823E-01 -6.42193E-02  2.97023E-01  3.76956E-02  6.18307E-02  2.30300E-01  4.91703E-03  5.95158E-01  2.02362E-01
 OMEGA(4,1)    9.22156E-02  2.37002E-02  1.97174E-01  9.30621E-02 -9.92100E-02  7.35722E-02  2.11066E-01 -2.20797E-02  4.61748E-01  1.04289E-01  2.30300E-01  2.33399E-02  1.31454E-01  2.30780E-01  5.77729E-02
 OMEGA(4,2)   -2.51607E-02  6.18979E-02  7.48964E-02  6.07111E-02 -9.88137E-02 -4.96708E-02  8.57189E-02  1.40744E-01  1.12600E-02  3.50922E-01  4.91703E-03  1.31454E-01  2.57440E-02  1.32503E-01  2.75942E-01
 OMEGA(4,3)    6.60724E-02 -5.26320E-02  6.13042E-02  1.52264E-02 -2.96586E-01  2.09688E-02  1.48110E-01  2.09327E-03  1.77059E-01  1.27485E-01  5.95158E-01  2.30780E-01  1.32503E-01  3.51999E-02  5.11148E-01
 OMEGA(4,4)    5.80243E-03  1.95843E-02 -3.32764E-02  4.46496E-02 -2.82495E-01 -4.83757E-02  9.20093E-02  7.76003E-02  2.75558E-02  6.00179E-02  2.02362E-01  5.77729E-02  2.75942E-01  5.11148E-01  3.84359E-02
