TABLE NO.     1: Iterative Two Stage (No Prior): Problem=1 Subproblem=0 Superproblem1=0 Iteration1=0 Superproblem2=0 Iteration2=0
 NAME         THETA1       THETA2       THETA3       THETA4       THETA5       THETA6       THETA7       THETA8       THETA9       THETA10      THETA11      SIGMA(1,1)   OMEGA(1,1)   OMEGA(2,1)   OMEGA(2,2)   OMEGA(3,1)   OMEGA(3,2)   OMEGA(3,3)   OMEGA(4,1)   OMEGA(4,2)   OMEGA(4,3)   OMEGA(4,4)
 THETA1        1.71601E+04  0.00000E+00  5.66855E+04  0.00000E+00 -1.94516E+03  0.00000E+00 -5.23078E+03  0.00000E+00 -1.68244E+03 -1.07751E+03 -1.97848E+03  0.00000E+00 -1.02279E+04  2.09450E+04 -1.84762E+03  7.62673E+03  6.92616E+03 -1.12602E+03  8.90468E+03 -1.78565E+04 -6.38278E+03  6.10230E+03
 THETA2        0.00000E+00  1.71206E+04  0.00000E+00  5.54924E+04  0.00000E+00 -3.68183E+03  0.00000E+00 -1.18664E+04 -3.54222E+03 -1.20449E+02 -1.30578E+03  0.00000E+00  1.37560E+04 -5.33058E+02 -5.83287E+03  9.73426E+03 -2.29137E+01 -6.99302E+03 -1.86325E+04  1.12856E+04  8.79046E+03 -5.87599E+03
 THETA3        5.66855E+04  0.00000E+00  1.96562E+05  0.00000E+00 -5.23078E+03  0.00000E+00 -1.54152E+04  0.00000E+00 -5.80600E+03 -4.07048E+03 -8.55333E+03  0.00000E+00 -2.13965E+04  6.92972E+04 -5.91104E+03  2.37500E+04  1.93950E+04 -6.37885E+03  2.94210E+04 -5.37343E+04 -1.30629E+04  1.23755E+04
 THETA4        0.00000E+00  5.54924E+04  0.00000E+00  1.94741E+05  0.00000E+00 -1.18664E+04  0.00000E+00 -3.96994E+04 -1.01451E+04 -7.25870E+02 -5.85513E+03  0.00000E+00  4.68565E+04 -4.18395E+03 -1.62928E+04  4.88436E+04 -1.44259E+03 -2.74820E+04 -8.24818E+04  3.72471E+04  3.61656E+04 -1.83592E+04
 THETA5       -1.94516E+03  0.00000E+00 -5.23078E+03  0.00000E+00  1.15329E+04  0.00000E+00  4.00809E+04  0.00000E+00  5.58127E+02 -6.84516E+02 -1.07623E+03  0.00000E+00  9.97173E+03 -5.29964E+03 -1.37897E+04  6.19367E+03 -1.05351E+02 -5.52767E+03 -1.82735E+04  3.35736E+03  1.13481E+04 -1.54213E+03
 THETA6        0.00000E+00 -3.68183E+03  0.00000E+00 -1.18664E+04  0.00000E+00  1.15544E+04  0.00000E+00  3.82940E+04  8.81774E+01 -3.28587E+03  2.01794E+02  0.00000E+00 -4.17535E+02 -1.17186E+04  4.61266E+03 -1.44418E+03 -8.76606E+03  5.30680E+03  1.01814E+04 -6.47934E+02 -9.60009E+02 -4.62282E+03
 THETA7       -5.23078E+03  0.00000E+00 -1.54152E+04  0.00000E+00  4.00809E+04  0.00000E+00  1.46153E+05  0.00000E+00  2.80646E+03 -8.78248E+02 -4.92806E+03  0.00000E+00  3.30123E+04 -1.85902E+04 -4.82030E+04  1.67765E+04 -5.55577E+03 -1.61037E+04 -5.46067E+04  1.70487E+04  3.86822E+04 -5.35554E+03
 THETA8        0.00000E+00 -1.18664E+04  0.00000E+00 -3.96994E+04  0.00000E+00  3.82940E+04  0.00000E+00  1.34483E+05  4.45560E+02 -1.06723E+04  1.34490E+02  0.00000E+00 -2.49927E+03 -3.27038E+04  7.36526E+03 -6.38995E+03 -2.13482E+04  1.22203E+04  3.35525E+04 -1.33603E+04  3.10763E+03 -1.45893E+04
 THETA9       -1.68244E+03 -3.54222E+03 -5.80600E+03 -1.01451E+04  5.58127E+02  8.81774E+01  2.80646E+03  4.45560E+02  1.94980E+04 -1.49308E+04  2.76836E+02  0.00000E+00  7.71109E+03  5.64105E+03 -2.48681E+03 -8.77811E+03 -1.20968E+03  3.54412E+03 -4.97321E+03  8.96045E+03 -9.01794E+03  1.25228E+04
 THETA10      -1.07751E+03 -1.20449E+02 -4.07048E+03 -7.25870E+02 -6.84516E+02 -3.28587E+03 -8.78248E+02 -1.06723E+04 -1.49308E+04  2.82108E+04 -3.90197E+03  0.00000E+00 -4.81200E+03 -9.05291E+03  8.50803E+02 -4.46154E+03  9.31483E+03 -4.44154E+03  8.32263E+03 -1.06290E+04  2.46329E+04 -3.24768E+04
 THETA11      -1.97848E+03 -1.30578E+03 -8.55333E+03 -5.85513E+03 -1.07623E+03  2.01794E+02 -4.92806E+03  1.34490E+02  2.76836E+02 -3.90197E+03  1.49381E+05  0.00000E+00  1.68665E+04  3.84320E+04  6.93620E+04  5.99265E+03 -2.17794E+03  4.13977E+04 -3.11630E+04 -4.72400E+04  4.83590E+02  5.59047E+04
 SIGMA(1,1)    0.00000E+00  0.00000E+00  0.00000E+00  0.00000E+00  0.00000E+00  0.00000E+00  0.00000E+00  0.00000E+00  0.00000E+00  0.00000E+00  0.00000E+00  0.00000E+00  0.00000E+00  0.00000E+00  0.00000E+00  0.00000E+00  0.00000E+00  0.00000E+00  0.00000E+00  0.00000E+00  0.00000E+00  0.00000E+00
 OMEGA(1,1)   -1.02279E+04  1.37560E+04 -2.13965E+04  4.68565E+04  9.97173E+03 -4.17535E+02  3.30123E+04 -2.49927E+03  7.71109E+03 -4.81200E+03  1.68665E+04  0.00000E+00  1.43146E+06 -5.88052E+05  5.91532E+04 -2.42122E+05 -2.51443E+04  2.03259E+04 -2.01062E+05  1.34053E+05 -1.97401E+03 -3.24727E+04
 OMEGA(2,1)    2.09450E+04 -5.33058E+02  6.92972E+04 -4.18395E+03 -5.29964E+03 -1.17186E+04 -1.85902E+04 -3.27038E+04  5.64105E+03 -9.05291E+03  3.84320E+04  0.00000E+00 -5.88052E+05  2.09602E+06 -3.19126E+05 -3.83921E+04 -8.61089E+04 -4.00701E+04 -6.71120E+04 -2.14144E+05  5.09802E+04 -2.06984E+04
 OMEGA(2,2)   -1.84762E+03 -5.83287E+03 -5.91104E+03 -1.62928E+04 -1.37897E+04  4.61266E+03 -4.82030E+04  7.36526E+03 -2.48681E+03  8.50803E+02  6.93620E+04  0.00000E+00  5.91532E+04 -3.19126E+05  6.17487E+05  9.06522E+04 -4.71488E+04  3.46525E+04 -2.92146E+04 -1.72865E+05 -5.22625E+04  9.56676E+04
 OMEGA(3,1)    7.62673E+03  9.73426E+03  2.37500E+04  4.88436E+04  6.19367E+03 -1.44418E+03  1.67765E+04 -6.38995E+03 -8.77811E+03 -4.46154E+03  5.99265E+03  0.00000E+00 -2.42122E+05 -3.83921E+04  9.06522E+04  1.66694E+06 -4.05936E+05 -2.78823E+05 -1.30451E+06  2.45714E+05  3.41220E+05 -2.45299E+04
 OMEGA(3,2)    6.92616E+03 -2.29137E+01  1.93950E+04 -1.44259E+03 -1.05351E+02 -8.76606E+03 -5.55577E+03 -2.13482E+04 -1.20968E+03  9.31483E+03 -2.17794E+03  0.00000E+00 -2.51443E+04 -8.61089E+04 -4.71488E+04 -4.05936E+05  1.20813E+06  3.08605E+04  3.12059E+05 -9.38569E+05 -3.71113E+05  2.45348E+05
 OMEGA(3,3)   -1.12602E+03 -6.99302E+03 -6.37885E+03 -2.74820E+04 -5.52767E+03  5.30680E+03 -1.61037E+04  1.22203E+04  3.54412E+03 -4.44154E+03  4.13977E+04  0.00000E+00  2.03259E+04 -4.00701E+04  3.46525E+04 -2.78823E+05  3.08605E+04  5.70628E+05  2.97920E+05 -4.75668E+04 -9.04996E+05  3.50057E+05
 OMEGA(4,1)    8.90468E+03 -1.86325E+04  2.94210E+04 -8.24818E+04 -1.82735E+04  1.01814E+04 -5.46067E+04  3.35525E+04 -4.97321E+03  8.32263E+03 -3.11630E+04  0.00000E+00 -2.01062E+05 -6.71120E+04 -2.92146E+04 -1.30451E+06  3.12059E+05  2.97920E+05  2.28884E+06 -4.85636E+05 -4.60990E+05 -8.20108E+04
 OMEGA(4,2)   -1.78565E+04  1.12856E+04 -5.37343E+04  3.72471E+04  3.35736E+03 -6.47934E+02  1.70487E+04 -1.33603E+04  8.96045E+03 -1.06290E+04 -4.72400E+04  0.00000E+00  1.34053E+05 -2.14144E+05 -1.72865E+05  2.45714E+05 -9.38569E+05 -4.75668E+04 -4.85636E+05  1.88749E+06  3.15216E+05 -4.01409E+05
 OMEGA(4,3)   -6.38278E+03  8.79046E+03 -1.30629E+04  3.61656E+04  1.13481E+04 -9.60009E+02  3.86822E+04  3.10763E+03 -9.01794E+03  2.46329E+04  4.83590E+02  0.00000E+00 -1.97401E+03  5.09802E+04 -5.22625E+04  3.41220E+05 -3.71113E+05 -9.04996E+05 -4.60990E+05  3.15216E+05  2.24321E+06 -1.13172E+06
 OMEGA(4,4)    6.10230E+03 -5.87599E+03  1.23755E+04 -1.83592E+04 -1.54213E+03 -4.62282E+03 -5.35554E+03 -1.45893E+04  1.25228E+04 -3.24768E+04  5.59047E+04  0.00000E+00 -3.24727E+04 -2.06984E+04  9.56676E+04 -2.45299E+04  2.45348E+05  3.50057E+05 -8.20108E+04 -4.01409E+05 -1.13172E+06  1.02567E+06
TABLE NO.     2: Importance Sampling (No Prior): Problem=1 Subproblem=0 Superproblem1=0 Iteration1=0 Superproblem2=0 Iteration2=0
 NAME         THETA1       THETA2       THETA3       THETA4       THETA5       THETA6       THETA7       THETA8       THETA9       THETA10      THETA11      SIGMA(1,1)   OMEGA(1,1)   OMEGA(2,1)   OMEGA(2,2)   OMEGA(3,1)   OMEGA(3,2)   OMEGA(3,3)   OMEGA(4,1)   OMEGA(4,2)   OMEGA(4,3)   OMEGA(4,4)
 THETA1        1.57739E+04  0.00000E+00  5.20451E+04  0.00000E+00 -2.11453E+03  0.00000E+00 -6.68840E+03  0.00000E+00 -1.30790E+03 -9.63580E+02 -2.64729E+02  0.00000E+00  5.22972E+01 -1.91703E+03 -9.05552E+02 -6.04633E+03  2.22454E+03 -1.89445E-01  3.27911E+03 -7.60382E+02 -5.60363E+02 -1.04586E+02
 THETA2        0.00000E+00  1.83933E+04  0.00000E+00  6.03228E+04  0.00000E+00 -3.51404E+03  0.00000E+00 -1.12842E+04 -3.82995E+03 -2.94227E+02 -2.67822E+02  0.00000E+00  4.78474E+02 -1.38747E+03 -1.13879E+03  5.41179E+03 -1.29062E+02 -1.74848E+03 -3.34273E+03  1.91337E+03  5.48742E+02 -5.91733E+02
 THETA3        5.20451E+04  0.00000E+00  1.83287E+05  0.00000E+00 -6.68840E+03  0.00000E+00 -2.30688E+04  0.00000E+00 -3.49460E+03 -3.51573E+03 -7.52018E+02  0.00000E+00  4.20685E+02 -7.91972E+03 -3.15803E+03 -2.39320E+04  8.93154E+03  6.50987E+02  1.74253E+04 -4.61815E+03 -2.92168E+03 -4.33386E+02
 THETA4        0.00000E+00  6.03228E+04  0.00000E+00  2.13443E+05  0.00000E+00 -1.12842E+04  0.00000E+00 -3.95209E+04 -1.23135E+04 -9.05170E+02 -1.18104E+03  0.00000E+00  1.71785E+03 -4.71134E+03 -3.92768E+03  2.67798E+04 -2.74223E+03 -8.27036E+03 -2.99086E+04  1.05047E+04  5.94349E+03 -1.61168E+03
 THETA5       -2.11453E+03  0.00000E+00 -6.68840E+03  0.00000E+00  1.11189E+04  0.00000E+00  3.72706E+04  0.00000E+00  1.09782E+03 -6.96028E+02 -1.04950E+03  0.00000E+00 -1.26493E+03 -3.48285E+03 -3.01126E+03 -6.73436E+01 -5.42134E+03 -3.90520E+02 -2.00598E+03  1.39362E+03  9.90974E+02 -3.29235E+02
 THETA6        0.00000E+00 -3.51404E+03  0.00000E+00 -1.12842E+04  0.00000E+00  1.14786E+04  0.00000E+00  3.75207E+04 -6.19923E+02 -3.14698E+03 -8.89118E+02  0.00000E+00 -5.65470E+02 -3.30023E+03 -1.68186E+03 -2.26950E+03  2.31346E+03 -1.04148E+03  3.21321E+02  8.32736E+02 -9.73977E+02 -4.10887E+02
 THETA7       -6.68840E+03  0.00000E+00 -2.30688E+04  0.00000E+00  3.72706E+04  0.00000E+00  1.33256E+05  0.00000E+00  4.24610E+03 -1.31087E+03 -2.93831E+03  0.00000E+00 -4.56366E+03 -1.31618E+04 -1.33865E+04  1.43190E+03 -1.84342E+04 -5.44668E+02 -8.50381E+03  7.86485E+03  3.68497E+03 -2.30943E+03
 THETA8        0.00000E+00 -1.12842E+04  0.00000E+00 -3.95209E+04  0.00000E+00  3.75207E+04  0.00000E+00  1.32621E+05 -1.40752E+03 -9.70788E+03 -3.67250E+03  0.00000E+00 -1.57953E+03 -1.26410E+04 -6.25720E+03 -1.03812E+04  9.82905E+03 -4.06671E+03  5.29235E+03 -8.66771E+03 -2.64499E+03  2.69823E+03
 THETA9       -1.30790E+03 -3.82995E+03 -3.49460E+03 -1.23135E+04  1.09782E+03 -6.19923E+02  4.24610E+03 -1.40752E+03  1.92314E+04 -1.46066E+04 -1.05143E+03  0.00000E+00 -1.53922E+03  2.30432E+02  2.31406E+03  3.93037E+03 -5.97101E+03  3.36846E+03 -7.38885E+03 -4.68087E+01 -6.78944E+03  5.04043E+03
 THETA10      -9.63580E+02 -2.94227E+02 -3.51573E+03 -9.05170E+02 -6.96028E+02 -3.14698E+03 -1.31087E+03 -9.70788E+03 -1.46066E+04  2.77967E+04 -1.07639E+03  0.00000E+00  3.75548E+02 -3.45543E+03  1.82452E+03 -7.05175E+03  7.47177E+02 -4.41009E+03  5.73759E+03 -1.92247E+03  9.49643E+03 -4.45872E+03
 THETA11      -2.64729E+02 -2.67822E+02 -7.52018E+02 -1.18104E+03 -1.04950E+03 -8.89118E+02 -2.93831E+03 -3.67250E+03 -1.05143E+03 -1.07639E+03  1.77449E+05  0.00000E+00  3.40502E+04  2.26053E+04  9.79738E+04 -2.38717E+04 -1.54116E+04  4.64581E+04  3.16954E+04 -1.90989E+04  5.35315E+03  3.98432E+04
 SIGMA(1,1)    0.00000E+00  0.00000E+00  0.00000E+00  0.00000E+00  0.00000E+00  0.00000E+00  0.00000E+00  0.00000E+00  0.00000E+00  0.00000E+00  0.00000E+00  0.00000E+00  0.00000E+00  0.00000E+00  0.00000E+00  0.00000E+00  0.00000E+00  0.00000E+00  0.00000E+00  0.00000E+00  0.00000E+00  0.00000E+00
 OMEGA(1,1)    5.22972E+01  4.78474E+02  4.20685E+02  1.71785E+03 -1.26493E+03 -5.65470E+02 -4.56366E+03 -1.57953E+03 -1.53922E+03  3.75548E+02  3.40502E+04  0.00000E+00  1.46211E+06 -4.82147E+05  4.81719E+04 -4.36797E+05  7.67209E+04  3.37363E+04 -8.70040E+04  6.71897E+02  1.36168E+04  4.93828E+03
 OMEGA(2,1)   -1.91703E+03 -1.38747E+03 -7.91972E+03 -4.71134E+03 -3.48285E+03 -3.30023E+03 -1.31618E+04 -1.26410E+04  2.30432E+02 -3.45543E+03  2.26053E+04  0.00000E+00 -4.82147E+05  1.96428E+06 -2.92016E+05  1.58492E+05 -2.63104E+05 -9.37217E+03 -2.99946E+05  1.37894E+04  5.86414E+04 -7.43452E+03
 OMEGA(2,2)   -9.05552E+02 -1.13879E+03 -3.15803E+03 -3.92768E+03 -3.01126E+03 -1.68186E+03 -1.33865E+04 -6.25720E+03  2.31406E+03  1.82452E+03  9.79738E+04  0.00000E+00  4.81719E+04 -2.92016E+05  6.91903E+05 -1.31067E+04  3.11060E+04 -2.70383E+02  8.19463E+04 -2.11985E+05  1.76811E+04  4.25975E+04
 OMEGA(3,1)   -6.04633E+03  5.41179E+03 -2.39320E+04  2.67798E+04 -6.73436E+01 -2.26950E+03  1.43190E+03 -1.03812E+04  3.93037E+03 -7.05175E+03 -2.38717E+04  0.00000E+00 -4.36797E+05  1.58492E+05 -1.31067E+04  1.69760E+06 -3.45646E+05 -2.82052E+05 -1.26045E+06  2.56336E+05  1.87941E+05  1.09146E+04
 OMEGA(3,2)    2.22454E+03 -1.29062E+02  8.93154E+03 -2.74223E+03 -5.42134E+03  2.31346E+03 -1.84342E+04  9.82905E+03 -5.97101E+03  7.47177E+02 -1.54116E+04  0.00000E+00  7.67209E+04 -2.63104E+05  3.11060E+04 -3.45646E+05  1.05114E+06  1.31594E+04  3.19555E+05 -7.78183E+05 -2.76911E+05  2.01776E+05
 OMEGA(3,3)   -1.89445E-01 -1.74848E+03  6.50987E+02 -8.27036E+03 -3.90520E+02 -1.04148E+03 -5.44668E+02 -4.06671E+03  3.36846E+03 -4.41009E+03  4.64581E+04  0.00000E+00  3.37363E+04 -9.37217E+03 -2.70383E+02 -2.82052E+05  1.31594E+04  5.68074E+05  2.20997E+05 -1.14306E+04 -8.97037E+05  3.35474E+05
 OMEGA(4,1)    3.27911E+03 -3.34273E+03  1.74253E+04 -2.99086E+04 -2.00598E+03  3.21321E+02 -8.50381E+03  5.29235E+03 -7.38885E+03  5.73759E+03  3.16954E+04  0.00000E+00 -8.70040E+04 -2.99946E+05  8.19463E+04 -1.26045E+06  3.19555E+05  2.20997E+05  2.38094E+06 -4.61887E+05 -3.59804E+05 -3.80422E+04
 OMEGA(4,2)   -7.60382E+02  1.91337E+03 -4.61815E+03  1.05047E+04  1.39362E+03  8.32736E+02  7.86485E+03 -8.66771E+03 -4.68087E+01 -1.92247E+03 -1.90989E+04  0.00000E+00  6.71897E+02  1.37894E+04 -2.11985E+05  2.56336E+05 -7.78183E+05 -1.14306E+04 -4.61887E+05  1.62241E+06  2.47593E+05 -2.96849E+05
 OMEGA(4,3)   -5.60363E+02  5.48742E+02 -2.92168E+03  5.94349E+03  9.90974E+02 -9.73977E+02  3.68497E+03 -2.64499E+03 -6.78944E+03  9.49643E+03  5.35315E+03  0.00000E+00  1.36168E+04  5.86414E+04  1.76811E+04  1.87941E+05 -2.76911E+05 -8.97037E+05 -3.59804E+05  2.47593E+05  2.17111E+06 -1.14032E+06
 OMEGA(4,4)   -1.04586E+02 -5.91733E+02 -4.33386E+02 -1.61168E+03 -3.29235E+02 -4.10887E+02 -2.30943E+03  2.69823E+03  5.04043E+03 -4.45872E+03  3.98432E+04  0.00000E+00  4.93828E+03 -7.43452E+03  4.25975E+04  1.09146E+04  2.01776E+05  3.35474E+05 -3.80422E+04 -2.96849E+05 -1.14032E+06  1.04629E+06
TABLE NO.     3: Stochastic Approximation Expectation-Maximization (No Prior): Problem=1 Subproblem=0 Superproblem1=0 Iteration1=0 Superproblem2=0 Iteration2=0
 NAME         THETA1       THETA2       THETA3       THETA4       THETA5       THETA6       THETA7       THETA8       THETA9       THETA10      THETA11      SIGMA(1,1)   OMEGA(1,1)   OMEGA(2,1)   OMEGA(2,2)   OMEGA(3,1)   OMEGA(3,2)   OMEGA(3,3)   OMEGA(4,1)   OMEGA(4,2)   OMEGA(4,3)   OMEGA(4,4)
 THETA1        1.69600E+04  0.00000E+00  5.60173E+04  0.00000E+00 -2.05285E+03  0.00000E+00 -5.68119E+03  0.00000E+00 -1.63673E+03 -1.24364E+03 -7.50304E+02  0.00000E+00 -9.84181E+03  2.00619E+04 -1.41434E+03  6.50696E+03  7.62027E+03 -4.15556E+02  9.73826E+03 -1.76297E+04 -7.39330E+03  7.18063E+03
 THETA2        0.00000E+00  1.70913E+04  0.00000E+00  5.52934E+04  0.00000E+00 -3.62094E+03  0.00000E+00 -1.16039E+04 -3.67823E+03 -1.39337E+02 -4.74907E+02  0.00000E+00  1.40200E+04 -1.22158E+03 -5.04062E+03  9.66996E+03 -7.17677E+00 -6.71800E+03 -1.78219E+04  1.11529E+04  8.52940E+03 -5.09384E+03
 THETA3        5.60173E+04  0.00000E+00  1.94209E+05  0.00000E+00 -5.68119E+03  0.00000E+00 -1.72464E+04  0.00000E+00 -5.64587E+03 -4.65541E+03 -4.32602E+03  0.00000E+00 -2.06590E+04  6.63000E+04 -4.66744E+03  1.99110E+04  2.20718E+04 -3.91817E+03  3.24410E+04 -5.31223E+04 -1.74063E+04  1.64511E+04
 THETA4        0.00000E+00  5.52934E+04  0.00000E+00  1.93741E+05  0.00000E+00 -1.16039E+04  0.00000E+00 -3.86976E+04 -1.05693E+04 -8.39154E+02 -2.89271E+03  0.00000E+00  4.70856E+04 -5.02568E+03 -1.34525E+04  4.80890E+04 -1.21004E+03 -2.64923E+04 -8.05630E+04  3.59167E+04  3.57060E+04 -1.54238E+04
 THETA5       -2.05285E+03  0.00000E+00 -5.68119E+03  0.00000E+00  1.16624E+04  0.00000E+00  4.05212E+04  0.00000E+00  5.14307E+02 -6.93139E+02 -1.22297E+03  0.00000E+00  9.70169E+03 -4.46824E+03 -1.16022E+04  5.66628E+03 -6.39347E+02 -4.61675E+03 -1.83026E+04  4.18515E+03  1.05475E+04 -1.63637E+03
 THETA6        0.00000E+00 -3.62094E+03  0.00000E+00 -1.16039E+04  0.00000E+00  1.15892E+04  0.00000E+00  3.84894E+04  3.49555E+00 -3.21355E+03 -7.51220E+02  0.00000E+00 -5.68015E+02 -9.46860E+03  5.28285E+03 -1.76219E+03 -8.65833E+03  5.76269E+03  9.92457E+03  4.35809E+02 -1.25879E+03 -4.37336E+03
 THETA7       -5.68119E+03  0.00000E+00 -1.72464E+04  0.00000E+00  4.05212E+04  0.00000E+00  1.47699E+05  0.00000E+00  2.68975E+03 -9.59634E+02 -5.22063E+03  0.00000E+00  3.21528E+04 -1.60927E+04 -3.99061E+04  1.51609E+04 -7.48111E+03 -1.26473E+04 -5.49463E+04  1.99616E+04  3.61166E+04 -5.58691E+03
 THETA8        0.00000E+00 -1.16039E+04  0.00000E+00 -3.86976E+04  0.00000E+00  3.84894E+04  0.00000E+00  1.35360E+05  1.84082E+02 -1.05258E+04 -3.25028E+03  0.00000E+00 -2.23895E+03 -2.53650E+04  9.94796E+03 -7.03671E+03 -2.21619E+04  1.36652E+04  3.20922E+04 -8.69046E+03  2.30118E+03 -1.39792E+04
 THETA9       -1.63673E+03 -3.67823E+03 -5.64587E+03 -1.05693E+04  5.14307E+02  3.49555E+00  2.68975E+03  1.84082E+02  1.95328E+04 -1.47291E+04  1.35314E+02  0.00000E+00  7.12783E+03  5.76148E+03 -3.22584E+02 -6.89524E+03 -1.54980E+03  3.72389E+03 -5.42239E+03  7.76146E+03 -8.50914E+03  1.29843E+04
 THETA10      -1.24364E+03 -1.39337E+02 -4.65541E+03 -8.39154E+02 -6.93139E+02 -3.21355E+03 -9.59634E+02 -1.05258E+04 -1.47291E+04  2.77795E+04 -4.41501E+03  0.00000E+00 -4.07951E+03 -1.00003E+04  2.62350E+03 -4.88167E+03  1.00441E+04 -4.52068E+03  1.13284E+04 -1.17712E+04  2.64654E+04 -3.24345E+04
 THETA11      -7.50304E+02 -4.74907E+02 -4.32602E+03 -2.89271E+03 -1.22297E+03 -7.51220E+02 -5.22063E+03 -3.25028E+03  1.35314E+02 -4.41501E+03  1.47768E+05  0.00000E+00  1.60346E+04  3.71313E+04  7.58283E+04  3.79832E+03 -3.03878E+03  4.27999E+04 -3.52964E+04 -4.85303E+04  2.28725E+02  5.69063E+04
 SIGMA(1,1)    0.00000E+00  0.00000E+00  0.00000E+00  0.00000E+00  0.00000E+00  0.00000E+00  0.00000E+00  0.00000E+00  0.00000E+00  0.00000E+00  0.00000E+00  0.00000E+00  0.00000E+00  0.00000E+00  0.00000E+00  0.00000E+00  0.00000E+00  0.00000E+00  0.00000E+00  0.00000E+00  0.00000E+00  0.00000E+00
 OMEGA(1,1)   -9.84181E+03  1.40200E+04 -2.06590E+04  4.70856E+04  9.70169E+03 -5.68015E+02  3.21528E+04 -2.23895E+03  7.12783E+03 -4.07951E+03  1.60346E+04  0.00000E+00  1.39961E+06 -5.82390E+05  6.71932E+04 -2.44052E+05 -1.92071E+04  1.69154E+04 -2.06357E+05  1.30589E+05 -6.88861E+02 -2.77047E+04
 OMEGA(2,1)    2.00619E+04 -1.22158E+03  6.63000E+04 -5.02568E+03 -4.46824E+03 -9.46860E+03 -1.60927E+04 -2.53650E+04  5.76148E+03 -1.00003E+04  3.71313E+04  0.00000E+00 -5.82390E+05  2.08414E+06 -3.12165E+05 -2.98730E+04 -9.86400E+04 -3.40219E+04 -6.42102E+04 -2.29828E+05  4.33849E+04 -1.66021E+04
 OMEGA(2,2)   -1.41434E+03 -5.04062E+03 -4.66744E+03 -1.34525E+04 -1.16022E+04  5.28285E+03 -3.99061E+04  9.94796E+03 -3.22584E+02  2.62350E+03  7.58283E+04  0.00000E+00  6.71932E+04 -3.12165E+05  6.28363E+05  8.92739E+04 -5.32648E+04  3.34995E+04 -4.25806E+04 -1.80954E+05 -3.23846E+04  8.95525E+04
 OMEGA(3,1)    6.50696E+03  9.66996E+03  1.99110E+04  4.80890E+04  5.66628E+03 -1.76219E+03  1.51609E+04 -7.03671E+03 -6.89524E+03 -4.88167E+03  3.79832E+03  0.00000E+00 -2.44052E+05 -2.98730E+04  8.92739E+04  1.64624E+06 -3.94641E+05 -2.87648E+05 -1.29200E+06  2.40386E+05  3.43165E+05 -2.46246E+04
 OMEGA(3,2)    7.62027E+03 -7.17677E+00  2.20718E+04 -1.21004E+03 -6.39347E+02 -8.65833E+03 -7.48111E+03 -2.21619E+04 -1.54980E+03  1.00441E+04 -3.03878E+03  0.00000E+00 -1.92071E+04 -9.86400E+04 -5.32648E+04 -3.94641E+05  1.22036E+06  1.61383E+04  3.06999E+05 -9.18408E+05 -3.58102E+05  2.36956E+05
 OMEGA(3,3)   -4.15556E+02 -6.71800E+03 -3.91817E+03 -2.64923E+04 -4.61675E+03  5.76269E+03 -1.26473E+04  1.36652E+04  3.72389E+03 -4.52068E+03  4.27999E+04  0.00000E+00  1.69154E+04 -3.40219E+04  3.34995E+04 -2.87648E+05  1.61383E+04  5.76053E+05  3.05602E+05 -4.07407E+04 -8.94725E+05  3.42302E+05
 OMEGA(4,1)    9.73826E+03 -1.78219E+04  3.24410E+04 -8.05630E+04 -1.83026E+04  9.92457E+03 -5.49463E+04  3.20922E+04 -5.42239E+03  1.13284E+04 -3.52964E+04  0.00000E+00 -2.06357E+05 -6.42102E+04 -4.25806E+04 -1.29200E+06  3.06999E+05  3.05602E+05  2.25795E+06 -4.79255E+05 -4.62953E+05 -9.29012E+04
 OMEGA(4,2)   -1.76297E+04  1.11529E+04 -5.31223E+04  3.59167E+04  4.18515E+03  4.35809E+02  1.99616E+04 -8.69046E+03  7.76146E+03 -1.17712E+04 -4.85303E+04  0.00000E+00  1.30589E+05 -2.29828E+05 -1.80954E+05  2.40386E+05 -9.18408E+05 -4.07407E+04 -4.79255E+05  1.86046E+06  2.92088E+05 -3.85898E+05
 OMEGA(4,3)   -7.39330E+03  8.52940E+03 -1.74063E+04  3.57060E+04  1.05475E+04 -1.25879E+03  3.61166E+04  2.30118E+03 -8.50914E+03  2.64654E+04  2.28725E+02  0.00000E+00 -6.88861E+02  4.33849E+04 -3.23846E+04  3.43165E+05 -3.58102E+05 -8.94725E+05 -4.62953E+05  2.92088E+05  2.21837E+06 -1.10233E+06
 OMEGA(4,4)    7.18063E+03 -5.09384E+03  1.64511E+04 -1.54238E+04 -1.63637E+03 -4.37336E+03 -5.58691E+03 -1.39792E+04  1.29843E+04 -3.24345E+04  5.69063E+04  0.00000E+00 -2.77047E+04 -1.66021E+04  8.95525E+04 -2.46246E+04  2.36956E+05  3.42302E+05 -9.29012E+04 -3.85898E+05 -1.10233E+06  9.93730E+05
TABLE NO.     4: Objective Function Evaluation by Importance Sampling (No Prior): Problem=1 Subproblem=0 Superproblem1=0 Iteration1=0 Superproblem2=0 Iteration2=0
 NAME         THETA1       THETA2       THETA3       THETA4       THETA5       THETA6       THETA7       THETA8       THETA9       THETA10      THETA11      SIGMA(1,1)   OMEGA(1,1)   OMEGA(2,1)   OMEGA(2,2)   OMEGA(3,1)   OMEGA(3,2)   OMEGA(3,3)   OMEGA(4,1)   OMEGA(4,2)   OMEGA(4,3)   OMEGA(4,4)
 THETA1        1.57103E+04  0.00000E+00  5.18199E+04  0.00000E+00 -2.19060E+03  0.00000E+00 -6.97023E+03  0.00000E+00 -1.36458E+03 -1.04633E+03 -2.74463E+02  0.00000E+00  6.90826E+02 -1.55887E+03 -7.81002E+02 -5.62911E+03  2.22976E+03  3.28714E+01  3.15346E+03 -7.65721E+02 -4.72457E+02 -1.46632E+02
 THETA2        0.00000E+00  1.84438E+04  0.00000E+00  6.04863E+04  0.00000E+00 -3.48060E+03  0.00000E+00 -1.11928E+04 -3.94401E+03 -3.10355E+02 -2.94308E+02  0.00000E+00 -1.91204E+02 -1.80951E+03 -1.18809E+03  4.54723E+03  5.26722E+02 -1.53868E+03 -3.51736E+03  1.57691E+03  6.65742E+02 -5.79800E+02
 THETA3        5.18199E+04  0.00000E+00  1.82465E+05  0.00000E+00 -6.97023E+03  0.00000E+00 -2.41223E+04  0.00000E+00 -3.64918E+03 -3.79754E+03 -7.88410E+02  0.00000E+00  2.42242E+03 -5.94757E+03 -2.63572E+03 -2.24051E+04  8.63194E+03  6.31662E+02  1.66629E+04 -4.25364E+03 -2.78294E+03 -6.96076E+02
 THETA4        0.00000E+00  6.04863E+04  0.00000E+00  2.14028E+05  0.00000E+00 -1.11928E+04  0.00000E+00 -3.92086E+04 -1.26897E+04 -9.51599E+02 -1.16920E+03  0.00000E+00 -5.63605E+02 -5.66995E+03 -4.11707E+03  2.43214E+04 -6.31938E+02 -7.56779E+03 -3.09385E+04  9.46816E+03  6.69557E+03 -1.53662E+03
 THETA5       -2.19060E+03  0.00000E+00 -6.97023E+03  0.00000E+00  1.13906E+04  0.00000E+00  3.81382E+04  0.00000E+00  1.13659E+03 -7.19757E+02 -9.28236E+02  0.00000E+00 -1.28424E+03 -2.93676E+03 -2.46400E+03  4.35398E+02 -6.89615E+03 -2.76789E+02 -1.29149E+03  2.56087E+03  2.03691E+03 -4.42974E+02
 THETA6        0.00000E+00 -3.48060E+03  0.00000E+00 -1.11928E+04  0.00000E+00  1.18233E+04  0.00000E+00  3.86296E+04 -5.45886E+02 -3.13714E+03 -1.07533E+03  0.00000E+00 -4.20609E+02 -1.98062E+03 -2.30751E+03 -1.27105E+03  1.45917E+03 -7.50920E+02  5.80899E+02  3.83987E+02 -6.09674E+02 -7.59870E+02
 THETA7       -6.97023E+03  0.00000E+00 -2.41223E+04  0.00000E+00  3.81382E+04  0.00000E+00  1.36179E+05  0.00000E+00  4.41299E+03 -1.36816E+03 -2.67034E+03  0.00000E+00 -4.30808E+03 -1.11499E+04 -1.09744E+04  1.99527E+03 -2.37148E+04 -4.83103E+02 -5.68248E+03  1.27363E+04  6.57896E+03 -2.76649E+03
 THETA8        0.00000E+00 -1.11928E+04  0.00000E+00 -3.92086E+04  0.00000E+00  3.86296E+04  0.00000E+00  1.36542E+05 -1.16475E+03 -9.65109E+03 -4.16027E+03  0.00000E+00 -1.19331E+03 -7.83474E+03 -7.83431E+03 -6.76422E+03  7.76547E+03 -3.00462E+03  6.26723E+03 -1.11070E+04 -1.43653E+03  1.70618E+03
 THETA9       -1.36458E+03 -3.94401E+03 -3.64918E+03 -1.26897E+04  1.13659E+03 -5.45886E+02  4.41299E+03 -1.16475E+03  1.95090E+04 -1.47504E+04 -1.18686E+03  0.00000E+00 -1.22168E+03  9.98844E+02  1.63991E+03  4.03435E+03 -6.55221E+03  3.90063E+03 -6.25467E+03  1.45151E+02 -7.28460E+03  3.92863E+03
 THETA10      -1.04633E+03 -3.10355E+02 -3.79754E+03 -9.51599E+02 -7.19757E+02 -3.13714E+03 -1.36816E+03 -9.65109E+03 -1.47504E+04  2.78770E+04 -9.41533E+02  0.00000E+00  2.58710E+02 -2.48639E+03  1.86959E+03 -5.86688E+03  1.91773E+03 -3.64729E+03  5.64915E+03 -2.92967E+03  8.08625E+03 -5.03216E+03
 THETA11      -2.74463E+02 -2.94308E+02 -7.88410E+02 -1.16920E+03 -9.28236E+02 -1.07533E+03 -2.67034E+03 -4.16027E+03 -1.18686E+03 -9.41533E+02  1.75681E+05  0.00000E+00  3.36757E+04  1.91060E+04  1.09647E+05 -3.07195E+04 -1.26138E+04  5.02612E+04  2.58424E+04 -2.60187E+04  5.01009E+03  4.18813E+04
 SIGMA(1,1)    0.00000E+00  0.00000E+00  0.00000E+00  0.00000E+00  0.00000E+00  0.00000E+00  0.00000E+00  0.00000E+00  0.00000E+00  0.00000E+00  0.00000E+00  0.00000E+00  0.00000E+00  0.00000E+00  0.00000E+00  0.00000E+00  0.00000E+00  0.00000E+00  0.00000E+00  0.00000E+00  0.00000E+00  0.00000E+00
 OMEGA(1,1)    6.90826E+02 -1.91204E+02  2.42242E+03 -5.63605E+02 -1.28424E+03 -4.20609E+02 -4.30808E+03 -1.19331E+03 -1.22168E+03  2.58710E+02  3.36757E+04  0.00000E+00  1.45286E+06 -4.92988E+05  4.54634E+04 -4.59955E+05  8.43004E+04  4.12207E+04 -1.15771E+05  1.76798E+04  1.57206E+04  6.44219E+03
 OMEGA(2,1)   -1.55887E+03 -1.80951E+03 -5.94757E+03 -5.66995E+03 -2.93676E+03 -1.98062E+03 -1.11499E+04 -7.83474E+03  9.98844E+02 -2.48639E+03  1.91060E+04  0.00000E+00 -4.92988E+05  2.02790E+06 -3.10156E+05  1.82703E+05 -2.77999E+05 -1.65019E+04 -3.01997E+05 -1.73563E+04  6.17341E+04 -3.23395E+03
 OMEGA(2,2)   -7.81002E+02 -1.18809E+03 -2.63572E+03 -4.11707E+03 -2.46400E+03 -2.30751E+03 -1.09744E+04 -7.83431E+03  1.63991E+03  1.86959E+03  1.09647E+05  0.00000E+00  4.54634E+04 -3.10156E+05  7.31689E+05  1.95119E+03  2.58305E+04  2.02175E+03  6.92733E+04 -2.28657E+05  1.99462E+04  4.59384E+04
 OMEGA(3,1)   -5.62911E+03  4.54723E+03 -2.24051E+04  2.43214E+04  4.35398E+02 -1.27105E+03  1.99527E+03 -6.76422E+03  4.03435E+03 -5.86688E+03 -3.07195E+04  0.00000E+00 -4.59955E+05  1.82703E+05  1.95119E+03  1.74002E+06 -3.66086E+05 -3.10127E+05 -1.25948E+06  2.52117E+05  2.07827E+05  2.11199E+04
 OMEGA(3,2)    2.22976E+03  5.26722E+02  8.63194E+03 -6.31938E+02 -6.89615E+03  1.45917E+03 -2.37148E+04  7.76547E+03 -6.55221E+03  1.91773E+03 -1.26138E+04  0.00000E+00  8.43004E+04 -2.77999E+05  2.58305E+04 -3.66086E+05  1.11322E+06  1.48703E+04  3.22536E+05 -8.25114E+05 -3.16319E+05  2.09424E+05
 OMEGA(3,3)    3.28714E+01 -1.53868E+03  6.31662E+02 -7.56779E+03 -2.76789E+02 -7.50920E+02 -4.83103E+02 -3.00462E+03  3.90063E+03 -3.64729E+03  5.02612E+04  0.00000E+00  4.12207E+04 -1.65019E+04  2.02175E+03 -3.10127E+05  1.48703E+04  6.06396E+05  2.41867E+05 -1.79295E+04 -9.21956E+05  3.42407E+05
 OMEGA(4,1)    3.15346E+03 -3.51736E+03  1.66629E+04 -3.09385E+04 -1.29149E+03  5.80899E+02 -5.68248E+03  6.26723E+03 -6.25467E+03  5.64915E+03  2.58424E+04  0.00000E+00 -1.15771E+05 -3.01997E+05  6.92733E+04 -1.25948E+06  3.22536E+05  2.41867E+05  2.38244E+06 -4.51142E+05 -3.84275E+05 -6.36049E+04
 OMEGA(4,2)   -7.65721E+02  1.57691E+03 -4.25364E+03  9.46816E+03  2.56087E+03  3.83987E+02  1.27363E+04 -1.11070E+04  1.45151E+02 -2.92967E+03 -2.60187E+04  0.00000E+00  1.76798E+04 -1.73563E+04 -2.28657E+05  2.52117E+05 -8.25114E+05 -1.79295E+04 -4.51142E+05  1.70718E+06  2.45159E+05 -3.20555E+05
 OMEGA(4,3)   -4.72457E+02  6.65742E+02 -2.78294E+03  6.69557E+03  2.03691E+03 -6.09674E+02  6.57896E+03 -1.43653E+03 -7.28460E+03  8.08625E+03  5.01009E+03  0.00000E+00  1.57206E+04  6.17341E+04  1.99462E+04  2.07827E+05 -3.16319E+05 -9.21956E+05 -3.84275E+05  2.45159E+05  2.23451E+06 -1.15998E+06
 OMEGA(4,4)   -1.46632E+02 -5.79800E+02 -6.96076E+02 -1.53662E+03 -4.42974E+02 -7.59870E+02 -2.76649E+03  1.70618E+03  3.92863E+03 -5.03216E+03  4.18813E+04  0.00000E+00  6.44219E+03 -3.23395E+03  4.59384E+04  2.11199E+04  2.09424E+05  3.42407E+05 -6.36049E+04 -3.20555E+05 -1.15998E+06  1.05417E+06
TABLE NO.     5: MCMC Bayesian Analysis: Problem=1 Subproblem=0 Superproblem1=0 Iteration1=0 Superproblem2=0 Iteration2=0
 NAME         THETA1       THETA2       THETA3       THETA4       THETA5       THETA6       THETA7       THETA8       THETA9       THETA10      THETA11      SIGMA(1,1)   OMEGA(1,1)   OMEGA(2,1)   OMEGA(2,2)   OMEGA(3,1)   OMEGA(3,2)   OMEGA(3,3)   OMEGA(4,1)   OMEGA(4,2)   OMEGA(4,3)   OMEGA(4,4)
 THETA1        1.56475E+04 -2.57211E+02  5.15566E+04 -7.35182E+02 -2.32380E+03  7.40904E+01 -7.22703E+03  2.45873E+02 -7.01608E+02 -8.41184E+02 -1.55200E+01  0.00000E+00  2.19933E+03  4.40222E+02  1.01682E+03 -2.77161E+03  1.25093E+03 -8.92491E+02 -2.59324E+03 -2.80798E+03  4.08399E+02 -4.07579E+03
 THETA2       -2.57211E+02  1.83349E+04 -1.06161E+03  6.01379E+04  1.39058E+01 -3.50848E+03  1.31421E+02 -1.13544E+04 -4.14909E+03 -6.11353E+02 -2.81526E+01  0.00000E+00 -9.09174E+02  1.24436E+03 -3.63450E+03  6.30368E+03  3.16589E+03 -3.22818E+03 -5.94097E+03  5.39178E+03  4.83237E+03 -2.13413E+03
 THETA3        5.15566E+04 -1.06161E+03  1.81790E+05 -3.09909E+03 -7.43168E+03  2.17764E+02 -2.48230E+04  7.63913E+02 -1.66580E+03 -2.72345E+03 -1.47801E+01  0.00000E+00  5.02644E+03  4.79655E+03  2.35219E+03 -1.26527E+04  3.60023E+03 -3.83741E+03 -4.25886E+03 -1.05889E+04  7.57554E+03 -1.59471E+04
 THETA4       -7.35182E+02  6.01379E+04 -3.09909E+03  2.12718E+05  3.50275E+01 -1.15391E+04  3.72111E+02 -4.02983E+04 -1.36645E+04 -1.94815E+03 -5.14969E+01  0.00000E+00 -9.76797E+03  7.18163E+03 -9.76177E+03  2.79499E+04  5.34327E+03 -1.35922E+04 -2.40186E+04  1.70418E+04  1.85083E+04 -3.59187E+03
 THETA5       -2.32380E+03  1.39058E+01 -7.43168E+03  3.50275E+01  1.12155E+04  2.42900E+02  3.74434E+04  6.25145E+02  7.24620E+02 -1.24603E+03  2.55813E+00  0.00000E+00 -1.70015E+03 -7.16746E+02 -1.95933E+03 -1.40804E+03 -6.43940E+03  4.62333E+01 -6.21386E+03  4.81118E+03  1.34498E+03  7.74956E+02
 THETA6        7.40904E+01 -3.50848E+03  2.17764E+02 -1.15391E+04  2.42900E+02  1.20975E+04  8.45141E+02  3.89851E+04 -7.02312E+02 -2.95705E+03 -6.44721E+01  0.00000E+00  2.54041E+03 -7.57769E+03 -2.11015E+03 -2.62886E+03  3.29967E+02 -2.33249E+03  5.57105E+03  6.80746E+02 -2.09215E+02 -2.58828E+03
 THETA7       -7.22703E+03  1.31421E+02 -2.48230E+04  3.72111E+02  3.74434E+04  8.45141E+02  1.33831E+05  2.28827E+03  3.52590E+03 -3.86959E+03 -4.37405E+01  0.00000E+00 -5.36729E+03  2.79670E+03 -6.88276E+03 -5.57892E+03 -2.59838E+04  2.19109E+03 -2.19533E+04  2.21105E+04  2.38710E+03  3.02160E+03
 THETA8        2.45873E+02 -1.13544E+04  7.63913E+02 -4.02983E+04  6.25145E+02  3.89851E+04  2.28827E+03  1.36418E+05 -1.15097E+03 -8.73875E+03 -2.49489E+02  0.00000E+00  9.17260E+03 -2.52137E+04 -9.54057E+03 -1.30792E+04 -3.41500E+02 -8.62281E+03  1.66493E+04 -2.27167E+03  5.82874E+03 -3.72469E+03
 THETA9       -7.01608E+02 -4.14909E+03 -1.66580E+03 -1.36645E+04  7.24620E+02 -7.02312E+02  3.52590E+03 -1.15097E+03  1.93128E+04 -1.37569E+04 -4.56632E+01  0.00000E+00 -9.20706E+03  9.68536E+03 -1.17198E+03 -1.88812E+03 -6.95906E+03  5.59516E+03 -7.12457E+03 -5.95667E+03 -4.12909E+03  3.89037E+03
 THETA10      -8.41184E+02 -6.11353E+02 -2.72345E+03 -1.94815E+03 -1.24603E+03 -2.95705E+03 -3.86959E+03 -8.73875E+03 -1.37569E+04  2.73546E+04  1.14577E+02  0.00000E+00  9.37646E+03 -1.24158E+04  1.44892E+03  3.09699E+03  6.80122E+03 -7.30265E+03  5.40249E+03 -5.37324E+02  5.97222E+03 -3.86636E+03
 THETA11      -1.55200E+01 -2.81526E+01 -1.47801E+01 -5.14969E+01  2.55813E+00 -6.44721E+01 -4.37405E+01 -2.49489E+02 -4.56632E+01  1.14577E+02  1.14083E+02  0.00000E+00 -4.84567E+02 -3.39008E+00  1.42053E+01  5.13557E+02 -3.67380E+02  6.06904E+02  3.45090E+02 -2.04041E+02 -1.06925E+01 -1.50529E+02
 SIGMA(1,1)    0.00000E+00  0.00000E+00  0.00000E+00  0.00000E+00  0.00000E+00  0.00000E+00  0.00000E+00  0.00000E+00  0.00000E+00  0.00000E+00  0.00000E+00  0.00000E+00  0.00000E+00  0.00000E+00  0.00000E+00  0.00000E+00  0.00000E+00  0.00000E+00  0.00000E+00  0.00000E+00  0.00000E+00  0.00000E+00
 OMEGA(1,1)    2.19933E+03 -9.09174E+02  5.02644E+03 -9.76797E+03 -1.70015E+03  2.54041E+03 -5.36729E+03  9.17260E+03 -9.20706E+03  9.37646E+03 -4.84567E+02  0.00000E+00  1.47815E+06 -4.82641E+05  4.31342E+04 -4.29156E+05  9.64700E+04  3.39352E+04 -1.11009E+05 -2.20680E+04 -8.59661E+03 -2.34608E+04
 OMEGA(2,1)    4.40222E+02  1.24436E+03  4.79655E+03  7.18163E+03 -7.16746E+02 -7.57769E+03  2.79670E+03 -2.52137E+04  9.68536E+03 -1.24158E+04 -3.39008E+00  0.00000E+00 -4.82641E+05  2.07577E+06 -2.85758E+05  1.07694E+05 -3.50739E+05 -3.40798E+04 -2.63954E+05  1.22894E+05  4.21690E+04 -1.10641E+04
 OMEGA(2,2)    1.01682E+03 -3.63450E+03  2.35219E+03 -9.76177E+03 -1.95933E+03 -2.11015E+03 -6.88276E+03 -9.54057E+03 -1.17198E+03  1.44892E+03  1.42053E+01  0.00000E+00  4.31342E+04 -2.85758E+05  6.70696E+05  7.66782E+04  3.26423E+04 -3.44707E+04  1.38969E+04 -1.78457E+05  1.50009E+04  9.70184E+02
 OMEGA(3,1)   -2.77161E+03  6.30368E+03 -1.26527E+04  2.79499E+04 -1.40804E+03 -2.62886E+03 -5.57892E+03 -1.30792E+04 -1.88812E+03  3.09699E+03  5.13557E+02  0.00000E+00 -4.29156E+05  1.07694E+05  7.66782E+04  1.81755E+06 -3.47320E+05 -3.00607E+05 -1.20479E+06  2.12643E+05  1.55512E+05  2.50295E+04
 OMEGA(3,2)    1.25093E+03  3.16589E+03  3.60023E+03  5.34327E+03 -6.43940E+03  3.29967E+02 -2.59838E+04 -3.41500E+02 -6.95906E+03  6.80122E+03 -3.67380E+02  0.00000E+00  9.64700E+04 -3.50739E+05  3.26423E+04 -3.47320E+05  1.11715E+06  2.75260E+04  3.16233E+05 -7.75819E+05 -3.34938E+05  2.27630E+05
 OMEGA(3,3)   -8.92491E+02 -3.22818E+03 -3.83741E+03 -1.35922E+04  4.62333E+01 -2.33249E+03  2.19109E+03 -8.62281E+03  5.59516E+03 -7.30265E+03  6.06904E+02  0.00000E+00  3.39352E+04 -3.40798E+04 -3.44707E+04 -3.00607E+05  2.75260E+04  6.49695E+05  2.80254E+05 -4.71590E+04 -8.23965E+05  2.89705E+05
 OMEGA(4,1)   -2.59324E+03 -5.94097E+03 -4.25886E+03 -2.40186E+04 -6.21386E+03  5.57105E+03 -2.19533E+04  1.66493E+04 -7.12457E+03  5.40249E+03  3.45090E+02  0.00000E+00 -1.11009E+05 -2.63954E+05  1.38969E+04 -1.20479E+06  3.16233E+05  2.80254E+05  2.39206E+06 -4.19507E+05 -4.25960E+05 -3.66993E+04
 OMEGA(4,2)   -2.80798E+03  5.39178E+03 -1.05889E+04  1.70418E+04  4.81118E+03  6.80746E+02  2.21105E+04 -2.27167E+03 -5.95667E+03 -5.37324E+02 -2.04041E+02  0.00000E+00 -2.20680E+04  1.22894E+05 -1.78457E+05  2.12643E+05 -7.75819E+05 -4.71590E+04 -4.19507E+05  1.64749E+06  2.76493E+05 -3.53317E+05
 OMEGA(4,3)    4.08399E+02  4.83237E+03  7.57554E+03  1.85083E+04  1.34498E+03 -2.09215E+02  2.38710E+03  5.82874E+03 -4.12909E+03  5.97222E+03 -1.06925E+01  0.00000E+00 -8.59661E+03  4.21690E+04  1.50009E+04  1.55512E+05 -3.34938E+05 -8.23965E+05 -4.25960E+05  2.76493E+05  2.18009E+06 -1.06278E+06
 OMEGA(4,4)   -4.07579E+03 -2.13413E+03 -1.59471E+04 -3.59187E+03  7.74956E+02 -2.58828E+03  3.02160E+03 -3.72469E+03  3.89037E+03 -3.86636E+03 -1.50529E+02  0.00000E+00 -2.34608E+04 -1.10641E+04  9.70184E+02  2.50295E+04  2.27630E+05  2.89705E+05 -3.66993E+04 -3.53317E+05 -1.06278E+06  1.00397E+06
TABLE NO.     6: First Order Conditional Estimation with Interaction (No Prior): Problem=1 Subproblem=0 Superproblem1=0 Iteration1=0 Superproblem2=0 Iteration2=0
 NAME         THETA1       THETA2       THETA3       THETA4       THETA5       THETA6       THETA7       THETA8       THETA9       THETA10      THETA11      SIGMA(1,1)   OMEGA(1,1)   OMEGA(2,1)   OMEGA(2,2)   OMEGA(3,1)   OMEGA(3,2)   OMEGA(3,3)   OMEGA(4,1)   OMEGA(4,2)   OMEGA(4,3)   OMEGA(4,4)
 THETA1        1.58694E+04  0.00000E+00  5.23679E+04  0.00000E+00 -2.13764E+03  2.41397E-06 -6.76724E+03  0.00000E+00 -1.35544E+03 -9.75611E+02  1.46133E+03  0.00000E+00 -7.04265E+01 -1.88506E+03 -1.21385E+03 -5.14091E+03  1.61092E+03 -5.94911E+02  2.63247E+03 -6.03743E+02  4.02169E+02 -1.36052E+03
 THETA2        0.00000E+00  1.85306E+04  0.00000E+00  6.07887E+04  0.00000E+00 -3.50719E+03  0.00000E+00 -1.12602E+04 -3.88186E+03 -2.73000E+02  1.35876E+03  0.00000E+00 -2.46196E+02 -1.02628E+03 -2.00225E+03  5.44617E+03  3.48848E+02 -2.28538E+03 -3.47210E+03  1.64833E+03  3.13386E+02 -9.54008E+02
 THETA3        5.23679E+04  0.00000E+00  1.84433E+05  0.00000E+00 -6.76695E+03  1.69407E-21 -2.33567E+04  0.00000E+00 -3.62435E+03 -3.56268E+03  4.72252E+03  0.00000E+00 -1.64695E+02 -6.64807E+03 -4.11977E+03 -2.11799E+04  6.41792E+03 -1.30090E+03  1.46749E+04 -3.82006E+03  5.55416E+02 -5.09511E+03
 THETA4        0.00000E+00  6.07887E+04  0.00000E+00  2.15147E+05  0.00000E+00 -1.12599E+04  0.00000E+00 -3.93716E+04 -1.25039E+04 -8.22223E+02  4.74230E+03  0.00000E+00 -7.68846E+02 -3.07258E+03 -6.90191E+03  2.76694E+04 -1.50867E+03 -1.01836E+04 -3.07307E+04  9.70498E+03  5.32752E+03 -2.85679E+03
 THETA5       -2.13764E+03  0.00000E+00 -6.76695E+03  0.00000E+00  1.12360E+04  1.05879E-22  3.76036E+04  0.00000E+00  1.09192E+03 -7.36944E+02  1.11419E+03  0.00000E+00 -1.36447E+03 -4.33949E+03 -5.31840E+03  2.87755E+02 -5.92060E+03 -1.02393E+03 -1.18738E+03  1.86872E+03  1.52862E+03 -1.16413E+02
 THETA6        2.41397E-06 -3.50719E+03  1.69407E-21 -1.12599E+04  1.05879E-22  1.17194E+04  0.00000E+00  3.82574E+04 -5.66204E+02 -3.20163E+03  4.95128E+02  0.00000E+00 -5.10190E+02 -3.68266E+03 -2.21771E+03 -9.56908E+02  1.41777E+03 -1.03949E+03  7.40444E+02 -7.07534E+02 -7.24867E+02 -6.17371E+02
 THETA7       -6.76724E+03  0.00000E+00 -2.33567E+04  0.00000E+00  3.76036E+04  0.00000E+00  1.34261E+05  0.00000E+00  4.23271E+03 -1.42851E+03  3.40486E+03  0.00000E+00 -4.67369E+03 -1.57375E+04 -2.12785E+04  1.79167E+03 -2.09177E+04 -3.03593E+03 -5.36952E+03  1.08299E+04  5.03999E+03 -1.67801E+03
 THETA8        0.00000E+00 -1.12602E+04  0.00000E+00 -3.93716E+04  0.00000E+00  3.82574E+04  0.00000E+00  1.35160E+05 -1.27692E+03 -9.86376E+03  2.25767E+03  0.00000E+00 -1.40743E+03 -1.36235E+04 -8.45309E+03 -6.01890E+03  7.60984E+03 -3.92586E+03  6.84828E+03 -1.47359E+04 -2.19149E+03  2.31047E+03
 THETA9       -1.35544E+03 -3.88186E+03 -3.62435E+03 -1.25039E+04  1.09192E+03 -5.66204E+02  4.23271E+03 -1.27692E+03  1.94761E+04 -1.49055E+04  1.09101E+03  0.00000E+00 -8.13039E+02  1.02392E+03 -4.03751E+02  1.58311E+03 -4.87901E+03  5.22781E+03 -6.22276E+03  6.66120E+02 -8.06366E+03  3.20173E+03
 THETA10      -9.75611E+02 -2.73000E+02 -3.56268E+03 -8.22223E+02 -7.36944E+02 -3.20163E+03 -1.42851E+03 -9.86376E+03 -1.49055E+04  2.82739E+04  6.93569E+02  0.00000E+00 -4.27496E+02 -1.63406E+03 -5.65077E+01 -5.59793E+03  3.33789E+02 -4.08176E+03  3.25912E+03 -2.91663E+02  6.39259E+03 -4.39374E+03
 THETA11       1.46133E+03  1.35876E+03  4.72252E+03  4.74230E+03  1.11419E+03  4.95128E+02  3.40486E+03  2.25767E+03  1.09101E+03  6.93569E+02  1.75619E+05  0.00000E+00 -3.48062E+04 -2.18353E+04 -1.05221E+05  2.70716E+04  1.39610E+04 -4.79673E+04 -3.14166E+04  2.51410E+04 -5.89023E+03 -4.39665E+04
 SIGMA(1,1)    0.00000E+00  0.00000E+00  0.00000E+00  0.00000E+00  0.00000E+00  0.00000E+00  0.00000E+00  0.00000E+00  0.00000E+00  0.00000E+00  0.00000E+00  0.00000E+00  0.00000E+00  0.00000E+00  0.00000E+00  0.00000E+00  0.00000E+00  0.00000E+00  0.00000E+00  0.00000E+00  0.00000E+00  0.00000E+00
 OMEGA(1,1)   -7.04265E+01 -2.46196E+02 -1.64695E+02 -7.68846E+02 -1.36447E+03 -5.10190E+02 -4.67369E+03 -1.40743E+03 -8.13039E+02 -4.27496E+02 -3.48062E+04  0.00000E+00  1.47901E+06 -4.87398E+05  4.63707E+04 -4.49681E+05  8.01330E+04  3.97779E+04 -1.00351E+05  1.18583E+04  1.18313E+04  5.55919E+03
 OMEGA(2,1)   -1.88506E+03 -1.02628E+03 -6.64807E+03 -3.07258E+03 -4.33949E+03 -3.68266E+03 -1.57375E+04 -1.36235E+04  1.02392E+03 -1.63406E+03 -2.18353E+04  0.00000E+00 -4.87398E+05  1.99192E+06 -2.94643E+05  1.71409E+05 -2.62431E+05 -1.64207E+04 -2.97035E+05  7.34241E+03  5.92566E+04 -4.70441E+03
