TABLE NO.     1: Iterative Two Stage: Problem=1 Subproblem=0 Superproblem1=0 Iteration1=0 Superproblem2=0 Iteration2=0
 NAME         THETA1       THETA2       SIGMA(1,1)   OMEGA(1,1)   OMEGA(2,1)   OMEGA(2,2)   OMEGA(3,1)   OMEGA(3,2)   OMEGA(3,3)   OMEGA(4,1)   OMEGA(4,2)   OMEGA(4,3)   OMEGA(4,4)   OMEGA(5,1)   OMEGA(5,2)   OMEGA(5,3)   OMEGA(5,4)   OMEGA(5,5)   OMEGA(6,1)   OMEGA(6,2)   OMEGA(6,3)   OMEGA(6,4)   OMEGA(6,5)   OMEGA(6,6)
 THETA1        1.84548E+05 -9.26242E+03 -1.75084E+05  2.55577E+04 -1.88933E+05 -9.20215E+03  0.00000E+00  0.00000E+00 -1.76059E+03  0.00000E+00  0.00000E+00 -9.02019E+02 -6.69666E+02  0.00000E+00  0.00000E+00  0.00000E+00  0.00000E+00 -5.13759E+02  0.00000E+00  0.00000E+00  0.00000E+00  0.00000E+00 -3.10738E+02 -2.97119E+02
 THETA2       -9.26242E+03  1.69653E+05 -3.42130E+04 -8.25756E+04 -4.45236E+04 -2.10327E+04  0.00000E+00  0.00000E+00 -2.03742E+03  0.00000E+00  0.00000E+00 -1.88518E+03  7.19413E+01  0.00000E+00  0.00000E+00  0.00000E+00  0.00000E+00 -6.84877E-01  0.00000E+00  0.00000E+00  0.00000E+00  0.00000E+00 -1.56041E+02 -2.72167E+02
 SIGMA(1,1)   -1.75084E+05 -3.42130E+04  6.19513E+07  9.99324E+05  2.94065E+05  9.89891E+05  0.00000E+00  0.00000E+00 -2.62853E+04  0.00000E+00  0.00000E+00 -6.92474E+02  1.45546E+04  0.00000E+00  0.00000E+00  0.00000E+00  0.00000E+00  1.12666E+04  0.00000E+00  0.00000E+00  0.00000E+00  0.00000E+00  6.86633E+03  1.70347E+03
 OMEGA(1,1)    2.55577E+04 -8.25756E+04  9.99324E+05  8.85122E+06 -1.10783E+06  2.05404E+05  0.00000E+00  0.00000E+00 -1.91097E+04  0.00000E+00  0.00000E+00  1.01865E+04 -1.17443E+04  0.00000E+00  0.00000E+00  0.00000E+00  0.00000E+00 -9.63288E+02  0.00000E+00  0.00000E+00  0.00000E+00  0.00000E+00  9.21485E+01 -6.43586E+01
 OMEGA(2,1)   -1.88933E+05 -4.45236E+04  2.94065E+05 -1.10783E+06  1.57228E+07 -1.61044E+04  0.00000E+00  0.00000E+00 -1.09025E+04  0.00000E+00  0.00000E+00  9.77274E+04 -1.05398E+04  0.00000E+00  0.00000E+00  0.00000E+00  0.00000E+00 -3.80027E+03  0.00000E+00  0.00000E+00  0.00000E+00  0.00000E+00 -6.40939E+03  1.86457E+03
 OMEGA(2,2)   -9.20215E+03 -2.10327E+04  9.89891E+05  2.05404E+05 -1.61044E+04  7.04006E+06  0.00000E+00  0.00000E+00  2.37089E+04  0.00000E+00  0.00000E+00 -1.99140E+04  1.50727E+04  0.00000E+00  0.00000E+00  0.00000E+00  0.00000E+00  3.24122E+03  0.00000E+00  0.00000E+00  0.00000E+00  0.00000E+00  3.89570E+03  4.44650E+03
 OMEGA(3,1)    0.00000E+00  0.00000E+00  0.00000E+00  0.00000E+00  0.00000E+00  0.00000E+00  0.00000E+00  0.00000E+00  0.00000E+00  0.00000E+00  0.00000E+00  0.00000E+00  0.00000E+00  0.00000E+00  0.00000E+00  0.00000E+00  0.00000E+00  0.00000E+00  0.00000E+00  0.00000E+00  0.00000E+00  0.00000E+00  0.00000E+00  0.00000E+00
 OMEGA(3,2)    0.00000E+00  0.00000E+00  0.00000E+00  0.00000E+00  0.00000E+00  0.00000E+00  0.00000E+00  0.00000E+00  0.00000E+00  0.00000E+00  0.00000E+00  0.00000E+00  0.00000E+00  0.00000E+00  0.00000E+00  0.00000E+00  0.00000E+00  0.00000E+00  0.00000E+00  0.00000E+00  0.00000E+00  0.00000E+00  0.00000E+00  0.00000E+00
 OMEGA(3,3)   -1.76059E+03 -2.03742E+03 -2.62853E+04 -1.91097E+04 -1.09025E+04  2.37089E+04  0.00000E+00  0.00000E+00  1.96639E+05  0.00000E+00  0.00000E+00  1.43202E+04  3.88679E+03  0.00000E+00  0.00000E+00  0.00000E+00  0.00000E+00 -6.87849E+02  0.00000E+00  0.00000E+00  0.00000E+00  0.00000E+00  1.03106E+03  7.63932E+02
 OMEGA(4,1)    0.00000E+00  0.00000E+00  0.00000E+00  0.00000E+00  0.00000E+00  0.00000E+00  0.00000E+00  0.00000E+00  0.00000E+00  0.00000E+00  0.00000E+00  0.00000E+00  0.00000E+00  0.00000E+00  0.00000E+00  0.00000E+00  0.00000E+00  0.00000E+00  0.00000E+00  0.00000E+00  0.00000E+00  0.00000E+00  0.00000E+00  0.00000E+00
 OMEGA(4,2)    0.00000E+00  0.00000E+00  0.00000E+00  0.00000E+00  0.00000E+00  0.00000E+00  0.00000E+00  0.00000E+00  0.00000E+00  0.00000E+00  0.00000E+00  0.00000E+00  0.00000E+00  0.00000E+00  0.00000E+00  0.00000E+00  0.00000E+00  0.00000E+00  0.00000E+00  0.00000E+00  0.00000E+00  0.00000E+00  0.00000E+00  0.00000E+00
 OMEGA(4,3)   -9.02019E+02 -1.88518E+03 -6.92474E+02  1.01865E+04  9.77274E+04 -1.99140E+04  0.00000E+00  0.00000E+00  1.43202E+04  0.00000E+00  0.00000E+00  3.02568E+05 -3.52466E+03  0.00000E+00  0.00000E+00  0.00000E+00  0.00000E+00 -2.14244E+03  0.00000E+00  0.00000E+00  0.00000E+00  0.00000E+00 -1.98388E+03  2.20382E+03
 OMEGA(4,4)   -6.69666E+02  7.19413E+01  1.45546E+04 -1.17443E+04 -1.05398E+04  1.50727E+04  0.00000E+00  0.00000E+00  3.88679E+03  0.00000E+00  0.00000E+00 -3.52466E+03  1.36165E+05  0.00000E+00  0.00000E+00  0.00000E+00  0.00000E+00 -8.52293E+02  0.00000E+00  0.00000E+00  0.00000E+00  0.00000E+00 -4.54459E+02 -5.19497E+01
 OMEGA(5,1)    0.00000E+00  0.00000E+00  0.00000E+00  0.00000E+00  0.00000E+00  0.00000E+00  0.00000E+00  0.00000E+00  0.00000E+00  0.00000E+00  0.00000E+00  0.00000E+00  0.00000E+00  0.00000E+00  0.00000E+00  0.00000E+00  0.00000E+00  0.00000E+00  0.00000E+00  0.00000E+00  0.00000E+00  0.00000E+00  0.00000E+00  0.00000E+00
 OMEGA(5,2)    0.00000E+00  0.00000E+00  0.00000E+00  0.00000E+00  0.00000E+00  0.00000E+00  0.00000E+00  0.00000E+00  0.00000E+00  0.00000E+00  0.00000E+00  0.00000E+00  0.00000E+00  0.00000E+00  0.00000E+00  0.00000E+00  0.00000E+00  0.00000E+00  0.00000E+00  0.00000E+00  0.00000E+00  0.00000E+00  0.00000E+00  0.00000E+00
 OMEGA(5,3)    0.00000E+00  0.00000E+00  0.00000E+00  0.00000E+00  0.00000E+00  0.00000E+00  0.00000E+00  0.00000E+00  0.00000E+00  0.00000E+00  0.00000E+00  0.00000E+00  0.00000E+00  0.00000E+00  0.00000E+00  0.00000E+00  0.00000E+00  0.00000E+00  0.00000E+00  0.00000E+00  0.00000E+00  0.00000E+00  0.00000E+00  0.00000E+00
 OMEGA(5,4)    0.00000E+00  0.00000E+00  0.00000E+00  0.00000E+00  0.00000E+00  0.00000E+00  0.00000E+00  0.00000E+00  0.00000E+00  0.00000E+00  0.00000E+00  0.00000E+00  0.00000E+00  0.00000E+00  0.00000E+00  0.00000E+00  0.00000E+00  0.00000E+00  0.00000E+00  0.00000E+00  0.00000E+00  0.00000E+00  0.00000E+00  0.00000E+00
 OMEGA(5,5)   -5.13759E+02 -6.84877E-01  1.12666E+04 -9.63288E+02 -3.80027E+03  3.24122E+03  0.00000E+00  0.00000E+00 -6.87849E+02  0.00000E+00  0.00000E+00 -2.14244E+03 -8.52293E+02  0.00000E+00  0.00000E+00  0.00000E+00  0.00000E+00  1.74225E+03  0.00000E+00  0.00000E+00  0.00000E+00  0.00000E+00  1.46729E+03 -3.80633E+01
 OMEGA(6,1)    0.00000E+00  0.00000E+00  0.00000E+00  0.00000E+00  0.00000E+00  0.00000E+00  0.00000E+00  0.00000E+00  0.00000E+00  0.00000E+00  0.00000E+00  0.00000E+00  0.00000E+00  0.00000E+00  0.00000E+00  0.00000E+00  0.00000E+00  0.00000E+00  0.00000E+00  0.00000E+00  0.00000E+00  0.00000E+00  0.00000E+00  0.00000E+00
 OMEGA(6,2)    0.00000E+00  0.00000E+00  0.00000E+00  0.00000E+00  0.00000E+00  0.00000E+00  0.00000E+00  0.00000E+00  0.00000E+00  0.00000E+00  0.00000E+00  0.00000E+00  0.00000E+00  0.00000E+00  0.00000E+00  0.00000E+00  0.00000E+00  0.00000E+00  0.00000E+00  0.00000E+00  0.00000E+00  0.00000E+00  0.00000E+00  0.00000E+00
 OMEGA(6,3)    0.00000E+00  0.00000E+00  0.00000E+00  0.00000E+00  0.00000E+00  0.00000E+00  0.00000E+00  0.00000E+00  0.00000E+00  0.00000E+00  0.00000E+00  0.00000E+00  0.00000E+00  0.00000E+00  0.00000E+00  0.00000E+00  0.00000E+00  0.00000E+00  0.00000E+00  0.00000E+00  0.00000E+00  0.00000E+00  0.00000E+00  0.00000E+00
 OMEGA(6,4)    0.00000E+00  0.00000E+00  0.00000E+00  0.00000E+00  0.00000E+00  0.00000E+00  0.00000E+00  0.00000E+00  0.00000E+00  0.00000E+00  0.00000E+00  0.00000E+00  0.00000E+00  0.00000E+00  0.00000E+00  0.00000E+00  0.00000E+00  0.00000E+00  0.00000E+00  0.00000E+00  0.00000E+00  0.00000E+00  0.00000E+00  0.00000E+00
 OMEGA(6,5)   -3.10738E+02 -1.56041E+02  6.86633E+03  9.21485E+01 -6.40939E+03  3.89570E+03  0.00000E+00  0.00000E+00  1.03106E+03  0.00000E+00  0.00000E+00 -1.98388E+03 -4.54459E+02  0.00000E+00  0.00000E+00  0.00000E+00  0.00000E+00  1.46729E+03  0.00000E+00  0.00000E+00  0.00000E+00  0.00000E+00  3.09833E+03  4.27584E+02
 OMEGA(6,6)   -2.97119E+02 -2.72167E+02  1.70347E+03 -6.43586E+01  1.86457E+03  4.44650E+03  0.00000E+00  0.00000E+00  7.63932E+02  0.00000E+00  0.00000E+00  2.20382E+03 -5.19497E+01  0.00000E+00  0.00000E+00  0.00000E+00  0.00000E+00 -3.80633E+01  0.00000E+00  0.00000E+00  0.00000E+00  0.00000E+00  4.27584E+02  1.51943E+03
