TABLE NO.     1: Iterative Two Stage: Problem=1 Subproblem=0 Superproblem1=0 Iteration1=0 Superproblem2=0 Iteration2=0
 NAME         THETA1       THETA2       SIGMA(1,1)   OMEGA(1,1)   OMEGA(2,1)   OMEGA(2,2)   OMEGA(3,1)   OMEGA(3,2)   OMEGA(3,3)   OMEGA(4,1)   OMEGA(4,2)   OMEGA(4,3)   OMEGA(4,4)   OMEGA(5,1)   OMEGA(5,2)   OMEGA(5,3)   OMEGA(5,4)   OMEGA(5,5)   OMEGA(6,1)   OMEGA(6,2)   OMEGA(6,3)   OMEGA(6,4)   OMEGA(6,5)   OMEGA(6,6)
 THETA1        5.52657E-06  3.22159E-07  1.51467E-08 -5.95483E-09  6.68686E-08  4.61021E-09  0.00000E+00  0.00000E+00  6.26934E-08  0.00000E+00  0.00000E+00 -1.94229E-09  4.00974E-08  0.00000E+00  0.00000E+00  0.00000E+00  0.00000E+00  2.20347E-06  0.00000E+00  0.00000E+00  0.00000E+00  0.00000E+00 -5.57119E-07  1.21027E-06
 THETA2        3.22159E-07  5.95138E-06  2.88589E-09  5.71180E-08  2.46070E-08  1.53026E-08  0.00000E+00  0.00000E+00  6.38661E-08  0.00000E+00  0.00000E+00  2.09811E-08  3.26348E-09  0.00000E+00  0.00000E+00  0.00000E+00  0.00000E+00  3.98004E-08  0.00000E+00  0.00000E+00  0.00000E+00  0.00000E+00  2.00324E-07  9.35432E-07
 SIGMA(1,1)    1.51467E-08  2.88589E-09  1.62728E-08 -1.84847E-09 -2.59578E-10 -2.15602E-09  0.00000E+00  0.00000E+00  1.99707E-09  0.00000E+00  0.00000E+00 -5.68194E-10 -2.36390E-09  0.00000E+00  0.00000E+00  0.00000E+00  0.00000E+00 -1.22780E-07  0.00000E+00  0.00000E+00  0.00000E+00  0.00000E+00  2.72538E-08 -1.92215E-08
 OMEGA(1,1)   -5.95483E-09  5.71180E-08 -1.84847E-09  1.14914E-07  8.28324E-09 -3.05913E-09  0.00000E+00  0.00000E+00  1.32350E-08  0.00000E+00  0.00000E+00 -6.50897E-09  1.12469E-08  0.00000E+00  0.00000E+00  0.00000E+00  0.00000E+00  1.51790E-07  0.00000E+00  0.00000E+00  0.00000E+00  0.00000E+00 -6.02091E-08  3.87112E-08
 OMEGA(2,1)    6.68686E-08  2.46070E-08 -2.59578E-10  8.28324E-09  6.52614E-08 -2.98533E-11  0.00000E+00  0.00000E+00  6.40089E-09  0.00000E+00  0.00000E+00 -1.96325E-08  6.10406E-09  0.00000E+00  0.00000E+00  0.00000E+00  0.00000E+00  5.22586E-08  0.00000E+00  0.00000E+00  0.00000E+00  0.00000E+00  1.14034E-07 -6.71879E-08
 OMEGA(2,2)    4.61021E-09  1.53026E-08 -2.15602E-09 -3.05913E-09 -2.98533E-11  1.43009E-07  0.00000E+00  0.00000E+00 -1.76594E-08  0.00000E+00  0.00000E+00  1.16236E-08 -1.69318E-08  0.00000E+00  0.00000E+00  0.00000E+00  0.00000E+00 -2.94147E-07  0.00000E+00  0.00000E+00  0.00000E+00  0.00000E+00  3.69285E-08 -4.38859E-07
 OMEGA(3,1)    0.00000E+00  0.00000E+00  0.00000E+00  0.00000E+00  0.00000E+00  0.00000E+00  0.00000E+00  0.00000E+00  0.00000E+00  0.00000E+00  0.00000E+00  0.00000E+00  0.00000E+00  0.00000E+00  0.00000E+00  0.00000E+00  0.00000E+00  0.00000E+00  0.00000E+00  0.00000E+00  0.00000E+00  0.00000E+00  0.00000E+00  0.00000E+00
 OMEGA(3,2)    0.00000E+00  0.00000E+00  0.00000E+00  0.00000E+00  0.00000E+00  0.00000E+00  0.00000E+00  0.00000E+00  0.00000E+00  0.00000E+00  0.00000E+00  0.00000E+00  0.00000E+00  0.00000E+00  0.00000E+00  0.00000E+00  0.00000E+00  0.00000E+00  0.00000E+00  0.00000E+00  0.00000E+00  0.00000E+00  0.00000E+00  0.00000E+00
 OMEGA(3,3)    6.26934E-08  6.38661E-08  1.99707E-09  1.32350E-08  6.40089E-09 -1.76594E-08  0.00000E+00  0.00000E+00  5.15427E-06  0.00000E+00  0.00000E+00 -2.32496E-07 -1.30852E-07  0.00000E+00  0.00000E+00  0.00000E+00  0.00000E+00  5.28427E-06  0.00000E+00  0.00000E+00  0.00000E+00  0.00000E+00 -4.22541E-06 -8.71399E-07
 OMEGA(4,1)    0.00000E+00  0.00000E+00  0.00000E+00  0.00000E+00  0.00000E+00  0.00000E+00  0.00000E+00  0.00000E+00  0.00000E+00  0.00000E+00  0.00000E+00  0.00000E+00  0.00000E+00  0.00000E+00  0.00000E+00  0.00000E+00  0.00000E+00  0.00000E+00  0.00000E+00  0.00000E+00  0.00000E+00  0.00000E+00  0.00000E+00  0.00000E+00
 OMEGA(4,2)    0.00000E+00  0.00000E+00  0.00000E+00  0.00000E+00  0.00000E+00  0.00000E+00  0.00000E+00  0.00000E+00  0.00000E+00  0.00000E+00  0.00000E+00  0.00000E+00  0.00000E+00  0.00000E+00  0.00000E+00  0.00000E+00  0.00000E+00  0.00000E+00  0.00000E+00  0.00000E+00  0.00000E+00  0.00000E+00  0.00000E+00  0.00000E+00
 OMEGA(4,3)   -1.94229E-09  2.09811E-08 -5.68194E-10 -6.50897E-09 -1.96325E-08  1.16236E-08  0.00000E+00  0.00000E+00 -2.32496E-07  0.00000E+00  0.00000E+00  3.39200E-06  1.10440E-07  0.00000E+00  0.00000E+00  0.00000E+00  0.00000E+00  2.46413E-06  0.00000E+00  0.00000E+00  0.00000E+00  0.00000E+00  1.76897E-06 -5.24144E-06
 OMEGA(4,4)    4.00974E-08  3.26348E-09 -2.36390E-09  1.12469E-08  6.10406E-09 -1.69318E-08  0.00000E+00  0.00000E+00 -1.30852E-07  0.00000E+00  0.00000E+00  1.10440E-07  7.38040E-06  0.00000E+00  0.00000E+00  0.00000E+00  0.00000E+00  4.68316E-06  0.00000E+00  0.00000E+00  0.00000E+00  0.00000E+00 -1.06475E-06  6.28504E-07
 OMEGA(5,1)    0.00000E+00  0.00000E+00  0.00000E+00  0.00000E+00  0.00000E+00  0.00000E+00  0.00000E+00  0.00000E+00  0.00000E+00  0.00000E+00  0.00000E+00  0.00000E+00  0.00000E+00  0.00000E+00  0.00000E+00  0.00000E+00  0.00000E+00  0.00000E+00  0.00000E+00  0.00000E+00  0.00000E+00  0.00000E+00  0.00000E+00  0.00000E+00
 OMEGA(5,2)    0.00000E+00  0.00000E+00  0.00000E+00  0.00000E+00  0.00000E+00  0.00000E+00  0.00000E+00  0.00000E+00  0.00000E+00  0.00000E+00  0.00000E+00  0.00000E+00  0.00000E+00  0.00000E+00  0.00000E+00  0.00000E+00  0.00000E+00  0.00000E+00  0.00000E+00  0.00000E+00  0.00000E+00  0.00000E+00  0.00000E+00  0.00000E+00
 OMEGA(5,3)    0.00000E+00  0.00000E+00  0.00000E+00  0.00000E+00  0.00000E+00  0.00000E+00  0.00000E+00  0.00000E+00  0.00000E+00  0.00000E+00  0.00000E+00  0.00000E+00  0.00000E+00  0.00000E+00  0.00000E+00  0.00000E+00  0.00000E+00  0.00000E+00  0.00000E+00  0.00000E+00  0.00000E+00  0.00000E+00  0.00000E+00  0.00000E+00
 OMEGA(5,4)    0.00000E+00  0.00000E+00  0.00000E+00  0.00000E+00  0.00000E+00  0.00000E+00  0.00000E+00  0.00000E+00  0.00000E+00  0.00000E+00  0.00000E+00  0.00000E+00  0.00000E+00  0.00000E+00  0.00000E+00  0.00000E+00  0.00000E+00  0.00000E+00  0.00000E+00  0.00000E+00  0.00000E+00  0.00000E+00  0.00000E+00  0.00000E+00
 OMEGA(5,5)    2.20347E-06  3.98004E-08 -1.22780E-07  1.51790E-07  5.22586E-08 -2.94147E-07  0.00000E+00  0.00000E+00  5.28427E-06  0.00000E+00  0.00000E+00  2.46413E-06  4.68316E-06  0.00000E+00  0.00000E+00  0.00000E+00  0.00000E+00  1.00548E-03  0.00000E+00  0.00000E+00  0.00000E+00  0.00000E+00 -4.96820E-04  1.60307E-04
 OMEGA(6,1)    0.00000E+00  0.00000E+00  0.00000E+00  0.00000E+00  0.00000E+00  0.00000E+00  0.00000E+00  0.00000E+00  0.00000E+00  0.00000E+00  0.00000E+00  0.00000E+00  0.00000E+00  0.00000E+00  0.00000E+00  0.00000E+00  0.00000E+00  0.00000E+00  0.00000E+00  0.00000E+00  0.00000E+00  0.00000E+00  0.00000E+00  0.00000E+00
 OMEGA(6,2)    0.00000E+00  0.00000E+00  0.00000E+00  0.00000E+00  0.00000E+00  0.00000E+00  0.00000E+00  0.00000E+00  0.00000E+00  0.00000E+00  0.00000E+00  0.00000E+00  0.00000E+00  0.00000E+00  0.00000E+00  0.00000E+00  0.00000E+00  0.00000E+00  0.00000E+00  0.00000E+00  0.00000E+00  0.00000E+00  0.00000E+00  0.00000E+00
 OMEGA(6,3)    0.00000E+00  0.00000E+00  0.00000E+00  0.00000E+00  0.00000E+00  0.00000E+00  0.00000E+00  0.00000E+00  0.00000E+00  0.00000E+00  0.00000E+00  0.00000E+00  0.00000E+00  0.00000E+00  0.00000E+00  0.00000E+00  0.00000E+00  0.00000E+00  0.00000E+00  0.00000E+00  0.00000E+00  0.00000E+00  0.00000E+00  0.00000E+00
 OMEGA(6,4)    0.00000E+00  0.00000E+00  0.00000E+00  0.00000E+00  0.00000E+00  0.00000E+00  0.00000E+00  0.00000E+00  0.00000E+00  0.00000E+00  0.00000E+00  0.00000E+00  0.00000E+00  0.00000E+00  0.00000E+00  0.00000E+00  0.00000E+00  0.00000E+00  0.00000E+00  0.00000E+00  0.00000E+00  0.00000E+00  0.00000E+00  0.00000E+00
 OMEGA(6,5)   -5.57119E-07  2.00324E-07  2.72538E-08 -6.02091E-08  1.14034E-07  3.69285E-08  0.00000E+00  0.00000E+00 -4.22541E-06  0.00000E+00  0.00000E+00  1.76897E-06 -1.06475E-06  0.00000E+00  0.00000E+00  0.00000E+00  0.00000E+00 -4.96820E-04  0.00000E+00  0.00000E+00  0.00000E+00  0.00000E+00  5.85059E-04 -1.77920E-04
 OMEGA(6,6)    1.21027E-06  9.35432E-07 -1.92215E-08  3.87112E-08 -6.71879E-08 -4.38859E-07  0.00000E+00  0.00000E+00 -8.71399E-07  0.00000E+00  0.00000E+00 -5.24144E-06  6.28504E-07  0.00000E+00  0.00000E+00  0.00000E+00  0.00000E+00  1.60307E-04  0.00000E+00  0.00000E+00  0.00000E+00  0.00000E+00 -1.77920E-04  7.22082E-04
