TABLE NO.     1: Iterative Two Stage: Problem=1 Subproblem=0 Superproblem1=0 Iteration1=0 Superproblem2=0 Iteration2=0
 NAME         THETA1       THETA2       SIGMA(1,1)   OMEGA(1,1)   OMEGA(2,1)   OMEGA(2,2)   OMEGA(3,1)   OMEGA(3,2)   OMEGA(3,3)   OMEGA(4,1)   OMEGA(4,2)   OMEGA(4,3)   OMEGA(4,4)   OMEGA(5,1)   OMEGA(5,2)   OMEGA(5,3)   OMEGA(5,4)   OMEGA(5,5)   OMEGA(6,1)   OMEGA(6,2)   OMEGA(6,3)   OMEGA(6,4)   OMEGA(6,5)   OMEGA(6,6)
 THETA1        2.35087E-03  5.61737E-02  5.05078E-02 -7.47232E-03  1.11344E-01  5.18574E-03  0.00000E+00  0.00000E+00  1.17466E-02  0.00000E+00  0.00000E+00 -4.48598E-04  6.27838E-03  0.00000E+00  0.00000E+00  0.00000E+00  0.00000E+00  2.95591E-02  0.00000E+00  0.00000E+00  0.00000E+00  0.00000E+00 -9.79761E-03  1.91585E-02
 THETA2        5.61737E-02  2.43955E-03  9.27339E-03  6.90682E-02  3.94840E-02  1.65872E-02  0.00000E+00  0.00000E+00  1.15313E-02  0.00000E+00  0.00000E+00  4.66973E-03  4.92416E-04  0.00000E+00  0.00000E+00  0.00000E+00  0.00000E+00  5.14508E-04  0.00000E+00  0.00000E+00  0.00000E+00  0.00000E+00  3.39489E-03  1.42696E-02
 SIGMA(1,1)    5.05078E-02  9.27339E-03  1.27565E-04 -4.27459E-02 -7.96541E-03 -4.46930E-02  0.00000E+00  0.00000E+00  6.89569E-03  0.00000E+00  0.00000E+00 -2.41845E-03 -6.82113E-03  0.00000E+00  0.00000E+00  0.00000E+00  0.00000E+00 -3.03536E-02  0.00000E+00  0.00000E+00  0.00000E+00  0.00000E+00  8.83276E-03 -5.60740E-03
 OMEGA(1,1)   -7.47232E-03  6.90682E-02 -4.27459E-02  3.38989E-04  9.56502E-02 -2.38633E-02  0.00000E+00  0.00000E+00  1.71970E-02  0.00000E+00  0.00000E+00 -1.04255E-02  1.22126E-02  0.00000E+00  0.00000E+00  0.00000E+00  0.00000E+00  1.41212E-02  0.00000E+00  0.00000E+00  0.00000E+00  0.00000E+00 -7.34305E-03  4.24969E-03
 OMEGA(2,1)    1.11344E-01  3.94840E-02 -7.96541E-03  9.56502E-02  2.55463E-04 -3.09017E-04  0.00000E+00  0.00000E+00  1.10364E-02  0.00000E+00  0.00000E+00 -4.17271E-02  8.79529E-03  0.00000E+00  0.00000E+00  0.00000E+00  0.00000E+00  6.45123E-03  0.00000E+00  0.00000E+00  0.00000E+00  0.00000E+00  1.84547E-02 -9.78745E-03
 OMEGA(2,2)    5.18574E-03  1.65872E-02 -4.46930E-02 -2.38633E-02 -3.09017E-04  3.78165E-04  0.00000E+00  0.00000E+00 -2.05689E-02  0.00000E+00  0.00000E+00  1.66889E-02 -1.64809E-02  0.00000E+00  0.00000E+00  0.00000E+00  0.00000E+00 -2.45299E-02  0.00000E+00  0.00000E+00  0.00000E+00  0.00000E+00  4.03720E-03 -4.31867E-02
 OMEGA(3,1)    0.00000E+00  0.00000E+00  0.00000E+00  0.00000E+00  0.00000E+00  0.00000E+00  0.00000E+00  0.00000E+00  0.00000E+00  0.00000E+00  0.00000E+00  0.00000E+00  0.00000E+00  0.00000E+00  0.00000E+00  0.00000E+00  0.00000E+00  0.00000E+00  0.00000E+00  0.00000E+00  0.00000E+00  0.00000E+00  0.00000E+00  0.00000E+00
 OMEGA(3,2)    0.00000E+00  0.00000E+00  0.00000E+00  0.00000E+00  0.00000E+00  0.00000E+00  0.00000E+00  0.00000E+00  0.00000E+00  0.00000E+00  0.00000E+00  0.00000E+00  0.00000E+00  0.00000E+00  0.00000E+00  0.00000E+00  0.00000E+00  0.00000E+00  0.00000E+00  0.00000E+00  0.00000E+00  0.00000E+00  0.00000E+00  0.00000E+00
 OMEGA(3,3)    1.17466E-02  1.15313E-02  6.89569E-03  1.71970E-02  1.10364E-02 -2.05689E-02  0.00000E+00  0.00000E+00  2.27030E-03  0.00000E+00  0.00000E+00 -5.56037E-02 -2.12157E-02  0.00000E+00  0.00000E+00  0.00000E+00  0.00000E+00  7.34031E-02  0.00000E+00  0.00000E+00  0.00000E+00  0.00000E+00 -7.69459E-02 -1.42837E-02
 OMEGA(4,1)    0.00000E+00  0.00000E+00  0.00000E+00  0.00000E+00  0.00000E+00  0.00000E+00  0.00000E+00  0.00000E+00  0.00000E+00  0.00000E+00  0.00000E+00  0.00000E+00  0.00000E+00  0.00000E+00  0.00000E+00  0.00000E+00  0.00000E+00  0.00000E+00  0.00000E+00  0.00000E+00  0.00000E+00  0.00000E+00  0.00000E+00  0.00000E+00
 OMEGA(4,2)    0.00000E+00  0.00000E+00  0.00000E+00  0.00000E+00  0.00000E+00  0.00000E+00  0.00000E+00  0.00000E+00  0.00000E+00  0.00000E+00  0.00000E+00  0.00000E+00  0.00000E+00  0.00000E+00  0.00000E+00  0.00000E+00  0.00000E+00  0.00000E+00  0.00000E+00  0.00000E+00  0.00000E+00  0.00000E+00  0.00000E+00  0.00000E+00
 OMEGA(4,3)   -4.48598E-04  4.66973E-03 -2.41845E-03 -1.04255E-02 -4.17271E-02  1.66889E-02  0.00000E+00  0.00000E+00 -5.56037E-02  0.00000E+00  0.00000E+00  1.84174E-03  2.20728E-02  0.00000E+00  0.00000E+00  0.00000E+00  0.00000E+00  4.21939E-02  0.00000E+00  0.00000E+00  0.00000E+00  0.00000E+00  3.97092E-02 -1.05908E-01
 OMEGA(4,4)    6.27838E-03  4.92416E-04 -6.82113E-03  1.22126E-02  8.79529E-03 -1.64809E-02  0.00000E+00  0.00000E+00 -2.12157E-02  0.00000E+00  0.00000E+00  2.20728E-02  2.71669E-03  0.00000E+00  0.00000E+00  0.00000E+00  0.00000E+00  5.43640E-02  0.00000E+00  0.00000E+00  0.00000E+00  0.00000E+00 -1.62035E-02  8.60943E-03
 OMEGA(5,1)    0.00000E+00  0.00000E+00  0.00000E+00  0.00000E+00  0.00000E+00  0.00000E+00  0.00000E+00  0.00000E+00  0.00000E+00  0.00000E+00  0.00000E+00  0.00000E+00  0.00000E+00  0.00000E+00  0.00000E+00  0.00000E+00  0.00000E+00  0.00000E+00  0.00000E+00  0.00000E+00  0.00000E+00  0.00000E+00  0.00000E+00  0.00000E+00
 OMEGA(5,2)    0.00000E+00  0.00000E+00  0.00000E+00  0.00000E+00  0.00000E+00  0.00000E+00  0.00000E+00  0.00000E+00  0.00000E+00  0.00000E+00  0.00000E+00  0.00000E+00  0.00000E+00  0.00000E+00  0.00000E+00  0.00000E+00  0.00000E+00  0.00000E+00  0.00000E+00  0.00000E+00  0.00000E+00  0.00000E+00  0.00000E+00  0.00000E+00
 OMEGA(5,3)    0.00000E+00  0.00000E+00  0.00000E+00  0.00000E+00  0.00000E+00  0.00000E+00  0.00000E+00  0.00000E+00  0.00000E+00  0.00000E+00  0.00000E+00  0.00000E+00  0.00000E+00  0.00000E+00  0.00000E+00  0.00000E+00  0.00000E+00  0.00000E+00  0.00000E+00  0.00000E+00  0.00000E+00  0.00000E+00  0.00000E+00  0.00000E+00
 OMEGA(5,4)    0.00000E+00  0.00000E+00  0.00000E+00  0.00000E+00  0.00000E+00  0.00000E+00  0.00000E+00  0.00000E+00  0.00000E+00  0.00000E+00  0.00000E+00  0.00000E+00  0.00000E+00  0.00000E+00  0.00000E+00  0.00000E+00  0.00000E+00  0.00000E+00  0.00000E+00  0.00000E+00  0.00000E+00  0.00000E+00  0.00000E+00  0.00000E+00
 OMEGA(5,5)    2.95591E-02  5.14508E-04 -3.03536E-02  1.41212E-02  6.45123E-03 -2.45299E-02  0.00000E+00  0.00000E+00  7.34031E-02  0.00000E+00  0.00000E+00  4.21939E-02  5.43640E-02  0.00000E+00  0.00000E+00  0.00000E+00  0.00000E+00  3.17093E-02  0.00000E+00  0.00000E+00  0.00000E+00  0.00000E+00 -6.47758E-01  1.88136E-01
 OMEGA(6,1)    0.00000E+00  0.00000E+00  0.00000E+00  0.00000E+00  0.00000E+00  0.00000E+00  0.00000E+00  0.00000E+00  0.00000E+00  0.00000E+00  0.00000E+00  0.00000E+00  0.00000E+00  0.00000E+00  0.00000E+00  0.00000E+00  0.00000E+00  0.00000E+00  0.00000E+00  0.00000E+00  0.00000E+00  0.00000E+00  0.00000E+00  0.00000E+00
 OMEGA(6,2)    0.00000E+00  0.00000E+00  0.00000E+00  0.00000E+00  0.00000E+00  0.00000E+00  0.00000E+00  0.00000E+00  0.00000E+00  0.00000E+00  0.00000E+00  0.00000E+00  0.00000E+00  0.00000E+00  0.00000E+00  0.00000E+00  0.00000E+00  0.00000E+00  0.00000E+00  0.00000E+00  0.00000E+00  0.00000E+00  0.00000E+00  0.00000E+00
 OMEGA(6,3)    0.00000E+00  0.00000E+00  0.00000E+00  0.00000E+00  0.00000E+00  0.00000E+00  0.00000E+00  0.00000E+00  0.00000E+00  0.00000E+00  0.00000E+00  0.00000E+00  0.00000E+00  0.00000E+00  0.00000E+00  0.00000E+00  0.00000E+00  0.00000E+00  0.00000E+00  0.00000E+00  0.00000E+00  0.00000E+00  0.00000E+00  0.00000E+00
 OMEGA(6,4)    0.00000E+00  0.00000E+00  0.00000E+00  0.00000E+00  0.00000E+00  0.00000E+00  0.00000E+00  0.00000E+00  0.00000E+00  0.00000E+00  0.00000E+00  0.00000E+00  0.00000E+00  0.00000E+00  0.00000E+00  0.00000E+00  0.00000E+00  0.00000E+00  0.00000E+00  0.00000E+00  0.00000E+00  0.00000E+00  0.00000E+00  0.00000E+00
 OMEGA(6,5)   -9.79761E-03  3.39489E-03  8.83276E-03 -7.34305E-03  1.84547E-02  4.03720E-03  0.00000E+00  0.00000E+00 -7.69459E-02  0.00000E+00  0.00000E+00  3.97092E-02 -1.62035E-02  0.00000E+00  0.00000E+00  0.00000E+00  0.00000E+00 -6.47758E-01  0.00000E+00  0.00000E+00  0.00000E+00  0.00000E+00  2.41880E-02 -2.73735E-01
 OMEGA(6,6)    1.91585E-02  1.42696E-02 -5.60740E-03  4.24969E-03 -9.78745E-03 -4.31867E-02  0.00000E+00  0.00000E+00 -1.42837E-02  0.00000E+00  0.00000E+00 -1.05908E-01  8.60943E-03  0.00000E+00  0.00000E+00  0.00000E+00  0.00000E+00  1.88136E-01  0.00000E+00  0.00000E+00  0.00000E+00  0.00000E+00 -2.73735E-01  2.68716E-02
