TABLE NO.     1: First Order Conditional Estimation with Interaction: Problem=1 Subproblem=0 Superproblem1=0 Iteration1=0 Superproblem2=0 Iteration2=0
 NAME                   ,THETA1                 ,THETA2                 ,THETA3                 ,THETA4                 ,SIGMA(1,1)             ,OMEGA(1,1)             ,OMEGA(2,1)             ,OMEGA(2,2)             ,OMEGA(3,1)             ,OMEGA(3,2)             ,OMEGA(3,3)             ,OMEGA(4,1)             ,OMEGA(4,2)             ,OMEGA(4,3)             ,OMEGA(4,4)
 THETA1                 , 2.1472465207797646E-03, 3.3408778054400319E-04, 4.1482139462950952E-04,-3.6839299016511385E-05, 5.9144299614984347E-05,-2.5666021207261671E-04, 2.7051633793071332E-05,-6.5442360012932702E-05,-1.8353671933919356E-04,-8.4970922198688434E-05,-4.6639213574085740E-04,-1.9503422648787765E-04,-2.5891241460581651E-04,-1.1735554737528045E-04,-3.5886296465431043E-05
 THETA2                 , 3.3408778054400319E-04, 2.3812205199566622E-03, 1.6153755622569287E-04, 1.5461925421014861E-04, 7.7148452605654602E-05, 1.1029461247839848E-04, 1.7196459141756554E-04,-6.3848969249339591E-05, 3.8756151446966038E-05,-9.2858140550614208E-05,-3.5587020887379922E-04,-1.9538384919729599E-04,-9.6737158722192581E-05,-1.4673618116929721E-04,-4.5262798047189179E-05
 THETA3                 , 4.1482139462950952E-04, 1.6153755622569287E-04, 4.1879763496847867E-03, 1.5558881728874965E-03,-3.6919774481305683E-05, 1.0607183102168866E-04, 5.0655909840251346E-05,-6.9868480765095285E-05,-2.5588693949092970E-04, 1.2467852622480698E-04, 4.2320049823607142E-04, 1.9434992028375842E-04, 2.2268254549725195E-04, 7.1835735434728413E-04, 4.2026290418886432E-04
 THETA4                 ,-3.6839299016511385E-05, 1.5461925421014861E-04, 1.5558881728874965E-03, 2.9162604746640394E-03, 1.1211368165792644E-05,-5.1177905769308042E-05,-1.0352369236015709E-04,-2.6532072802863164E-05, 2.4608021972361742E-04, 1.4811357517248449E-04, 9.5708169372352061E-04, 2.0926847753363585E-04, 2.0941738414768455E-04, 5.7476500213801609E-04,-1.3621003429927636E-04
 SIGMA(1,1)             , 5.9144299614984347E-05, 7.7148452605654602E-05,-3.6919774481305683E-05, 1.1211368165792644E-05, 6.6499637069794380E-05,-6.5242254350439944E-05,-4.3470942992910810E-05,-8.0847362268848133E-05,-5.7509191842160269E-05,-1.2951445021970626E-05,-1.6034703593521379E-04,-8.5217588160619594E-05,-5.4355844507556229E-05,-1.5541539828725363E-04,-1.3749162616691373E-04
 OMEGA(1,1)             ,-2.5666021207261671E-04, 1.1029461247839848E-04, 1.0607183102168866E-04,-5.1177905769308042E-05,-6.5242254350439944E-05, 8.4305833670185308E-04, 2.8620937036983343E-04, 1.3140979359097248E-04, 1.9031966662589987E-04, 2.1452225531323635E-04, 2.8625756465456832E-04, 2.5245267584491992E-04, 1.2917856627813368E-04, 2.9110158574365013E-04, 2.7597110016640020E-04
 OMEGA(2,1)             , 2.7051633793071332E-05, 1.7196459141756554E-04, 5.0655909840251346E-05,-1.0352369236015709E-04,-4.3470942992910810E-05, 2.8620937036983343E-04, 5.2627389551812131E-04, 2.0547322006560744E-04, 2.5992466574259649E-04, 1.1991001195514151E-05, 1.8341327947891346E-04, 1.9221394419807216E-04, 9.2078447467577607E-05, 1.4118029321734130E-04, 1.2951267849271725E-04
 OMEGA(2,2)             ,-6.5442360012932702E-05,-6.3848969249339591E-05,-6.9868480765095285E-05,-2.6532072802863164E-05,-8.0847362268848133E-05, 1.3140979359097248E-04, 2.0547322006560744E-04, 1.2188916579722142E-03, 3.6850612693510321E-05, 3.5136886739194713E-04, 5.9770465660164633E-04, 1.3708760826593478E-04, 4.1780964441262076E-04, 4.2164991590501780E-04, 3.3491905350025938E-04
 OMEGA(3,1)             ,-1.8353671933919356E-04, 3.8756151446966038E-05,-2.5588693949092970E-04, 2.4608021972361742E-04,-5.7509191842160269E-05, 1.9031966662589987E-04, 2.5992466574259649E-04, 3.6850612693510321E-05, 9.9149649421674687E-04,-9.7506459322721837E-05, 9.1600266475764765E-04, 4.8779935428551523E-04, 1.7495143506300679E-05, 3.9297702111036397E-04, 1.2687090699141755E-04
 OMEGA(3,2)             ,-8.4970922198688434E-05,-9.2858140550614208E-05, 1.2467852622480698E-04, 1.4811357517248449E-04,-1.2951445021970626E-05, 2.1452225531323635E-04, 1.1991001195514151E-05, 3.5136886739194713E-04,-9.7506459322721837E-05, 1.4699430907018415E-03, 3.6997304164400314E-04,-6.1432756571460533E-06, 5.5068263297553574E-04, 3.6736700816394810E-04, 2.1126306992088202E-04
 OMEGA(3,3)             ,-4.6639213574085740E-04,-3.5587020887379922E-04, 4.2320049823607142E-04, 9.5708169372352061E-04,-1.6034703593521379E-04, 2.8625756465456832E-04, 1.8341327947891346E-04, 5.9770465660164633E-04, 9.1600266475764765E-04, 3.6997304164400314E-04, 4.7717432026217789E-03, 5.0978301846272688E-04, 4.8104997557078078E-04, 2.7228287838078685E-03, 1.3208793509051600E-03
 OMEGA(4,1)             ,-1.9503422648787765E-04,-1.9538384919729599E-04, 1.9434992028375842E-04, 2.0926847753363585E-04,-8.5217588160619594E-05, 2.5245267584491992E-04, 1.9221394419807216E-04, 1.3708760826593478E-04, 4.8779935428551523E-04,-6.1432756571460533E-06, 5.0978301846272688E-04, 7.3674104730148083E-04, 9.7737163348518620E-05, 3.5029979490661117E-04, 2.3481544002909693E-04
 OMEGA(4,2)             ,-2.5891241460581651E-04,-9.6737158722192581E-05, 2.2268254549725195E-04, 2.0941738414768455E-04,-5.4355844507556229E-05, 1.2917856627813368E-04, 9.2078447467577607E-05, 4.1780964441262076E-04, 1.7495143506300679E-05, 5.5068263297553574E-04, 4.8104997557078078E-04, 9.7737163348518620E-05, 7.2657854228946981E-04, 4.0814596238290872E-04, 2.9592106138543345E-04
 OMEGA(4,3)             ,-1.1735554737528045E-04,-1.4673618116929721E-04, 7.1835735434728413E-04, 5.7476500213801609E-04,-1.5541539828725363E-04, 2.9110158574365013E-04, 1.4118029321734130E-04, 4.2164991590501780E-04, 3.9297702111036397E-04, 3.6736700816394810E-04, 2.7228287838078685E-03, 3.5029979490661117E-04, 4.0814596238290872E-04, 2.3936304151243107E-03, 1.3883187042694693E-03
 OMEGA(4,4)             ,-3.5886296465431043E-05,-4.5262798047189179E-05, 4.2026290418886432E-04,-1.3621003429927636E-04,-1.3749162616691373E-04, 2.7597110016640020E-04, 1.2951267849271725E-04, 3.3491905350025938E-04, 1.2687090699141755E-04, 2.1126306992088202E-04, 1.3208793509051600E-03, 2.3481544002909693E-04, 2.9592106138543345E-04, 1.3883187042694693E-03, 1.5292436907891748E-03
