TABLE NO.     1: First Order Conditional Estimation with Interaction: Problem=1 Subproblem=0 Superproblem1=0 Iteration1=0 Superproblem2=0 Iteration2=0
 NAME                   ,THETA1                 ,THETA2                 ,THETA3                 ,THETA4                 ,SIGMA(1,1)             ,OMEGA(1,1)             ,OMEGA(2,1)             ,OMEGA(2,2)             ,OMEGA(3,1)             ,OMEGA(3,2)             ,OMEGA(3,3)             ,OMEGA(4,1)             ,OMEGA(4,2)             ,OMEGA(4,3)             ,OMEGA(4,4)
 THETA1                 , 4.6338391434962052E-02, 1.4774739395136968E-01, 1.3833054346233303E-01,-1.4721675751912123E-02, 1.5651728354817024E-01,-1.9076064458369019E-01, 2.5447588389054910E-02,-4.0451575997241238E-02,-1.2578719111237502E-01,-4.7827658238374982E-02,-1.4570408675120985E-01,-1.5506452202977170E-01,-2.0728631792534152E-01,-5.1764750159621870E-02,-1.9803836769637408E-02
 THETA2                 , 1.4774739395136968E-01, 4.8797751177248549E-02, 5.1153056648150279E-02, 5.8674663840832843E-02, 1.9387319789105209E-01, 7.7844095588685006E-02, 1.5361488841855653E-01,-3.7477579147963874E-02, 2.5222913160012801E-02,-4.9632930022286012E-02,-1.0557310464557983E-01,-1.4751338180455970E-01,-7.3544844726165820E-02,-6.1462306890118959E-02,-2.3719374967395748E-02
 THETA3                 , 1.3833054346233303E-01, 5.1153056648150279E-02, 6.4714576021826689E-02, 4.4520815766497468E-01,-6.9959595821935672E-02, 5.6450675331264258E-02, 3.4121027103992778E-02,-3.0924069264850661E-02,-1.2557419948643878E-01, 5.0250372926562592E-02, 9.4668507073694147E-02, 1.1064322424949238E-01, 1.2765645586882612E-01, 2.2688714211173439E-01, 1.6606595158561657E-01
 THETA4                 ,-1.4721675751912123E-02, 5.8674663840832843E-02, 4.4520815766497468E-01, 5.4002411748588039E-02, 2.5458676409101912E-02,-3.2639277809420907E-02,-8.3564281503017798E-02,-1.4072636571491732E-02, 1.4471646937743907E-01, 7.1537119445765643E-02, 2.5656494755563047E-01, 1.4276877243064423E-01, 1.4386604037186213E-01, 2.1754475281979160E-01,-6.4499685605916013E-02
 SIGMA(1,1)             , 1.5651728354817024E-01, 1.9387319789105209E-01,-6.9959595821935672E-02, 2.5458676409101912E-02, 8.1547309624410286E-03,-2.7554371396450050E-01,-2.3237184671044744E-01,-2.8397078710931278E-01,-2.2396597008511002E-01,-4.1424600443950556E-02,-2.8465103480626125E-01,-3.8500127475373414E-01,-2.4728360653478831E-01,-3.8954340926169922E-01,-4.3114987280837541E-01
 OMEGA(1,1)             ,-1.9076064458369019E-01, 7.7844095588685006E-02, 5.6450675331264258E-02,-3.2639277809420907E-02,-2.7554371396450050E-01, 2.9035466875906319E-02, 4.2968393871686555E-01, 1.2963323741638913E-01, 2.0816574405577429E-01, 1.9270513164176581E-01, 1.4272157403200636E-01, 3.2032713622744452E-01, 1.6505183706470475E-01, 2.0492135090534755E-01, 2.4305045730235408E-01
 OMEGA(2,1)             , 2.5447588389054910E-02, 1.5361488841855653E-01, 3.4121027103992778E-02,-8.3564281503017798E-02,-2.3237184671044744E-01, 4.2968393871686555E-01, 2.2940660311292726E-02, 2.5654689361472466E-01, 3.5982885630094608E-01, 1.3633246005693895E-02, 1.1574076012073427E-01, 3.0868927635163651E-01, 1.4890551736368657E-01, 1.2578811758702912E-01, 1.4436703009871524E-01
 OMEGA(2,2)             ,-4.0451575997241238E-02,-3.7477579147963874E-02,-3.0924069264850661E-02,-1.4072636571491732E-02,-2.8397078710931278E-01, 1.2963323741638913E-01, 2.5654689361472466E-01, 3.4912628918089425E-02, 3.3520969366396772E-02, 2.6250069992464659E-01, 2.4783666432129425E-01, 1.4466324860358074E-01, 4.4397102173044817E-01, 2.4685442598831564E-01, 2.4531209087015421E-01
 OMEGA(3,1)             ,-1.2578719111237502E-01, 2.5222913160012801E-02,-1.2557419948643878E-01, 1.4471646937743907E-01,-2.2396597008511002E-01, 2.0816574405577429E-01, 3.5982885630094608E-01, 3.3520969366396772E-02, 3.1488037319222471E-02,-8.0767666276298222E-02, 4.2112654165265873E-01, 5.7073984907338804E-01, 2.0612498344550513E-02, 2.5508975544144569E-01, 1.0303341734175538E-01
 OMEGA(3,2)             ,-4.7827658238374982E-02,-4.9632930022286012E-02, 5.0250372926562592E-02, 7.1537119445765643E-02,-4.1424600443950556E-02, 1.9270513164176581E-01, 1.3633246005693895E-02, 2.6250069992464659E-01,-8.0767666276298222E-02, 3.8339836863265885E-02, 1.3969513691411628E-01,-5.9032654030723849E-03, 5.3285596974733240E-01, 1.9584899325462976E-01, 1.4090778142145946E-01
 OMEGA(3,3)             ,-1.4570408675120985E-01,-1.0557310464557983E-01, 9.4668507073694147E-02, 2.5656494755563047E-01,-2.8465103480626125E-01, 1.4272157403200636E-01, 1.1574076012073427E-01, 2.4783666432129425E-01, 4.2112654165265873E-01, 1.3969513691411628E-01, 6.9077805427081848E-02, 2.7188759875163643E-01, 2.5835113938533100E-01, 8.0566269343936003E-01, 4.8897456669815559E-01
 OMEGA(4,1)             ,-1.5506452202977170E-01,-1.4751338180455970E-01, 1.1064322424949238E-01, 1.4276877243064423E-01,-3.8500127475373414E-01, 3.2032713622744452E-01, 3.0868927635163651E-01, 1.4466324860358074E-01, 5.7073984907338804E-01,-5.9032654030723849E-03, 2.7188759875163643E-01, 2.7142974179361422E-02, 1.3358602056967339E-01, 2.6378731183627574E-01, 2.2122330070147345E-01
 OMEGA(4,2)             ,-2.0728631792534152E-01,-7.3544844726165820E-02, 1.2765645586882612E-01, 1.4386604037186213E-01,-2.4728360653478831E-01, 1.6505183706470475E-01, 1.4890551736368657E-01, 4.4397102173044817E-01, 2.0612498344550513E-02, 5.3285596974733240E-01, 2.5835113938533100E-01, 1.3358602056967339E-01, 2.6955120891761362E-02, 3.0948932463310908E-01, 2.8073479486793057E-01
 OMEGA(4,3)             ,-5.1764750159621870E-02,-6.1462306890118959E-02, 2.2688714211173439E-01, 2.1754475281979160E-01,-3.8954340926169922E-01, 2.0492135090534755E-01, 1.2578811758702912E-01, 2.4685442598831564E-01, 2.5508975544144569E-01, 1.9584899325462976E-01, 8.0566269343936003E-01, 2.6378731183627574E-01, 3.0948932463310908E-01, 4.8924742361348320E-02, 7.2564177793395679E-01
 OMEGA(4,4)             ,-1.9803836769637408E-02,-2.3719374967395748E-02, 1.6606595158561657E-01,-6.4499685605916013E-02,-4.3114987280837541E-01, 2.4305045730235408E-01, 1.4436703009871524E-01, 2.4531209087015421E-01, 1.0303341734175538E-01, 1.4090778142145946E-01, 4.8897456669815559E-01, 2.2122330070147345E-01, 2.8073479486793057E-01, 7.2564177793395679E-01, 3.9105545524761254E-02
