TABLE NO.     1: First Order Conditional Estimation with Interaction: Problem=1 Subproblem=0 Superproblem1=0 Iteration1=0 Superproblem2=0 Iteration2=0
 NAME                   ,THETA1                 ,THETA2                 ,THETA3                 ,THETA4                 ,SIGMA(1,1)             ,OMEGA(1,1)             ,OMEGA(2,1)             ,OMEGA(2,2)             ,OMEGA(3,1)             ,OMEGA(3,2)             ,OMEGA(3,3)             ,OMEGA(4,1)             ,OMEGA(4,2)             ,OMEGA(4,3)             ,OMEGA(4,4)
 THETA1                 , 5.7067859506976254E+02,-4.3899391771204911E+01,-7.0081964818214388E+01, 1.2737991249798588E+01,-2.9511135055997886E+02, 2.1422692407952633E+02,-1.8516789015929831E+02,-6.6151656280659296E+01,-7.8399584150551878E+00,-7.8017066332862626E+01, 9.1610104600339454E+01, 7.4344342613309706E+01, 2.8110585428962639E+02,-1.0609582974050809E+02,-3.9728750458822539E+01
 THETA2                 ,-4.3899391771204911E+01, 5.0017867731617991E+02,-1.1939537763829032E+01,-5.7528474018546873E+01,-6.3418178860091655E+02,-1.0690550591576358E+02,-1.7215676722656929E+02,-2.5373304556453157E+01,-1.4924343529182499E+02, 3.5525178106969037E+01, 7.7603895861645697E+01, 2.3502272227286565E+02, 2.1355706268329616E+01,-2.9053968956631760E+01,-7.9057229432010928E+01
 THETA3                 ,-7.0081964818214388E+01,-1.1939537763829032E+01, 3.7096503305513954E+02,-2.0797313813129585E+02, 5.7174635005752783E+01,-1.6289108595620949E+01,-1.2626136863111024E+02, 9.4521798635280376E+01, 2.6563385789958738E+02, 2.9650111366049682E+01, 3.0915648328179994E+01,-1.6234406341519784E+02,-6.7536092256377330E+01,-7.6810698082642290E+01,-6.9506035268910168E+01
 THETA4                 , 1.2737991249798588E+01,-5.7528474018546873E+01,-2.0797313813129585E+02, 5.5818137488882633E+02,-1.7837450587676480E+02, 2.9772148493069398E+01, 2.2591058851962248E+02, 2.0396525938647248E+00,-1.4678350901666968E+02,-2.8632713108081020E-02,-6.0035194140542245E+01,-7.3154342255747423E+01,-1.3311859054614916E+02,-1.5546014537835612E+02, 3.0664197589905626E+02
 SIGMA(1,1)             ,-2.9511135055997886E+02,-6.3418178860091655E+02, 5.7174635005752783E+01,-1.7837450587676480E+02, 2.3403699741908389E+04, 6.3119834120582971E+02, 3.9441291391785643E+02, 7.9338014627633675E+02, 3.4769201780473259E+02,-5.8196199357672822E+02,-4.0118475695698464E+02, 1.2557775436733184E+03, 6.0436415037335655E+02, 8.4842093773005797E+02, 1.0438843826182635E+03
 OMEGA(1,1)             , 2.1422692407952633E+02,-1.0690550591576358E+02,-1.6289108595620949E+01, 2.9772148493069398E+01, 6.3119834120582971E+02, 1.7667339555576968E+03,-8.1739205884842204E+02, 9.6442915068795074E+01, 8.4928220927805370E+01,-3.0306463219549801E+02, 3.4770563638340008E+01,-3.5294692474490910E+02, 1.7384897969385258E+02,-4.5934767039479937E+01,-1.3793968054607478E+02
 OMEGA(2,1)             ,-1.8516789015929831E+02,-1.7215676722656929E+02,-1.2626136863111024E+02, 2.2591058851962248E+02, 3.9441291391785643E+02,-8.1739205884842204E+02, 3.0455658829080594E+03,-4.0495141271267306E+02,-7.3647946740808197E+02, 1.9289880844748657E+02, 7.1103027231939151E+01,-6.9056032664932147E+01,-2.9826593956903389E+02,-1.2986859391857621E+01, 1.1225416801353066E+02
 OMEGA(2,2)             ,-6.6151656280659296E+01,-2.5373304556453157E+01, 9.4521798635280376E+01, 2.0396525938647248E+00, 7.9338014627633675E+02, 9.6442915068795074E+01,-4.0495141271267306E+02, 1.1915839609935194E+03, 2.9122012485933209E+02,-6.9187324986288061E+01,-1.5267043651109663E+02,-1.5665632813078705E+02,-5.1479595771303480E+02, 9.3010385864860837E+01,-4.4344747607289563E+01
 OMEGA(3,1)             ,-7.8399584150551878E+00,-1.4924343529182499E+02, 2.6563385789958738E+02,-1.4678350901666968E+02, 3.4769201780473259E+02, 8.4928220927805370E+01,-7.3647946740808197E+02, 2.9122012485933209E+02, 2.2577096445447082E+03, 7.5707033528847234E+01,-4.6988376721353973E+02,-1.2343074151562651E+03, 7.8242908443753635E+01, 1.9479530271099355E+02, 1.2948887635993907E+02
 OMEGA(3,2)             ,-7.8017066332862626E+01, 3.5525178106969037E+01, 2.9650111366049682E+01,-2.8632713108081020E-02,-5.8196199357672822E+02,-3.0306463219549801E+02, 1.9289880844748657E+02,-6.9187324986288061E+01, 7.5707033528847234E+01, 1.0433549805174753E+03, 2.0817532773460801E+01, 6.3655492420641508E+01,-7.8182842564462976E+02,-1.3267912712632594E+02, 8.5822324389082823E+01
 OMEGA(3,3)             , 9.1610104600339454E+01, 7.7603895861645697E+01, 3.0915648328179994E+01,-6.0035194140542245E+01,-4.0118475695698464E+02, 3.4770563638340008E+01, 7.1103027231939151E+01,-1.5267043651109663E+02,-4.6988376721353973E+02, 2.0817532773460801E+01, 8.0131769510823233E+02, 1.6171002691422422E+02, 4.9854537560737473E+00,-9.4142133283069404E+02, 1.4851553182620273E+02
 OMEGA(4,1)             , 7.4344342613309706E+01, 2.3502272227286565E+02,-1.6234406341519784E+02,-7.3154342255747423E+01, 1.2557775436733184E+03,-3.5294692474490910E+02,-6.9056032664932147E+01,-1.5665632813078705E+02,-1.2343074151562651E+03, 6.3655492420641508E+01, 1.6171002691422422E+02, 2.5898146283712608E+03,-6.9540521934125081E+00,-5.2188644445436367E+01,-1.3145354141397303E+02
 OMEGA(4,2)             , 2.8110585428962639E+02, 2.1355706268329616E+01,-6.7536092256377330E+01,-1.3311859054614916E+02, 6.0436415037335655E+02, 1.7384897969385258E+02,-2.9826593956903389E+02,-5.1479595771303480E+02, 7.8242908443753635E+01,-7.8182842564462976E+02, 4.9854537560737473E+00,-6.9540521934125081E+00, 2.5711087166520724E+03,-2.5540828742909255E+01,-2.0116267057042350E+02
 OMEGA(4,3)             ,-1.0609582974050809E+02,-2.9053968956631760E+01,-7.6810698082642290E+01,-1.5546014537835612E+02, 8.4842093773005797E+02,-4.5934767039479937E+01,-1.2986859391857621E+01, 9.3010385864860837E+01, 1.9479530271099355E+02,-1.3267912712632594E+02,-9.4142133283069404E+02,-5.2188644445436367E+01,-2.5540828742909255E+01, 2.2535998879046929E+03,-1.1484371758992934E+03
 OMEGA(4,4)             ,-3.9728750458822539E+01,-7.9057229432010928E+01,-6.9506035268910168E+01, 3.0664197589905626E+02, 1.0438843826182635E+03,-1.3793968054607478E+02, 1.1225416801353066E+02,-4.4344747607289563E+01, 1.2948887635993907E+02, 8.5822324389082823E+01, 1.4851553182620273E+02,-1.3145354141397303E+02,-2.0116267057042350E+02,-1.1484371758992934E+03, 1.7668489365114881E+03
