TABLE NO.     1: First Order Conditional Estimation with Interaction: Problem=1 Subproblem=0 Superproblem1=0 Iteration1=0 Superproblem2=0 Iteration2=0
 NAME         THETA1       THETA2       THETA3       THETA4       SIGMA(1,1)   OMEGA(1,1)   OMEGA(2,1)   OMEGA(2,2)   OMEGA(3,1)   OMEGA(3,2)   OMEGA(3,3)   OMEGA(4,1)   OMEGA(4,2)   OMEGA(4,3)   OMEGA(4,4)
 THETA1        1.86905E-03  2.46361E-04  5.79120E-04  2.43784E-04  5.85013E-06  7.38854E-05  7.91737E-05 -3.84681E-06  1.11763E-04  5.65135E-05  2.56952E-04  9.38666E-05  3.10880E-05  1.57170E-04  1.06071E-04
 THETA2        2.46361E-04  2.28643E-03  2.35841E-04  3.27103E-04  1.01657E-05  1.38409E-04  1.30447E-04  3.72388E-05  1.87402E-04  9.64406E-05  1.74161E-05  1.32315E-04 -1.38632E-05  6.73332E-05  1.38246E-04
 THETA3        5.79120E-04  2.35841E-04  4.96342E-03  1.96736E-03 -7.81297E-06  2.00911E-04  2.60959E-04 -2.48190E-04  3.83216E-05  8.31385E-04  9.09325E-04  2.36056E-04  3.13598E-04  3.49525E-04  1.27829E-04
 THETA4        2.43784E-04  3.27103E-04  1.96736E-03  2.67919E-03 -1.72139E-05  1.65301E-04  1.71209E-04 -7.23036E-05  2.14368E-04  2.47893E-04  6.95905E-04  2.14433E-04  1.83716E-04  3.11054E-04  2.23168E-04
 SIGMA(1,1)    5.85013E-06  1.01657E-05 -7.81297E-06 -1.72139E-05  6.83938E-05 -3.61259E-05 -4.18398E-05 -7.70039E-05 -8.30298E-05  1.72599E-05 -3.74632E-04 -6.24205E-05 -2.53811E-05 -2.21496E-04 -1.55091E-04
 OMEGA(1,1)    7.38854E-05  1.38409E-04  2.00911E-04  1.65301E-04 -3.61259E-05  7.34892E-04  1.39098E-04  2.03048E-05  2.76172E-04  6.00022E-05  3.60795E-04  1.49149E-04  3.74121E-05  2.03514E-04  1.41544E-04
 OMEGA(2,1)    7.91737E-05  1.30447E-04  2.60959E-04  1.71209E-04 -4.18398E-05  1.39098E-04  4.58365E-04  9.70681E-05  1.58845E-04  1.68615E-04  3.56612E-04  1.45829E-04  5.74224E-05  2.10852E-04  1.48082E-04
 OMEGA(2,2)   -3.84681E-06  3.72388E-05 -2.48190E-04 -7.23036E-05 -7.70039E-05  2.03048E-05  9.70681E-05  9.92399E-04  1.06434E-04 -5.01977E-05  3.90258E-04  6.78090E-05  1.38307E-04  2.63023E-04  2.19476E-04
 OMEGA(3,1)    1.11763E-04  1.87402E-04  3.83216E-05  2.14368E-04 -8.30298E-05  2.76172E-04  1.58845E-04  1.06434E-04  9.28959E-04 -5.99931E-05  1.08960E-03  4.29747E-04  5.25915E-05  5.83220E-04  3.57585E-04
 OMEGA(3,2)    5.65135E-05  9.64406E-05  8.31385E-04  2.47893E-04  1.72599E-05  6.00022E-05  1.68615E-04 -5.01977E-05 -5.99931E-05  1.25483E-03 -5.56037E-06  2.24142E-05  3.35759E-04 -3.22849E-05 -1.43462E-05
 OMEGA(3,3)    2.56952E-04  1.74161E-05  9.09325E-04  6.95905E-04 -3.74632E-04  3.60795E-04  3.56612E-04  3.90258E-04  1.08960E-03 -5.56037E-06  6.11899E-03  6.80548E-04  2.48997E-04  2.95704E-03  1.56253E-03
 OMEGA(4,1)    9.38666E-05  1.32315E-04  2.36056E-04  2.14433E-04 -6.24205E-05  1.49149E-04  1.45829E-04  6.78090E-05  4.29747E-04  2.24142E-05  6.80548E-04  5.70794E-04  9.98750E-05  4.53444E-04  2.94919E-04
 OMEGA(4,2)    3.10880E-05 -1.38632E-05  3.13598E-04  1.83716E-04 -2.53811E-05  3.74121E-05  5.74224E-05  1.38307E-04  5.25915E-05  3.35759E-04  2.48997E-04  9.98750E-05  5.51432E-04  2.20701E-04  2.49632E-04
 OMEGA(4,3)    1.57170E-04  6.73332E-05  3.49525E-04  3.11054E-04 -2.21496E-04  2.03514E-04  2.10852E-04  2.63023E-04  5.83220E-04 -3.22849E-05  2.95704E-03  4.53444E-04  2.20701E-04  2.12885E-03  1.32455E-03
 OMEGA(4,4)    1.06071E-04  1.38246E-04  1.27829E-04  2.23168E-04 -1.55091E-04  1.41544E-04  1.48082E-04  2.19476E-04  3.57585E-04 -1.43462E-05  1.56253E-03  2.94919E-04  2.49632E-04  1.32455E-03  1.57880E-03
