TABLE NO.     1: Iterative Two Stage: Problem=1 Subproblem=0 Superproblem1=0 Iteration1=0 Superproblem2=0 Iteration2=0
 NAME         THETA1       THETA2       THETA3       THETA4       SIGMA(1,1)   OMEGA(1,1)   OMEGA(2,1)   OMEGA(2,2)
 THETA1        6.48538E-02  1.65333E-01 -2.48778E-01  2.90337E-01  0.00000E+00 -3.67971E-01  0.00000E+00 -2.97286E-02
 THETA2        1.65333E-01  8.47096E-02  2.44289E-01 -1.95139E-01  0.00000E+00 -2.67467E-01  0.00000E+00 -4.77800E-01
 THETA3       -2.48778E-01  2.44289E-01  8.63418E-02 -5.37911E-01  0.00000E+00  1.92536E-01  0.00000E+00  1.47300E-02
 THETA4        2.90337E-01 -1.95139E-01 -5.37911E-01  4.27824E+00  0.00000E+00 -1.87088E-01  0.00000E+00  1.43096E-01
 SIGMA(1,1)    0.00000E+00  0.00000E+00  0.00000E+00  0.00000E+00  0.00000E+00  0.00000E+00  0.00000E+00  0.00000E+00
 OMEGA(1,1)   -3.67971E-01 -2.67467E-01  1.92536E-01 -1.87088E-01  0.00000E+00  3.55678E-02  0.00000E+00  7.64147E-02
 OMEGA(2,1)    0.00000E+00  0.00000E+00  0.00000E+00  0.00000E+00  0.00000E+00  0.00000E+00  0.00000E+00  0.00000E+00
 OMEGA(2,2)   -2.97286E-02 -4.77800E-01  1.47300E-02  1.43096E-01  0.00000E+00  7.64147E-02  0.00000E+00  4.10418E-02
TABLE NO.     2: Importance Sampling: Problem=1 Subproblem=0 Superproblem1=0 Iteration1=0 Superproblem2=0 Iteration2=0
 NAME         THETA1       THETA2       THETA3       THETA4       SIGMA(1,1)   OMEGA(1,1)   OMEGA(2,1)   OMEGA(2,2)
 THETA1        5.74092E-02 -1.83210E-02 -4.69460E-02  5.90547E-02  0.00000E+00 -9.62265E-02  0.00000E+00 -8.40565E-03
 THETA2       -1.83210E-02  6.52933E-02  3.51902E-03  2.26041E-02  0.00000E+00 -1.13684E-02  0.00000E+00 -2.43317E-02
 THETA3       -4.69460E-02  3.51902E-03  7.83537E-02 -6.59727E-01  0.00000E+00  7.95693E-02  0.00000E+00  3.44270E-02
 THETA4        5.90547E-02  2.26041E-02 -6.59727E-01  3.88824E+00  0.00000E+00 -1.24022E-01  0.00000E+00 -5.20932E-02
 SIGMA(1,1)    0.00000E+00  0.00000E+00  0.00000E+00  0.00000E+00  0.00000E+00  0.00000E+00  0.00000E+00  0.00000E+00
 OMEGA(1,1)   -9.62265E-02 -1.13684E-02  7.95693E-02 -1.24022E-01  0.00000E+00  2.64675E-02  0.00000E+00  1.05157E-01
 OMEGA(2,1)    0.00000E+00  0.00000E+00  0.00000E+00  0.00000E+00  0.00000E+00  0.00000E+00  0.00000E+00  0.00000E+00
 OMEGA(2,2)   -8.40565E-03 -2.43317E-02  3.44270E-02 -5.20932E-02  0.00000E+00  1.05157E-01  0.00000E+00  3.60811E-02
TABLE NO.     3: Laplacian Conditional Estimation with Interaction: Problem=1 Subproblem=0 Superproblem1=0 Iteration1=0 Superproblem2=0 Iteration2=0
 NAME         THETA1       THETA2       THETA3       THETA4       SIGMA(1,1)   OMEGA(1,1)   OMEGA(2,1)   OMEGA(2,2)
 THETA1        5.63158E-02 -2.08992E-02 -3.93831E-02  4.63859E-02  0.00000E+00 -7.58882E-02  0.00000E+00 -4.83734E-03
 THETA2       -2.08992E-02  6.40481E-02  5.08808E-03  2.05290E-02  0.00000E+00 -3.66321E-03  0.00000E+00  1.02505E-03
 THETA3       -3.93831E-02  5.08808E-03  7.86854E-02 -6.61062E-01  0.00000E+00  8.29249E-02  0.00000E+00  2.24589E-02
 THETA4        4.63859E-02  2.05290E-02 -6.61062E-01  3.93390E+00  0.00000E+00 -1.29862E-01  0.00000E+00 -3.60275E-02
 SIGMA(1,1)    0.00000E+00  0.00000E+00  0.00000E+00  0.00000E+00  0.00000E+00  0.00000E+00  0.00000E+00  0.00000E+00
 OMEGA(1,1)   -7.58882E-02 -3.66321E-03  8.29249E-02 -1.29862E-01  0.00000E+00  2.49876E-02  0.00000E+00  1.01536E-02
 OMEGA(2,1)    0.00000E+00  0.00000E+00  0.00000E+00  0.00000E+00  0.00000E+00  0.00000E+00  0.00000E+00  0.00000E+00
 OMEGA(2,2)   -4.83734E-03  1.02505E-03  2.24589E-02 -3.60275E-02  0.00000E+00  1.01536E-02  0.00000E+00  3.18711E-02
