TABLE NO.     1: Iterative Two Stage: Problem=1 Subproblem=0 Superproblem1=0 Iteration1=0 Superproblem2=0 Iteration2=0
 NAME         THETA1       THETA2       THETA3       THETA4       SIGMA(1,1)   OMEGA(1,1)   OMEGA(2,1)   OMEGA(2,2)
 THETA1        4.20601E-03  9.08295E-04 -1.39305E-03  8.05568E-02  0.00000E+00 -8.48801E-04  0.00000E+00 -7.91292E-05
 THETA2        9.08295E-04  7.17571E-03  1.78673E-03 -7.07199E-02  0.00000E+00 -8.05859E-04  0.00000E+00 -1.66114E-03
 THETA3       -1.39305E-03  1.78673E-03  7.45491E-03 -1.98700E-01  0.00000E+00  5.91274E-04  0.00000E+00  5.21975E-05
 THETA4        8.05568E-02 -7.07199E-02 -1.98700E-01  1.83033E+01  0.00000E+00 -2.84687E-02  0.00000E+00  2.51258E-02
 SIGMA(1,1)    0.00000E+00  0.00000E+00  0.00000E+00  0.00000E+00  0.00000E+00  0.00000E+00  0.00000E+00  0.00000E+00
 OMEGA(1,1)   -8.48801E-04 -8.05859E-04  5.91274E-04 -2.84687E-02  0.00000E+00  1.26507E-03  0.00000E+00  1.11547E-04
 OMEGA(2,1)    0.00000E+00  0.00000E+00  0.00000E+00  0.00000E+00  0.00000E+00  0.00000E+00  0.00000E+00  0.00000E+00
 OMEGA(2,2)   -7.91292E-05 -1.66114E-03  5.21975E-05  2.51258E-02  0.00000E+00  1.11547E-04  0.00000E+00  1.68443E-03
TABLE NO.     2: Importance Sampling: Problem=1 Subproblem=0 Superproblem1=0 Iteration1=0 Superproblem2=0 Iteration2=0
 NAME         THETA1       THETA2       THETA3       THETA4       SIGMA(1,1)   OMEGA(1,1)   OMEGA(2,1)   OMEGA(2,2)
 THETA1        3.29582E-03 -6.86751E-05 -2.11174E-04  1.31822E-02  0.00000E+00 -1.46214E-04  0.00000E+00 -1.74114E-05
 THETA2       -6.86751E-05  4.26322E-03  1.80032E-05  5.73863E-03  0.00000E+00 -1.96463E-05  0.00000E+00 -5.73218E-05
 THETA3       -2.11174E-04  1.80032E-05  6.13931E-03 -2.00991E-01  0.00000E+00  1.65013E-04  0.00000E+00  9.73283E-05
 THETA4        1.31822E-02  5.73863E-03 -2.00991E-01  1.51184E+01  0.00000E+00 -1.27634E-02  0.00000E+00 -7.30826E-03
 SIGMA(1,1)    0.00000E+00  0.00000E+00  0.00000E+00  0.00000E+00  0.00000E+00  0.00000E+00  0.00000E+00  0.00000E+00
 OMEGA(1,1)   -1.46214E-04 -1.96463E-05  1.65013E-04 -1.27634E-02  0.00000E+00  7.00529E-04  0.00000E+00  1.00423E-04
 OMEGA(2,1)    0.00000E+00  0.00000E+00  0.00000E+00  0.00000E+00  0.00000E+00  0.00000E+00  0.00000E+00  0.00000E+00
 OMEGA(2,2)   -1.74114E-05 -5.73218E-05  9.73283E-05 -7.30826E-03  0.00000E+00  1.00423E-04  0.00000E+00  1.30184E-03
TABLE NO.     3: Laplacian Conditional Estimation with Interaction: Problem=1 Subproblem=0 Superproblem1=0 Iteration1=0 Superproblem2=0 Iteration2=0
 NAME         THETA1       THETA2       THETA3       THETA4       SIGMA(1,1)   OMEGA(1,1)   OMEGA(2,1)   OMEGA(2,2)
 THETA1        3.17147E-03 -7.53818E-05 -1.74516E-04  1.02763E-02  0.00000E+00 -1.06790E-04  0.00000E+00 -8.68228E-06
 THETA2       -7.53818E-05  4.10216E-03  2.56422E-05  5.17247E-03  0.00000E+00 -5.86263E-06  0.00000E+00  2.09242E-06
 THETA3       -1.74516E-04  2.56422E-05  6.19140E-03 -2.04625E-01  0.00000E+00  1.63044E-04  0.00000E+00  5.63222E-05
 THETA4        1.02763E-02  5.17247E-03 -2.04625E-01  1.54755E+01  0.00000E+00 -1.27652E-02  0.00000E+00 -4.51704E-03
 SIGMA(1,1)    0.00000E+00  0.00000E+00  0.00000E+00  0.00000E+00  0.00000E+00  0.00000E+00  0.00000E+00  0.00000E+00
 OMEGA(1,1)   -1.06790E-04 -5.86263E-06  1.63044E-04 -1.27652E-02  0.00000E+00  6.24380E-04  0.00000E+00  8.08615E-06
 OMEGA(2,1)    0.00000E+00  0.00000E+00  0.00000E+00  0.00000E+00  0.00000E+00  0.00000E+00  0.00000E+00  0.00000E+00
 OMEGA(2,2)   -8.68228E-06  2.09242E-06  5.63222E-05 -4.51704E-03  0.00000E+00  8.08615E-06  0.00000E+00  1.01577E-03
