TABLE NO.     1: Iterative Two Stage: Problem=1 Subproblem=0 Superproblem1=0 Iteration1=0 Superproblem2=0 Iteration2=0
 NAME         THETA1       THETA2       THETA3       THETA4       SIGMA(1,1)   SIGMA(2,1)   SIGMA(2,2)   OMEGA(1,1)   OMEGA(2,1)   OMEGA(2,2)
 THETA1        4.18448E-03  8.99926E-04 -1.36287E-03  8.05813E-02  0.00000E+00  0.00000E+00  0.00000E+00 -8.08558E-04  0.00000E+00 -7.26910E-05
 THETA2        8.99926E-04  7.13840E-03  1.73141E-03 -6.76806E-02  0.00000E+00  0.00000E+00  0.00000E+00 -8.15658E-04  0.00000E+00 -1.65484E-03
 THETA3       -1.36287E-03  1.73141E-03  7.38577E-03 -1.94545E-01  0.00000E+00  0.00000E+00  0.00000E+00  5.73886E-04  0.00000E+00  5.54635E-05
 THETA4        8.05813E-02 -6.76806E-02 -1.94545E-01  1.83055E+01  0.00000E+00  0.00000E+00  0.00000E+00 -2.65426E-02  0.00000E+00  2.55432E-02
 SIGMA(1,1)    0.00000E+00  0.00000E+00  0.00000E+00  0.00000E+00  0.00000E+00  0.00000E+00  0.00000E+00  0.00000E+00  0.00000E+00  0.00000E+00
 SIGMA(2,1)    0.00000E+00  0.00000E+00  0.00000E+00  0.00000E+00  0.00000E+00  0.00000E+00  0.00000E+00  0.00000E+00  0.00000E+00  0.00000E+00
 SIGMA(2,2)    0.00000E+00  0.00000E+00  0.00000E+00  0.00000E+00  0.00000E+00  0.00000E+00  0.00000E+00  0.00000E+00  0.00000E+00  0.00000E+00
 OMEGA(1,1)   -8.08558E-04 -8.15658E-04  5.73886E-04 -2.65426E-02  0.00000E+00  0.00000E+00  0.00000E+00  1.26239E-03  0.00000E+00  1.14461E-04
 OMEGA(2,1)    0.00000E+00  0.00000E+00  0.00000E+00  0.00000E+00  0.00000E+00  0.00000E+00  0.00000E+00  0.00000E+00  0.00000E+00  0.00000E+00
 OMEGA(2,2)   -7.26910E-05 -1.65484E-03  5.54635E-05  2.55432E-02  0.00000E+00  0.00000E+00  0.00000E+00  1.14461E-04  0.00000E+00  1.68593E-03
TABLE NO.     2: Importance Sampling: Problem=1 Subproblem=0 Superproblem1=0 Iteration1=0 Superproblem2=0 Iteration2=0
 NAME         THETA1       THETA2       THETA3       THETA4       SIGMA(1,1)   SIGMA(2,1)   SIGMA(2,2)   OMEGA(1,1)   OMEGA(2,1)   OMEGA(2,2)
 THETA1        3.30140E-03 -7.22380E-05 -1.98325E-04  1.18933E-02  0.00000E+00  0.00000E+00  0.00000E+00 -1.08779E-04  0.00000E+00 -2.27915E-05
 THETA2       -7.22380E-05  4.25407E-03  1.71165E-05  6.04989E-03  0.00000E+00  0.00000E+00  0.00000E+00 -2.48674E-05  0.00000E+00 -5.39398E-05
 THETA3       -1.98325E-04  1.71165E-05  6.21411E-03 -2.05537E-01  0.00000E+00  0.00000E+00  0.00000E+00  1.90292E-04  0.00000E+00  1.34113E-04
 THETA4        1.18933E-02  6.04989E-03 -2.05537E-01  1.55184E+01  0.00000E+00  0.00000E+00  0.00000E+00 -1.45707E-02  0.00000E+00 -8.66692E-03
 SIGMA(1,1)    0.00000E+00  0.00000E+00  0.00000E+00  0.00000E+00  0.00000E+00  0.00000E+00  0.00000E+00  0.00000E+00  0.00000E+00  0.00000E+00
 SIGMA(2,1)    0.00000E+00  0.00000E+00  0.00000E+00  0.00000E+00  0.00000E+00  0.00000E+00  0.00000E+00  0.00000E+00  0.00000E+00  0.00000E+00
 SIGMA(2,2)    0.00000E+00  0.00000E+00  0.00000E+00  0.00000E+00  0.00000E+00  0.00000E+00  0.00000E+00  0.00000E+00  0.00000E+00  0.00000E+00
 OMEGA(1,1)   -1.08779E-04 -2.48674E-05  1.90292E-04 -1.45707E-02  0.00000E+00  0.00000E+00  0.00000E+00  6.96996E-04  0.00000E+00  1.01720E-04
 OMEGA(2,1)    0.00000E+00  0.00000E+00  0.00000E+00  0.00000E+00  0.00000E+00  0.00000E+00  0.00000E+00  0.00000E+00  0.00000E+00  0.00000E+00
 OMEGA(2,2)   -2.27915E-05 -5.39398E-05  1.34113E-04 -8.66692E-03  0.00000E+00  0.00000E+00  0.00000E+00  1.01720E-04  0.00000E+00  1.29010E-03
