TABLE NO.     1: Iterative Two Stage: Problem=1 Subproblem=0 Superproblem1=0 Iteration1=0 Superproblem2=0 Iteration2=0
 NAME         THETA1       THETA2       THETA3       THETA4       SIGMA(1,1)   OMEGA(1,1)   OMEGA(2,1)   OMEGA(2,2)
 THETA1        3.03838E+02 -4.61633E+01  3.28182E+01 -9.00826E-01  0.00000E+00  1.41330E+02  0.00000E+00 -2.81906E+01
 THETA2       -4.61633E+01  2.29390E+02 -6.88877E+01  2.57560E-01  0.00000E+00  1.34323E+02  0.00000E+00  2.13447E+02
 THETA3        3.28182E+01 -6.88877E+01  2.14920E+02  1.94766E+00  0.00000E+00 -6.98886E+01  0.00000E+00 -9.74776E+01
 THETA4       -9.00826E-01  2.57560E-01  1.94766E+00  8.32609E-02  0.00000E+00  6.22830E-01  0.00000E+00 -1.13188E+00
 SIGMA(1,1)    0.00000E+00  0.00000E+00  0.00000E+00  0.00000E+00  0.00000E+00  0.00000E+00  0.00000E+00  0.00000E+00
 OMEGA(1,1)    1.41330E+02  1.34323E+02 -6.98886E+01  6.22830E-01  0.00000E+00  1.01182E+03  0.00000E+00  6.49747E+01
 OMEGA(2,1)    0.00000E+00  0.00000E+00  0.00000E+00  0.00000E+00  0.00000E+00  0.00000E+00  0.00000E+00  0.00000E+00
 OMEGA(2,2)   -2.81906E+01  2.13447E+02 -9.74776E+01 -1.13188E+00  0.00000E+00  6.49747E+01  0.00000E+00  8.18446E+02
TABLE NO.     2: Importance Sampling: Problem=1 Subproblem=0 Superproblem1=0 Iteration1=0 Superproblem2=0 Iteration2=0
 NAME         THETA1       THETA2       THETA3       THETA4       SIGMA(1,1)   OMEGA(1,1)   OMEGA(2,1)   OMEGA(2,2)
 THETA1        3.07116E+02  5.43175E+00  3.11576E+00 -1.78101E-01  0.00000E+00  6.04972E+01  0.00000E+00 -1.55280E+00
 THETA2        5.43175E+00  2.35058E+02 -6.33042E+00 -1.69473E-01  0.00000E+00  4.75636E+00  0.00000E+00  9.57752E+00
 THETA3        3.11576E+00 -6.33042E+00  2.88622E+02  3.83863E+00  0.00000E+00  2.49057E+00  0.00000E+00 -4.57856E-01
 THETA4       -1.78101E-01 -1.69473E-01  3.83863E+00  1.18522E-01  0.00000E+00  1.17343E+00  0.00000E+00  2.78009E-01
 SIGMA(1,1)    0.00000E+00  0.00000E+00  0.00000E+00  0.00000E+00  0.00000E+00  0.00000E+00  0.00000E+00  0.00000E+00
 OMEGA(1,1)    6.04972E+01  4.75636E+00  2.49057E+00  1.17343E+00  0.00000E+00  1.47631E+03  0.00000E+00 -1.06461E+02
 OMEGA(2,1)    0.00000E+00  0.00000E+00  0.00000E+00  0.00000E+00  0.00000E+00  0.00000E+00  0.00000E+00  0.00000E+00
 OMEGA(2,2)   -1.55280E+00  9.57752E+00 -4.57856E-01  2.78009E-01  0.00000E+00 -1.06461E+02  0.00000E+00  7.78349E+02
TABLE NO.     3: Laplacian Conditional Estimation with Interaction: Problem=1 Subproblem=0 Superproblem1=0 Iteration1=0 Superproblem2=0 Iteration2=0
 NAME         THETA1       THETA2       THETA3       THETA4       SIGMA(1,1)   OMEGA(1,1)   OMEGA(2,1)   OMEGA(2,2)
 THETA1        3.17769E+02  6.04747E+00  3.44451E+00 -1.25024E-01  0.00000E+00  5.09302E+01  0.00000E+00  1.55128E+00
 THETA2        6.04747E+00  2.44144E+02 -6.51754E+00 -1.70770E-01  0.00000E+00  1.54846E+00  0.00000E+00 -8.61574E-01
 THETA3        3.44451E+00 -6.51754E+00  2.87103E+02  3.79905E+00  0.00000E+00  3.21448E+00  0.00000E+00  9.92099E-01
 THETA4       -1.25024E-01 -1.70770E-01  3.79905E+00  1.16196E-01  0.00000E+00  1.35675E+00  0.00000E+00  2.94549E-01
 SIGMA(1,1)    0.00000E+00  0.00000E+00  0.00000E+00  0.00000E+00  0.00000E+00  0.00000E+00  0.00000E+00  0.00000E+00
 OMEGA(1,1)    5.09302E+01  1.54846E+00  3.21448E+00  1.35675E+00  0.00000E+00  1.63730E+03  0.00000E+00 -6.74669E+00
 OMEGA(2,1)    0.00000E+00  0.00000E+00  0.00000E+00  0.00000E+00  0.00000E+00  0.00000E+00  0.00000E+00  0.00000E+00
 OMEGA(2,2)    1.55128E+00 -8.61574E-01  9.92099E-01  2.94549E-01  0.00000E+00 -6.74669E+00  0.00000E+00  9.85802E+02
