TABLE NO.     1: Iterative Two Stage: Problem=1 Subproblem=0 Superproblem1=0 Iteration1=0 Superproblem2=0 Iteration2=0
 NAME         THETA1       THETA2       THETA3       THETA4       SIGMA(1,1)   SIGMA(2,1)   SIGMA(2,2)   OMEGA(1,1)   OMEGA(2,1)   OMEGA(2,2)
 THETA1        6.46876E-02  1.64659E-01 -2.45152E-01  2.91154E-01  0.00000E+00  0.00000E+00  0.00000E+00 -3.51798E-01  0.00000E+00 -2.73678E-02
 THETA2        1.64659E-01  8.44890E-02  2.38452E-01 -1.87229E-01  0.00000E+00  0.00000E+00  0.00000E+00 -2.71713E-01  0.00000E+00 -4.77018E-01
 THETA3       -2.45152E-01  2.38452E-01  8.59405E-02 -5.29092E-01  0.00000E+00  0.00000E+00  0.00000E+00  1.87945E-01  0.00000E+00  1.57177E-02
 THETA4        2.91154E-01 -1.87229E-01 -5.29092E-01  4.27849E+00  0.00000E+00  0.00000E+00  0.00000E+00 -1.74605E-01  0.00000E+00  1.45400E-01
 SIGMA(1,1)    0.00000E+00  0.00000E+00  0.00000E+00  0.00000E+00  0.00000E+00  0.00000E+00  0.00000E+00  0.00000E+00  0.00000E+00  0.00000E+00
 SIGMA(2,1)    0.00000E+00  0.00000E+00  0.00000E+00  0.00000E+00  0.00000E+00  0.00000E+00  0.00000E+00  0.00000E+00  0.00000E+00  0.00000E+00
 SIGMA(2,2)    0.00000E+00  0.00000E+00  0.00000E+00  0.00000E+00  0.00000E+00  0.00000E+00  0.00000E+00  0.00000E+00  0.00000E+00  0.00000E+00
 OMEGA(1,1)   -3.51798E-01 -2.71713E-01  1.87945E-01 -1.74605E-01  0.00000E+00  0.00000E+00  0.00000E+00  3.55301E-02  0.00000E+00  7.84587E-02
 OMEGA(2,1)    0.00000E+00  0.00000E+00  0.00000E+00  0.00000E+00  0.00000E+00  0.00000E+00  0.00000E+00  0.00000E+00  0.00000E+00  0.00000E+00
 OMEGA(2,2)   -2.73678E-02 -4.77018E-01  1.57177E-02  1.45400E-01  0.00000E+00  0.00000E+00  0.00000E+00  7.84587E-02  0.00000E+00  4.10601E-02
TABLE NO.     2: Importance Sampling: Problem=1 Subproblem=0 Superproblem1=0 Iteration1=0 Superproblem2=0 Iteration2=0
 NAME         THETA1       THETA2       THETA3       THETA4       SIGMA(1,1)   SIGMA(2,1)   SIGMA(2,2)   OMEGA(1,1)   OMEGA(2,1)   OMEGA(2,2)
 THETA1        5.74578E-02 -1.92759E-02 -4.37863E-02  5.25448E-02  0.00000E+00  0.00000E+00  0.00000E+00 -7.17104E-02  0.00000E+00 -1.10436E-02
 THETA2       -1.92759E-02  6.52232E-02  3.32907E-03  2.35462E-02  0.00000E+00  0.00000E+00  0.00000E+00 -1.44415E-02  0.00000E+00 -2.30248E-02
 THETA3       -4.37863E-02  3.32907E-03  7.88297E-02 -6.61874E-01  0.00000E+00  0.00000E+00  0.00000E+00  9.14355E-02  0.00000E+00  4.73663E-02
 THETA4        5.25448E-02  2.35462E-02 -6.61874E-01  3.93934E+00  0.00000E+00  0.00000E+00  0.00000E+00 -1.40101E-01  0.00000E+00 -6.12532E-02
 SIGMA(1,1)    0.00000E+00  0.00000E+00  0.00000E+00  0.00000E+00  0.00000E+00  0.00000E+00  0.00000E+00  0.00000E+00  0.00000E+00  0.00000E+00
 SIGMA(2,1)    0.00000E+00  0.00000E+00  0.00000E+00  0.00000E+00  0.00000E+00  0.00000E+00  0.00000E+00  0.00000E+00  0.00000E+00  0.00000E+00
 SIGMA(2,2)    0.00000E+00  0.00000E+00  0.00000E+00  0.00000E+00  0.00000E+00  0.00000E+00  0.00000E+00  0.00000E+00  0.00000E+00  0.00000E+00
 OMEGA(1,1)   -7.17104E-02 -1.44415E-02  9.14355E-02 -1.40101E-01  0.00000E+00  0.00000E+00  0.00000E+00  2.64007E-02  0.00000E+00  1.07270E-01
 OMEGA(2,1)    0.00000E+00  0.00000E+00  0.00000E+00  0.00000E+00  0.00000E+00  0.00000E+00  0.00000E+00  0.00000E+00  0.00000E+00  0.00000E+00
 OMEGA(2,2)   -1.10436E-02 -2.30248E-02  4.73663E-02 -6.12532E-02  0.00000E+00  0.00000E+00  0.00000E+00  1.07270E-01  0.00000E+00  3.59180E-02
