TABLE NO.     1: Iterative Two Stage: Problem=1 Subproblem=0 Superproblem1=0 Iteration1=0 Superproblem2=0 Iteration2=0
 NAME         THETA1       THETA2       THETA3       THETA4       SIGMA(1,1)   SIGMA(2,1)   SIGMA(2,2)   OMEGA(1,1)   OMEGA(2,1)   OMEGA(2,2)
 THETA1        3.02302E+02 -4.61151E+01  3.20407E+01 -9.29615E-01  0.00000E+00  0.00000E+00  0.00000E+00  1.32271E+02  0.00000E+00 -2.81802E+01
 THETA2       -4.61151E+01  2.29453E+02 -6.85706E+01  2.21556E-01  0.00000E+00  0.00000E+00  0.00000E+00  1.35240E+02  0.00000E+00  2.12950E+02
 THETA3        3.20407E+01 -6.85706E+01  2.14056E+02  1.91117E+00  0.00000E+00  0.00000E+00  0.00000E+00 -7.21121E+01  0.00000E+00 -9.70264E+01
 THETA4       -9.29615E-01  2.21556E-01  1.91117E+00  8.22228E-02  0.00000E+00  0.00000E+00  0.00000E+00  5.13429E-01  0.00000E+00 -1.16609E+00
 SIGMA(1,1)    0.00000E+00  0.00000E+00  0.00000E+00  0.00000E+00  0.00000E+00  0.00000E+00  0.00000E+00  0.00000E+00  0.00000E+00  0.00000E+00
 SIGMA(2,1)    0.00000E+00  0.00000E+00  0.00000E+00  0.00000E+00  0.00000E+00  0.00000E+00  0.00000E+00  0.00000E+00  0.00000E+00  0.00000E+00
 SIGMA(2,2)    0.00000E+00  0.00000E+00  0.00000E+00  0.00000E+00  0.00000E+00  0.00000E+00  0.00000E+00  0.00000E+00  0.00000E+00  0.00000E+00
 OMEGA(1,1)    1.32271E+02  1.35240E+02 -7.21121E+01  5.13429E-01  0.00000E+00  0.00000E+00  0.00000E+00  1.00193E+03  0.00000E+00  6.50197E+01
 OMEGA(2,1)    0.00000E+00  0.00000E+00  0.00000E+00  0.00000E+00  0.00000E+00  0.00000E+00  0.00000E+00  0.00000E+00  0.00000E+00  0.00000E+00
 OMEGA(2,2)   -2.81802E+01  2.12950E+02 -9.70264E+01 -1.16609E+00  0.00000E+00  0.00000E+00  0.00000E+00  6.50197E+01  0.00000E+00  8.17397E+02
TABLE NO.     2: Importance Sampling: Problem=1 Subproblem=0 Superproblem1=0 Iteration1=0 Superproblem2=0 Iteration2=0
 NAME         THETA1       THETA2       THETA3       THETA4       SIGMA(1,1)   SIGMA(2,1)   SIGMA(2,2)   OMEGA(1,1)   OMEGA(2,1)   OMEGA(2,2)
 THETA1        3.05213E+02  5.64674E+00  3.43823E+00 -1.49124E-01  0.00000E+00  0.00000E+00  0.00000E+00  4.36590E+01  0.00000E+00  8.26510E-01
 THETA2        5.64674E+00  2.35586E+02 -6.53989E+00 -1.71982E-01  0.00000E+00  0.00000E+00  0.00000E+00  6.16498E+00  0.00000E+00  8.98811E+00
 THETA3        3.43823E+00 -6.53989E+00  2.86631E+02  3.79559E+00  0.00000E+00  0.00000E+00  0.00000E+00  2.07723E+00  0.00000E+00 -4.67454E+00
 THETA4       -1.49124E-01 -1.71982E-01  3.79559E+00  1.16289E-01  0.00000E+00  0.00000E+00  0.00000E+00  1.32561E+00  0.00000E+00  2.72312E-01
 SIGMA(1,1)    0.00000E+00  0.00000E+00  0.00000E+00  0.00000E+00  0.00000E+00  0.00000E+00  0.00000E+00  0.00000E+00  0.00000E+00  0.00000E+00
 SIGMA(2,1)    0.00000E+00  0.00000E+00  0.00000E+00  0.00000E+00  0.00000E+00  0.00000E+00  0.00000E+00  0.00000E+00  0.00000E+00  0.00000E+00
 SIGMA(2,2)    0.00000E+00  0.00000E+00  0.00000E+00  0.00000E+00  0.00000E+00  0.00000E+00  0.00000E+00  0.00000E+00  0.00000E+00  0.00000E+00
 OMEGA(1,1)    4.36590E+01  6.16498E+00  2.07723E+00  1.32561E+00  0.00000E+00  0.00000E+00  0.00000E+00  1.48457E+03  0.00000E+00 -1.07335E+02
 OMEGA(2,1)    0.00000E+00  0.00000E+00  0.00000E+00  0.00000E+00  0.00000E+00  0.00000E+00  0.00000E+00  0.00000E+00  0.00000E+00  0.00000E+00
 OMEGA(2,2)    8.26510E-01  8.98811E+00 -4.67454E+00  2.72312E-01  0.00000E+00  0.00000E+00  0.00000E+00 -1.07335E+02  0.00000E+00  7.86300E+02
