TABLE NO.     1: Iterative Two Stage: Problem=1 Subproblem=0 Superproblem1=0 Iteration1=0 Superproblem2=0 Iteration2=0
 NAME         THETA1       THETA2       THETA3       THETA4       SIGMA(1,1)   SIGMA(2,1)   SIGMA(2,2)   OMEGA(1,1)   OMEGA(2,1)   OMEGA(2,2)
 THETA1        3.42159E-03  8.55648E-04 -9.86472E-04  4.50208E-02  0.00000E+00  0.00000E+00  0.00000E+00 -4.64694E-04  0.00000E+00 -2.36777E-04
 THETA2        8.55648E-04  6.13984E-03  1.27075E-03 -3.91152E-02  0.00000E+00  0.00000E+00  0.00000E+00 -3.40521E-04  0.00000E+00 -1.19058E-03
 THETA3       -9.86472E-04  1.27075E-03  5.62329E-03 -1.64539E-01  0.00000E+00  0.00000E+00  0.00000E+00  3.99365E-04  0.00000E+00  2.64198E-04
 THETA4        4.50208E-02 -3.91152E-02 -1.64539E-01  1.07269E+01  0.00000E+00  0.00000E+00  0.00000E+00 -8.88831E-03  0.00000E+00  6.88981E-03
 SIGMA(1,1)    0.00000E+00  0.00000E+00  0.00000E+00  0.00000E+00  0.00000E+00  0.00000E+00  0.00000E+00  0.00000E+00  0.00000E+00  0.00000E+00
 SIGMA(2,1)    0.00000E+00  0.00000E+00  0.00000E+00  0.00000E+00  0.00000E+00  0.00000E+00  0.00000E+00  0.00000E+00  0.00000E+00  0.00000E+00
 SIGMA(2,2)    0.00000E+00  0.00000E+00  0.00000E+00  0.00000E+00  0.00000E+00  0.00000E+00  0.00000E+00  0.00000E+00  0.00000E+00  0.00000E+00
 OMEGA(1,1)   -4.64694E-04 -3.40521E-04  3.99365E-04 -8.88831E-03  0.00000E+00  0.00000E+00  0.00000E+00  7.41242E-04  0.00000E+00  7.64466E-05
 OMEGA(2,1)    0.00000E+00  0.00000E+00  0.00000E+00  0.00000E+00  0.00000E+00  0.00000E+00  0.00000E+00  0.00000E+00  0.00000E+00  0.00000E+00
 OMEGA(2,2)   -2.36777E-04 -1.19058E-03  2.64198E-04  6.88981E-03  0.00000E+00  0.00000E+00  0.00000E+00  7.64466E-05  0.00000E+00  1.51826E-03
TABLE NO.     2: Importance Sampling: Problem=1 Subproblem=0 Superproblem1=0 Iteration1=0 Superproblem2=0 Iteration2=0
 NAME         THETA1       THETA2       THETA3       THETA4       SIGMA(1,1)   SIGMA(2,1)   SIGMA(2,2)   OMEGA(1,1)   OMEGA(2,1)   OMEGA(2,2)
 THETA1        3.30159E-03 -7.22551E-05 -1.97292E-04  1.16785E-02  0.00000E+00  0.00000E+00  0.00000E+00 -1.08271E-04  0.00000E+00 -2.23987E-05
 THETA2       -7.22551E-05  4.25441E-03  1.81977E-05  5.84739E-03  0.00000E+00  0.00000E+00  0.00000E+00 -2.43641E-05  0.00000E+00 -5.34765E-05
 THETA3       -1.97292E-04  1.81977E-05  6.19306E-03 -2.03952E-01  0.00000E+00  0.00000E+00  0.00000E+00  1.88959E-04  0.00000E+00  1.33328E-04
 THETA4        1.16785E-02  5.84739E-03 -2.03952E-01  1.52718E+01  0.00000E+00  0.00000E+00  0.00000E+00 -1.39419E-02  0.00000E+00 -8.04359E-03
 SIGMA(1,1)    0.00000E+00  0.00000E+00  0.00000E+00  0.00000E+00  0.00000E+00  0.00000E+00  0.00000E+00  0.00000E+00  0.00000E+00  0.00000E+00
 SIGMA(2,1)    0.00000E+00  0.00000E+00  0.00000E+00  0.00000E+00  0.00000E+00  0.00000E+00  0.00000E+00  0.00000E+00  0.00000E+00  0.00000E+00
 SIGMA(2,2)    0.00000E+00  0.00000E+00  0.00000E+00  0.00000E+00  0.00000E+00  0.00000E+00  0.00000E+00  0.00000E+00  0.00000E+00  0.00000E+00
 OMEGA(1,1)   -1.08271E-04 -2.43641E-05  1.88959E-04 -1.39419E-02  0.00000E+00  0.00000E+00  0.00000E+00  6.96184E-04  0.00000E+00  1.01126E-04
 OMEGA(2,1)    0.00000E+00  0.00000E+00  0.00000E+00  0.00000E+00  0.00000E+00  0.00000E+00  0.00000E+00  0.00000E+00  0.00000E+00  0.00000E+00
 OMEGA(2,2)   -2.23987E-05 -5.34765E-05  1.33328E-04 -8.04359E-03  0.00000E+00  0.00000E+00  0.00000E+00  1.01126E-04  0.00000E+00  1.29035E-03
