TABLE NO.     1: Iterative Two Stage: Problem=1 Subproblem=0 Superproblem1=0 Iteration1=0 Superproblem2=0 Iteration2=0
 NAME         THETA1       THETA2       THETA3       THETA4       SIGMA(1,1)   SIGMA(2,1)   SIGMA(2,2)   OMEGA(1,1)   OMEGA(2,1)   OMEGA(2,2)
 THETA1        3.50848E+02 -5.15452E+01  2.98309E+01 -1.06824E+00  0.00000E+00  0.00000E+00  0.00000E+00  1.66818E+02  0.00000E+00  5.55251E+00
 THETA2       -5.15452E+01  2.25642E+02 -8.32259E+01 -2.74842E-01  0.00000E+00  0.00000E+00  0.00000E+00  9.43366E+01  0.00000E+00  1.79883E+02
 THETA3        2.98309E+01 -8.32259E+01  3.72558E+02  5.25917E+00  0.00000E+00  0.00000E+00  0.00000E+00 -1.42536E+02  0.00000E+00 -1.42130E+02
 THETA4       -1.06824E+00 -2.74842E-01  5.25917E+00  1.77616E-01  0.00000E+00  0.00000E+00  0.00000E+00 -1.28944E+00  0.00000E+00 -2.03837E+00
 SIGMA(1,1)    0.00000E+00  0.00000E+00  0.00000E+00  0.00000E+00  0.00000E+00  0.00000E+00  0.00000E+00  0.00000E+00  0.00000E+00  0.00000E+00
 SIGMA(2,1)    0.00000E+00  0.00000E+00  0.00000E+00  0.00000E+00  0.00000E+00  0.00000E+00  0.00000E+00  0.00000E+00  0.00000E+00  0.00000E+00
 SIGMA(2,2)    0.00000E+00  0.00000E+00  0.00000E+00  0.00000E+00  0.00000E+00  0.00000E+00  0.00000E+00  0.00000E+00  0.00000E+00  0.00000E+00
 OMEGA(1,1)    1.66818E+02  9.43366E+01 -1.42536E+02 -1.28944E+00  0.00000E+00  0.00000E+00  0.00000E+00  1.55293E+03  0.00000E+00  5.24545E+01
 OMEGA(2,1)    0.00000E+00  0.00000E+00  0.00000E+00  0.00000E+00  0.00000E+00  0.00000E+00  0.00000E+00  0.00000E+00  0.00000E+00  0.00000E+00
 OMEGA(2,2)    5.55251E+00  1.79883E+02 -1.42130E+02 -2.03837E+00  0.00000E+00  0.00000E+00  0.00000E+00  5.24545E+01  0.00000E+00  8.31914E+02
TABLE NO.     2: Importance Sampling: Problem=1 Subproblem=0 Superproblem1=0 Iteration1=0 Superproblem2=0 Iteration2=0
 NAME         THETA1       THETA2       THETA3       THETA4       SIGMA(1,1)   SIGMA(2,1)   SIGMA(2,2)   OMEGA(1,1)   OMEGA(2,1)   OMEGA(2,2)
 THETA1        3.05177E+02  5.63373E+00  3.43813E+00 -1.49361E-01  0.00000E+00  0.00000E+00  0.00000E+00  4.36140E+01  0.00000E+00  8.26532E-01
 THETA2        5.63373E+00  2.35558E+02 -6.54262E+00 -1.71524E-01  0.00000E+00  0.00000E+00  0.00000E+00  6.15564E+00  0.00000E+00  8.98451E+00
 THETA3        3.43813E+00 -6.54262E+00  2.88508E+02  3.84964E+00  0.00000E+00  0.00000E+00  0.00000E+00 -3.29949E-02  0.00000E+00 -6.02221E+00
 THETA4       -1.49361E-01 -1.71524E-01  3.84964E+00  1.18345E-01  0.00000E+00  0.00000E+00  0.00000E+00  1.26230E+00  0.00000E+00  2.31324E-01
 SIGMA(1,1)    0.00000E+00  0.00000E+00  0.00000E+00  0.00000E+00  0.00000E+00  0.00000E+00  0.00000E+00  0.00000E+00  0.00000E+00  0.00000E+00
 SIGMA(2,1)    0.00000E+00  0.00000E+00  0.00000E+00  0.00000E+00  0.00000E+00  0.00000E+00  0.00000E+00  0.00000E+00  0.00000E+00  0.00000E+00
 SIGMA(2,2)    0.00000E+00  0.00000E+00  0.00000E+00  0.00000E+00  0.00000E+00  0.00000E+00  0.00000E+00  0.00000E+00  0.00000E+00  0.00000E+00
 OMEGA(1,1)    4.36140E+01  6.15564E+00 -3.29949E-02  1.26230E+00  0.00000E+00  0.00000E+00  0.00000E+00  1.48429E+03  0.00000E+00 -1.07442E+02
 OMEGA(2,1)    0.00000E+00  0.00000E+00  0.00000E+00  0.00000E+00  0.00000E+00  0.00000E+00  0.00000E+00  0.00000E+00  0.00000E+00  0.00000E+00
 OMEGA(2,2)    8.26532E-01  8.98451E+00 -6.02221E+00  2.31324E-01  0.00000E+00  0.00000E+00  0.00000E+00 -1.07442E+02  0.00000E+00  7.85856E+02
