TABLE NO.     1: First Order Conditional Estimation with Interaction: Problem=1 Subproblem=0 Superproblem1=0 Iteration1=0 Superproblem2=0 Iteration2=0
 NAME         THETA1       THETA2       THETA3       THETA4       SIGMA(1,1)   OMEGA(1,1)   OMEGA(2,1)   OMEGA(2,2)   OMEGA(3,1)   OMEGA(3,2)   OMEGA(3,3)   OMEGA(4,1)   OMEGA(4,2)   OMEGA(4,3)   OMEGA(4,4)
 THETA1        4.32323E-02  1.19078E-01  1.90096E-01  1.08840E-01  1.63205E-02  6.28992E-02  8.54881E-02 -2.83569E-03  8.46305E-02  3.68636E-02  7.59175E-02  9.07522E-02  3.05840E-02  7.87337E-02  6.16978E-02
 THETA2        1.19078E-01  4.78164E-02  6.99098E-02  1.32070E-01  2.56693E-02  1.06724E-01  1.27352E-01  2.46357E-02  1.28476E-01  5.67915E-02  4.62869E-03  1.15782E-01 -1.25016E-02  3.04605E-02  7.26831E-02
 THETA3        1.90096E-01  6.99098E-02  7.04472E-02  5.39463E-01 -1.37417E-02  1.05202E-01  1.73017E-01 -1.11643E-01  1.79244E-02  3.33050E-01  1.64960E-01  1.40334E-01  1.89483E-01  1.07603E-01  4.57795E-02
 THETA4        1.08840E-01  1.32070E-01  5.39463E-01  5.17608E-02 -4.03800E-02  1.17790E-01  1.54462E-01 -4.42787E-02  1.35899E-01  1.35176E-01  1.71841E-01  1.73349E-01  1.51069E-01  1.30205E-01  1.08433E-01
 SIGMA(1,1)    1.63205E-02  2.56693E-02 -1.37417E-02 -4.03800E-02  8.27099E-03 -1.61326E-01 -2.35794E-01 -2.95730E-01 -3.30166E-01  5.72673E-02 -5.79572E-01 -3.15531E-01 -1.31322E-01 -5.80850E-01 -4.72401E-01
 OMEGA(1,1)    6.28992E-02  1.06724E-01  1.05202E-01  1.17790E-01 -1.61326E-01  2.71113E-02  2.39523E-01  2.38104E-02  3.34322E-01  6.27002E-02  1.70289E-01  2.30199E-01  5.88354E-02  1.62836E-01  1.31513E-01
 OMEGA(2,1)    8.54881E-02  1.27352E-01  1.73017E-01  1.54462E-01 -2.35794E-01  2.39523E-01  2.14065E-02  1.43735E-01  2.43386E-01  2.22689E-01  2.12738E-01  2.84866E-01  1.14145E-01  2.13240E-01  1.73915E-01
 OMEGA(2,2)   -2.83569E-03  2.46357E-02 -1.11643E-01 -4.42787E-02 -2.95730E-01  2.38104E-02  1.43735E-01  3.15025E-02  1.10932E-01 -4.43628E-02  1.58601E-01  8.98849E-02  1.87178E-01  1.81094E-01  1.75464E-01
 OMEGA(3,1)    8.46305E-02  1.28476E-01  1.79244E-02  1.35899E-01 -3.30166E-01  3.34322E-01  2.43386E-01  1.10932E-01  3.04866E-02 -5.50103E-02  4.57444E-01  5.90132E-01  7.37811E-02  4.15092E-01  2.95595E-01
 OMEGA(3,2)    3.68636E-02  5.67915E-02  3.33050E-01  1.35176E-01  5.72673E-02  6.27002E-02  2.22689E-01 -4.43628E-02 -5.50103E-02  3.54156E-02 -1.15828E-03  2.70775E-02  4.03762E-01 -1.87558E-02 -9.34043E-03
 OMEGA(3,3)    7.59175E-02  4.62869E-03  1.64960E-01  1.71841E-01 -5.79572E-01  1.70289E-01  2.12738E-01  1.58601E-01  4.57444E-01 -1.15828E-03  7.82679E-02  3.64007E-01  1.35986E-01  8.19477E-01  5.03057E-01
 OMEGA(4,1)    9.07522E-02  1.15782E-01  1.40334E-01  1.73349E-01 -3.15531E-01  2.30199E-01  2.84866E-01  8.98849E-02  5.90132E-01  2.70775E-02  3.64007E-01  2.38878E-02  1.78054E-01  4.11126E-01  3.10446E-01
 OMEGA(4,2)    3.05840E-02 -1.25016E-02  1.89483E-01  1.51069E-01 -1.31322E-01  5.88354E-02  1.14145E-01  1.87178E-01  7.37811E-02  4.03762E-01  1.35986E-01  1.78054E-01  2.34839E-02  2.04096E-01  2.67828E-01
 OMEGA(4,3)    7.87337E-02  3.04605E-02  1.07603E-01  1.30205E-01 -5.80850E-01  1.62836E-01  2.13240E-01  1.81094E-01  4.15092E-01 -1.87558E-02  8.19477E-01  4.11126E-01  2.04096E-01  4.61581E-02  7.22627E-01
 OMEGA(4,4)    6.16978E-02  7.26831E-02  4.57795E-02  1.08433E-01 -4.72401E-01  1.31513E-01  1.73915E-01  1.75464E-01  2.95595E-01 -9.34043E-03  5.03057E-01  3.10446E-01  2.67828E-01  7.22627E-01  3.97463E-02
