TABLE NO.     1: First Order Conditional Estimation with Interaction: Problem=1 Subproblem=0 Superproblem1=0 Iteration1=0 Superproblem2=0 Iteration2=0
 NAME         THETA1       THETA2       THETA3       THETA4       SIGMA(1,1)   OMEGA(1,1)   OMEGA(2,1)   OMEGA(2,2)   OMEGA(3,1)   OMEGA(3,2)   OMEGA(3,3)   OMEGA(4,1)   OMEGA(4,2)   OMEGA(4,3)   OMEGA(4,4)
 THETA1        1.86903E-03  2.46159E-04  5.78955E-04  2.43556E-04  5.83578E-06  7.37231E-05  7.91152E-05 -3.86200E-06  1.11544E-04  5.64420E-05  2.56882E-04  9.37221E-05  3.10508E-05  1.57115E-04  1.06017E-04
 THETA2        2.46159E-04  2.28641E-03  2.35493E-04  3.26876E-04  1.01519E-05  1.38353E-04  1.30355E-04  3.71096E-05  1.87287E-04  9.61734E-05  1.73228E-05  1.32249E-04 -1.40382E-05  6.72298E-05  1.38136E-04
 THETA3        5.78955E-04  2.35493E-04  4.96280E-03  1.96710E-03 -8.00682E-06  2.00927E-04  2.60914E-04 -2.47764E-04  3.84961E-05  8.30937E-04  9.09550E-04  2.36157E-04  3.13475E-04  3.49893E-04  1.28183E-04
 THETA4        2.43556E-04  3.26876E-04  1.96710E-03  2.67918E-03 -1.72872E-05  1.65294E-04  1.71147E-04 -7.22005E-05  2.14450E-04  2.47797E-04  6.96165E-04  2.14338E-04  1.83632E-04  3.11084E-04  2.23080E-04
 SIGMA(1,1)    5.83578E-06  1.01519E-05 -8.00682E-06 -1.72872E-05  6.84094E-05 -3.61754E-05 -4.17481E-05 -7.70544E-05 -8.32528E-05  1.67749E-05 -3.75188E-04 -6.23414E-05 -2.55073E-05 -2.21753E-04 -1.55298E-04
 OMEGA(1,1)    7.37231E-05  1.38353E-04  2.00927E-04  1.65294E-04 -3.61754E-05  7.35022E-04  1.39009E-04  2.03358E-05  2.76328E-04  6.02024E-05  3.61344E-04  1.49084E-04  3.74592E-05  2.03774E-04  1.41715E-04
 OMEGA(2,1)    7.91152E-05  1.30355E-04  2.60914E-04  1.71147E-04 -4.17481E-05  1.39009E-04  4.58239E-04  9.69289E-05  1.58836E-04  1.68826E-04  3.56430E-04  1.45667E-04  5.73818E-05  2.10699E-04  1.47972E-04
 OMEGA(2,2)   -3.86200E-06  3.71096E-05 -2.47764E-04 -7.22005E-05 -7.70544E-05  2.03358E-05  9.69289E-05  9.92405E-04  1.06539E-04 -4.94947E-05  3.91053E-04  6.76406E-05  1.38474E-04  2.63328E-04  2.19700E-04
 OMEGA(3,1)    1.11544E-04  1.87287E-04  3.84961E-05  2.14450E-04 -8.32528E-05  2.76328E-04  1.58836E-04  1.06539E-04  9.29435E-04 -5.93949E-05  1.09152E-03  4.29768E-04  5.28232E-05  5.84120E-04  3.58181E-04
 OMEGA(3,2)    5.64420E-05  9.61734E-05  8.30937E-04  2.47797E-04  1.67749E-05  6.02024E-05  1.68826E-04 -4.94947E-05 -5.93949E-05  1.25427E-03 -3.21065E-06  2.29076E-05  3.35807E-04 -3.06604E-05 -1.31480E-05
 OMEGA(3,3)    2.56882E-04  1.73228E-05  9.09550E-04  6.96165E-04 -3.75188E-04  3.61344E-04  3.56430E-04  3.91053E-04  1.09152E-03 -3.21065E-06  6.12587E-03  6.80565E-04  2.49947E-04  2.96053E-03  1.56494E-03
 OMEGA(4,1)    9.37221E-05  1.32249E-04  2.36157E-04  2.14338E-04 -6.23414E-05  1.49084E-04  1.45667E-04  6.76406E-05  4.29768E-04  2.29076E-05  6.80565E-04  5.70627E-04  9.98845E-05  4.53314E-04  2.94753E-04
 OMEGA(4,2)    3.10508E-05 -1.40382E-05  3.13475E-04  1.83632E-04 -2.55073E-05  3.74592E-05  5.73818E-05  1.38474E-04  5.28232E-05  3.35807E-04  2.49947E-04  9.98845E-05  5.51492E-04  2.21234E-04  2.49990E-04
 OMEGA(4,3)    1.57115E-04  6.72298E-05  3.49893E-04  3.11084E-04 -2.21753E-04  2.03774E-04  2.10699E-04  2.63328E-04  5.84120E-04 -3.06604E-05  2.96053E-03  4.53314E-04  2.21234E-04  2.13057E-03  1.32574E-03
 OMEGA(4,4)    1.06017E-04  1.38136E-04  1.28183E-04  2.23080E-04 -1.55298E-04  1.41715E-04  1.47972E-04  2.19700E-04  3.58181E-04 -1.31480E-05  1.56494E-03  2.94753E-04  2.49990E-04  1.32574E-03  1.57977E-03
