TABLE NO.     1: First Order Conditional Estimation with Interaction: Problem=1 Subproblem=0 Superproblem1=0 Iteration1=0 Superproblem2=0 Iteration2=0
 NAME         THETA1       THETA2       THETA3       THETA4       SIGMA(1,1)   OMEGA(1,1)   OMEGA(2,1)   OMEGA(2,2)   OMEGA(3,1)   OMEGA(3,2)   OMEGA(3,3)   OMEGA(4,1)   OMEGA(4,2)   OMEGA(4,3)   OMEGA(4,4)
 THETA1        5.69807E+02 -4.66235E+01 -6.80772E+01  1.20676E+01 -3.06069E+02 -1.15114E+01 -4.41905E+01 -1.34627E+01 -3.65414E+01  2.68632E+01 -5.27482E+00 -1.66949E+01  6.08418E+00 -2.48257E+01 -1.66667E+01
 THETA2       -4.66235E+01  4.70748E+02  6.29911E+00 -4.83949E+01 -2.41698E+02 -4.02528E+01 -7.51757E+01 -3.23583E+01 -6.87974E+01 -4.10352E+01  2.56496E+01 -4.42072E+01  8.79365E+01  5.39668E+00 -6.06665E+01
 THETA3       -6.80772E+01  6.29911E+00  3.39675E+02 -2.15019E+02 -4.97814E+01 -3.27543E+01 -4.15549E+01  6.87562E+01  1.19177E+02 -1.54159E+02 -4.91571E+01 -8.84132E+01 -2.83173E+01  8.20734E+00  3.36755E+01
 THETA4        1.20676E+01 -4.83949E+01 -2.15019E+02  5.53153E+02 -1.83744E+02 -1.62872E+01 -5.16496E+01  1.36210E+01 -6.77538E+01  6.72327E+01 -3.32097E+01 -2.70985E+01 -8.30672E+01  4.92576E+01 -4.52172E+01
 SIGMA(1,1)   -3.06069E+02 -2.41698E+02 -4.97814E+01 -1.83744E+02  2.62295E+04  3.36284E+02  9.20502E+02  1.16217E+03 -5.15552E+00 -3.15130E+02  9.59212E+02  6.16136E+02 -5.73843E+01  5.21673E+02  8.76789E+02
 OMEGA(1,1)   -1.15114E+01 -4.02528E+01 -3.27543E+01 -1.62872E+01  3.36284E+02  1.59962E+03 -2.88341E+02  4.93556E+01 -4.17118E+02 -3.20471E+01  2.17310E+01  1.06465E+01  4.51409E-01  4.41714E+00 -1.40289E+01
 OMEGA(2,1)   -4.41905E+01 -7.51757E+01 -4.15549E+01 -5.16496E+01  9.20502E+02 -2.88341E+02  2.74659E+03 -2.04919E+02 -9.47377E+01 -3.80751E+02  2.08941E+00 -3.66929E+02  1.93061E+02 -7.57021E+00 -3.17015E+01
 OMEGA(2,2)   -1.34627E+01 -3.23583E+01  6.87562E+01  1.36210E+01  1.16217E+03  4.93556E+01 -2.04919E+02  1.18478E+03 -1.85903E+01  1.01734E+02  8.93813E-01  6.66784E+01 -3.45267E+02  3.19984E+00  4.16080E+00
 OMEGA(3,1)   -3.65414E+01 -6.87974E+01  1.19177E+02 -6.77538E+01 -5.15552E+00 -4.17118E+02 -9.47377E+01 -1.85903E+01  2.03906E+03  7.86222E+01 -2.57018E+02 -1.18062E+03  5.48047E+01  1.10543E+02 -3.14816E+01
 OMEGA(3,2)    2.68632E+01 -4.10352E+01 -1.54159E+02  6.72327E+01 -3.15130E+02 -3.20471E+01 -3.80751E+02  1.01734E+02  7.86222E+01  1.13780E+03 -2.29077E+01  7.00936E+01 -6.88582E+02  5.42564E+01  6.29024E+01
 OMEGA(3,3)   -5.27482E+00  2.56496E+01 -4.91571E+01 -3.32097E+01  9.59212E+02  2.17310E+01  2.08941E+00  8.93813E-01 -2.57018E+02 -2.29077E+01  6.09198E+02  1.36488E+02  5.55648E+01 -8.41420E+02  2.25278E+02
 OMEGA(4,1)   -1.66949E+01 -4.42072E+01 -8.84132E+01 -2.70985E+01  6.16136E+02  1.06465E+01 -3.66929E+02  6.66784E+01 -1.18062E+03  7.00936E+01  1.36488E+02  3.02755E+03 -2.94288E+02 -3.96075E+02  4.78281E+01
 OMEGA(4,2)    6.08418E+00  8.79365E+01 -2.83173E+01 -8.30672E+01 -5.73843E+01  4.51409E-01  1.93061E+02 -3.45267E+02  5.48047E+01 -6.88582E+02  5.55648E+01 -2.94288E+02  2.54331E+03 -6.16720E+01 -3.38820E+02
 OMEGA(4,3)   -2.48257E+01  5.39668E+00  8.20734E+00  4.92576E+01  5.21673E+02  4.41714E+00 -7.57021E+00  3.19984E+00  1.10543E+02  5.42564E+01 -8.41420E+02 -3.96075E+02 -6.16720E+01  2.43573E+03 -1.10678E+03
 OMEGA(4,4)   -1.66667E+01 -6.06665E+01  3.36755E+01 -4.52172E+01  8.76789E+02 -1.40289E+01 -3.17015E+01  4.16080E+00 -3.14816E+01  6.29024E+01  2.25278E+02  4.78281E+01 -3.38820E+02 -1.10678E+03  1.49092E+03
