TABLE NO.     1: First Order Conditional Estimation with Interaction: Problem=1 Subproblem=0 Superproblem1=0 Iteration1=0 Superproblem2=0 Iteration2=0
 NAME         THETA1       THETA2       THETA3       THETA4       SIGMA(1,1)   OMEGA(1,1)   OMEGA(2,1)   OMEGA(2,2)   OMEGA(3,1)   OMEGA(3,2)   OMEGA(3,3)   OMEGA(4,1)   OMEGA(4,2)   OMEGA(4,3)   OMEGA(4,4)
 THETA1        5.72066E+02 -4.59070E+01 -6.78787E+01  1.17577E+01 -3.04856E+02 -1.16216E+01 -4.42053E+01 -1.34477E+01 -3.65664E+01  2.68629E+01 -5.23357E+00 -1.67971E+01  6.09324E+00 -2.48224E+01 -1.66795E+01
 THETA2       -4.59070E+01  4.72564E+02  6.45730E+00 -4.84686E+01 -2.42678E+02 -4.02607E+01 -7.52913E+01 -3.23833E+01 -6.88390E+01 -4.10546E+01  2.56574E+01 -4.42025E+01  8.79249E+01  5.39983E+00 -6.06525E+01
 THETA3       -6.78787E+01  6.45730E+00  3.39780E+02 -2.14978E+02 -4.98437E+01 -3.27342E+01 -4.15836E+01  6.87940E+01  1.19120E+02 -1.54145E+02 -4.91988E+01 -8.83509E+01 -2.83541E+01  8.20078E+00  3.37236E+01
 THETA4        1.17577E+01 -4.84686E+01 -2.14978E+02  5.53258E+02 -1.84111E+02 -1.62956E+01 -5.16415E+01  1.36242E+01 -6.76949E+01  6.72313E+01 -3.31863E+01 -2.72184E+01 -8.30629E+01  4.92488E+01 -4.53201E+01
 SIGMA(1,1)   -3.04856E+02 -2.42678E+02 -4.98437E+01 -1.84111E+02  2.62270E+04  3.36320E+02  9.17919E+02  1.16254E+03 -1.46727E+01 -3.30941E+02  9.57885E+02  6.21012E+02 -6.39399E+01  5.30011E+02  8.75933E+02
 OMEGA(1,1)   -1.16216E+01 -4.02607E+01 -3.27342E+01 -1.62956E+01  3.36320E+02  1.59979E+03 -2.88602E+02  4.94217E+01 -4.17045E+02 -3.20272E+01  2.16612E+01  1.04518E+01  4.43284E-01  4.42534E+00 -1.40168E+01
 OMEGA(2,1)   -4.42053E+01 -7.52913E+01 -4.15836E+01 -5.16415E+01  9.17919E+02 -2.88602E+02  2.74694E+03 -2.05430E+02 -9.56022E+01 -3.80641E+02  2.06797E+00 -3.67701E+02  1.93397E+02 -7.49558E+00 -3.14619E+01
 OMEGA(2,2)   -1.34477E+01 -3.23833E+01  6.87940E+01  1.36242E+01  1.16254E+03  4.94217E+01 -2.05430E+02  1.18459E+03 -1.87921E+01  1.02162E+02  8.21388E-01  6.70328E+01 -3.45638E+02  3.11453E+00  4.15865E+00
 OMEGA(3,1)   -3.65664E+01 -6.88390E+01  1.19120E+02 -6.76949E+01 -1.46727E+01 -4.17045E+02 -9.56022E+01 -1.87921E+01  2.03884E+03  7.84392E+01 -2.56840E+02 -1.18088E+03  5.52649E+01  1.10088E+02 -3.14827E+01
 OMEGA(3,2)    2.68629E+01 -4.10546E+01 -1.54145E+02  6.72313E+01 -3.30941E+02 -3.20272E+01 -3.80641E+02  1.02162E+02  7.84392E+01  1.13827E+03 -2.29957E+01  7.03647E+01 -6.88559E+02  5.45573E+01  6.28557E+01
 OMEGA(3,3)   -5.23357E+00  2.56574E+01 -4.91988E+01 -3.31863E+01  9.57885E+02  2.16612E+01  2.06797E+00  8.21388E-01 -2.56840E+02 -2.29957E+01  6.09184E+02  1.36279E+02  5.57277E+01 -8.41347E+02  2.25244E+02
 OMEGA(4,1)   -1.67971E+01 -4.42025E+01 -8.83509E+01 -2.72184E+01  6.21012E+02  1.04518E+01 -3.67701E+02  6.70328E+01 -1.18088E+03  7.03647E+01  1.36279E+02  3.02791E+03 -2.94772E+02 -3.95881E+02  4.76336E+01
 OMEGA(4,2)    6.09324E+00  8.79249E+01 -2.83541E+01 -8.30629E+01 -6.39399E+01  4.43284E-01  1.93397E+02 -3.45638E+02  5.52649E+01 -6.88559E+02  5.57277E+01 -2.94772E+02  2.54367E+03 -6.17340E+01 -3.38768E+02
 OMEGA(4,3)   -2.48224E+01  5.39983E+00  8.20078E+00  4.92488E+01  5.30011E+02  4.42534E+00 -7.49558E+00  3.11453E+00  1.10088E+02  5.45573E+01 -8.41347E+02 -3.95881E+02 -6.17340E+01  2.43553E+03 -1.10683E+03
 OMEGA(4,4)   -1.66795E+01 -6.06525E+01  3.37236E+01 -4.53201E+01  8.75933E+02 -1.40168E+01 -3.14619E+01  4.15865E+00 -3.14827E+01  6.28557E+01  2.25244E+02  4.76336E+01 -3.38768E+02 -1.10683E+03  1.49096E+03
TABLE NO.     2: Importance Sampling of Variance-Covariance (SIR): Problem=1 Subproblem=0 Superproblem1=0 Iteration1=0 Superproblem2=0 Iteration2=0
 NAME         THETA1       THETA2       THETA3       THETA4       SIGMA(1,1)   OMEGA(1,1)   OMEGA(2,1)   OMEGA(2,2)   OMEGA(3,1)   OMEGA(3,2)   OMEGA(3,3)   OMEGA(4,1)   OMEGA(4,2)   OMEGA(4,3)   OMEGA(4,4)
 THETA1        7.07779E+02 -1.48075E+01 -1.77320E+02  9.68110E+01 -3.80993E+01  7.87118E+01  4.61438E+01 -7.68991E+01 -1.11910E+02  1.97142E+00 -2.95888E+01 -1.15785E+02 -5.64522E+01  1.73471E+02 -5.96748E+01
 THETA2       -1.48075E+01  6.12642E+02  2.12982E+01 -1.24214E+02 -3.15270E+02 -8.50684E+01 -1.38742E+02 -2.69336E+01  4.82648E+01  3.75950E+01  1.44666E+01 -1.64482E+02 -9.85656E+00 -6.25472E+01 -5.30312E+01
 THETA3       -1.77320E+02  2.12982E+01  3.95773E+02 -2.44089E+02  4.63262E+02 -1.81193E+00  6.60050E+01  3.41237E+01  1.92719E+02 -1.89589E+02  8.73804E+01 -9.88238E+01 -7.06179E+00 -1.20685E+02  9.13827E+01
 THETA4        9.68110E+01 -1.24214E+02 -2.44089E+02  6.18606E+02 -4.31448E+02 -6.77548E+01 -1.05244E+02  6.78607E+01  2.59159E+01  7.90018E+01 -2.59739E+01 -4.18387E+01 -1.28590E+02 -2.73631E+01  5.29145E+01
 SIGMA(1,1)   -3.80993E+01 -3.15270E+02  4.63262E+02 -4.31448E+02  3.21603E+04  4.25896E+02  8.16686E+02  1.95012E+03  3.58339E+02 -2.64439E+02  1.05624E+03  9.67984E+02 -3.02231E+02 -6.61603E+01  1.20213E+03
 OMEGA(1,1)    7.87118E+01 -8.50684E+01 -1.81193E+00 -6.77548E+01  4.25896E+02  1.51792E+03 -3.76103E+02 -1.49396E+02 -2.27741E+02 -4.58017E+01 -2.34753E+01 -2.09965E+01  1.70811E+02  6.48807E+01  1.61091E+01
 OMEGA(2,1)    4.61438E+01 -1.38742E+02  6.60050E+01 -1.05244E+02  8.16686E+02 -3.76103E+02  2.90512E+03  2.25854E+01 -2.58498E+02 -2.69571E+02  2.13447E+01 -7.07530E+02  9.06704E+01  3.14987E+02 -7.72672E+01
 OMEGA(2,2)   -7.68991E+01 -2.69336E+01  3.41237E+01  6.78607E+01  1.95012E+03 -1.49396E+02  2.25854E+01  1.04461E+03 -3.49733E+00  1.32089E+02  4.49493E+01  1.91201E+02 -3.17972E+02  7.20963E+01 -5.09145E+01
 OMEGA(3,1)   -1.11910E+02  4.82648E+01  1.92719E+02  2.59159E+01  3.58339E+02 -2.27741E+02 -2.58498E+02 -3.49733E+00  1.13928E+03  6.53426E+01 -3.60591E+02 -6.46175E+02 -1.23809E+02  3.72996E+02 -1.39595E+02
 OMEGA(3,2)    1.97142E+00  3.75950E+01 -1.89589E+02  7.90018E+01 -2.64439E+02 -4.58017E+01 -2.69571E+02  1.32089E+02  6.53426E+01  1.14455E+03 -1.08895E+02  2.93340E+02 -6.19899E+02  8.94121E+01 -2.28318E+00
 OMEGA(3,3)   -2.95888E+01  1.44666E+01  8.73804E+01 -2.59739E+01  1.05624E+03 -2.34753E+01  2.13447E+01  4.49493E+01 -3.60591E+02 -1.08895E+02  4.99584E+02  1.63380E+02 -8.10070E+01 -7.08650E+02  2.70928E+02
 OMEGA(4,1)   -1.15785E+02 -1.64482E+02 -9.88238E+01 -4.18387E+01  9.67984E+02 -2.09965E+01 -7.07530E+02  1.91201E+02 -6.46175E+02  2.93340E+02  1.63380E+02  3.17000E+03 -2.42651E+02 -4.09390E+02  7.83156E+00
 OMEGA(4,2)   -5.64522E+01 -9.85656E+00 -7.06179E+00 -1.28590E+02 -3.02231E+02  1.70811E+02  9.06704E+01 -3.17972E+02 -1.23809E+02 -6.19899E+02 -8.10070E+01 -2.42651E+02  2.21994E+03  2.04895E+02 -3.68021E+02
 OMEGA(4,3)    1.73471E+02 -6.25472E+01 -1.20685E+02 -2.73631E+01 -6.61603E+01  6.48807E+01  3.14987E+02  7.20963E+01  3.72996E+02  8.94121E+01 -7.08650E+02 -4.09390E+02  2.04895E+02  2.17454E+03 -1.22212E+03
 OMEGA(4,4)   -5.96748E+01 -5.30312E+01  9.13827E+01  5.29145E+01  1.20213E+03  1.61091E+01 -7.72672E+01 -5.09145E+01 -1.39595E+02 -2.28318E+00  2.70928E+02  7.83156E+00 -3.68021E+02 -1.22212E+03  1.64778E+03
