TABLE NO.     1: First Order Conditional Estimation with Interaction: Problem=1 Subproblem=0 Superproblem1=0 Iteration1=0 Superproblem2=0 Iteration2=0
 NAME         THETA1       THETA2       THETA3       THETA4       SIGMA(1,1)   OMEGA(1,1)   OMEGA(2,1)   OMEGA(2,2)   OMEGA(3,1)   OMEGA(3,2)   OMEGA(3,3)   OMEGA(4,1)   OMEGA(4,2)   OMEGA(4,3)   OMEGA(4,4)
 THETA1        4.31309E-02  1.17168E-01  1.89312E-01  1.08715E-01  1.59330E-02  6.28312E-02  8.52852E-02 -2.74185E-03  8.46101E-02  3.65405E-02  7.58682E-02  9.06389E-02  3.05794E-02  7.86101E-02  6.15989E-02
 THETA2        1.17168E-01  4.77104E-02  6.89782E-02  1.31578E-01  2.61880E-02  1.06414E-01  1.27032E-01  2.45118E-02  1.28137E-01  5.65989E-02  4.12801E-03  1.15298E-01 -1.26205E-02  2.98710E-02  7.21126E-02
 THETA3        1.89312E-01  6.89782E-02  7.04068E-02  5.39125E-01 -1.22130E-02  1.04846E-01  1.72391E-01 -1.12207E-01  1.74054E-02  3.32699E-01  1.63932E-01  1.39701E-01  1.89115E-01  1.06477E-01  4.48678E-02
 THETA4        1.08715E-01  1.31578E-01  5.39125E-01  5.17436E-02 -3.96382E-02  1.17644E-01  1.54204E-01 -4.44421E-02  1.35742E-01  1.34694E-01  1.71344E-01  1.73190E-01  1.50808E-01  1.29740E-01  1.08135E-01
 SIGMA(1,1)    1.59330E-02  2.61880E-02 -1.22130E-02 -3.96382E-02  8.28057E-03 -1.60986E-01 -2.34838E-01 -2.96281E-01 -3.29937E-01  6.26976E-02 -5.80340E-01 -3.16084E-01 -1.28653E-01 -5.82168E-01 -4.73410E-01
 OMEGA(1,1)    6.28312E-02  1.06414E-01  1.04846E-01  1.17644E-01 -1.60986E-01  2.71099E-02  2.39594E-01  2.38263E-02  3.34385E-01  6.17415E-02  1.70323E-01  2.30400E-01  5.83107E-02  1.62916E-01  1.31539E-01
 OMEGA(2,1)    8.52852E-02  1.27032E-01  1.72391E-01  1.54204E-01 -2.34838E-01  2.39594E-01  2.14019E-02  1.43763E-01  2.43712E-01  2.21080E-01  2.12489E-01  2.85147E-01  1.13214E-01  2.12988E-01  1.73602E-01
 OMEGA(2,2)   -2.74185E-03  2.45118E-02 -1.12207E-01 -4.44421E-02 -2.96281E-01  2.38263E-02  1.43763E-01  3.15134E-02  1.11220E-01 -4.62969E-02  1.59311E-01  9.02600E-02  1.86572E-01  1.81955E-01  1.76106E-01
 OMEGA(3,1)    8.46101E-02  1.28137E-01  1.74054E-02  1.35742E-01 -3.29937E-01  3.34385E-01  2.43712E-01  1.11220E-01  3.04936E-02 -5.67573E-02  4.57588E-01  5.90481E-01  7.28422E-02  4.15447E-01  2.95984E-01
 OMEGA(3,2)    3.65405E-02  5.65989E-02  3.32699E-01  1.34694E-01  6.26976E-02  6.17415E-02  2.21080E-01 -4.62969E-02 -5.67573E-02  3.54126E-02 -4.53452E-03  2.51286E-02  4.02928E-01 -2.23128E-02 -1.22593E-02
 OMEGA(3,3)    7.58682E-02  4.12801E-03  1.63932E-01  1.71344E-01 -5.80340E-01  1.70323E-01  2.12489E-01  1.59311E-01  4.57588E-01 -4.53452E-03  7.83270E-02  3.64669E-01  1.34379E-01  8.19846E-01  5.03823E-01
 OMEGA(4,1)    9.06389E-02  1.15298E-01  1.39701E-01  1.73190E-01 -3.16084E-01  2.30400E-01  2.85147E-01  9.02600E-02  5.90481E-01  2.51286E-02  3.64669E-01  2.38977E-02  1.77302E-01  4.11793E-01  3.11105E-01
 OMEGA(4,2)    3.05794E-02 -1.26205E-02  1.89115E-01  1.50808E-01 -1.28653E-01  5.83107E-02  1.13214E-01  1.86572E-01  7.28422E-02  4.02928E-01  1.34379E-01  1.77302E-01  2.34717E-02  2.02486E-01  2.66569E-01
 OMEGA(4,3)    7.86101E-02  2.98710E-02  1.06477E-01  1.29740E-01 -5.82168E-01  1.62916E-01  2.12988E-01  1.81955E-01  4.15447E-01 -2.23128E-02  8.19846E-01  4.11793E-01  2.02486E-01  4.62206E-02  7.23125E-01
 OMEGA(4,4)    6.15989E-02  7.21126E-02  4.48678E-02  1.08135E-01 -4.73410E-01  1.31539E-01  1.73602E-01  1.76106E-01  2.95984E-01 -1.22593E-02  5.03823E-01  3.11105E-01  2.66569E-01  7.23125E-01  3.97741E-02
TABLE NO.     2: Importance Sampling of Variance-Covariance (SIR): Problem=1 Subproblem=0 Superproblem1=0 Iteration1=0 Superproblem2=0 Iteration2=0
 NAME         THETA1       THETA2       THETA3       THETA4       SIGMA(1,1)   OMEGA(1,1)   OMEGA(2,1)   OMEGA(2,2)   OMEGA(3,1)   OMEGA(3,2)   OMEGA(3,3)   OMEGA(4,1)   OMEGA(4,2)   OMEGA(4,3)   OMEGA(4,4)
 THETA1        4.14099E-02 -9.96467E-04  2.68503E-01  2.63901E-02 -5.61685E-03 -6.10698E-02 -4.94032E-04  7.95613E-02  2.14703E-03  1.10709E-01 -8.21087E-02  6.77132E-02  1.15814E-01 -1.31194E-01 -5.49744E-02
 THETA2       -9.96467E-04  4.32545E-02  5.66121E-02  2.28542E-01  4.86652E-03  1.23086E-01  1.53711E-01  1.63818E-03  1.22530E-02 -3.68255E-02  1.82213E-02  1.80355E-01  3.84948E-02  9.89015E-02  1.06037E-01
 THETA3        2.68503E-01  5.66121E-02  8.16161E-02  5.75501E-01  2.91815E-01 -1.98726E-01 -1.62641E-01 -1.98189E-01 -5.69077E-01  3.22431E-01 -4.60165E-01 -1.79973E-01  3.30960E-02 -2.54185E-01 -2.68116E-01
 THETA4        2.63901E-02  2.28542E-01  5.75501E-01  5.26780E-02  2.36034E-01 -3.82051E-02 -4.41881E-03 -2.05159E-01 -3.21638E-01  1.45305E-01 -2.37968E-01 -3.59666E-02  5.71073E-02 -1.09297E-01 -1.64076E-01
 SIGMA(1,1)   -5.61685E-03  4.86652E-03  2.91815E-01  2.36034E-01  8.01130E-03 -2.68662E-01 -2.22766E-01 -4.04610E-01 -5.21708E-01  7.11981E-02 -6.03043E-01 -3.51904E-01 -1.72969E-01 -4.99013E-01 -4.73916E-01
 OMEGA(1,1)   -6.10698E-02  1.23086E-01 -1.98726E-01 -3.82051E-02 -2.68662E-01  2.91532E-02  3.31226E-01  1.87485E-01  3.77203E-01 -3.99143E-02  2.60170E-01  2.39895E-01  1.92857E-02  1.26079E-01  1.20087E-01
 OMEGA(2,1)   -4.94032E-04  1.53711E-01 -1.62641E-01 -4.41881E-03 -2.22766E-01  3.31226E-01  2.18498E-02  8.63712E-02  3.65108E-01  5.04678E-02  1.77243E-01  3.74678E-01  8.75751E-02  3.49202E-02  9.26784E-02
 OMEGA(2,2)    7.95613E-02  1.63818E-03 -1.98189E-01 -2.05159E-01 -4.04610E-01  1.87485E-01  8.63712E-02  3.58955E-02  2.30380E-01 -9.23543E-02  1.76286E-01  7.55853E-02  2.01306E-01  1.05330E-01  1.95038E-01
 OMEGA(3,1)    2.14703E-03  1.22530E-02 -5.69077E-01 -3.21638E-01 -5.21708E-01  3.77203E-01  3.65108E-01  2.30380E-01  5.47561E-02 -1.29023E-01  6.95545E-01  5.12963E-01  1.84726E-01  4.04273E-01  3.73357E-01
 OMEGA(3,2)    1.10709E-01 -3.68255E-02  3.22431E-01  1.45305E-01  7.11981E-02 -3.99143E-02  5.04678E-02 -9.23543E-02 -1.29023E-01  3.54322E-02 -1.86041E-02 -1.26958E-01  3.68810E-01 -4.49945E-02 -4.41528E-02
 OMEGA(3,3)   -8.21087E-02  1.82213E-02 -4.60165E-01 -2.37968E-01 -6.03043E-01  2.60170E-01  1.77243E-01  1.76286E-01  6.95545E-01 -1.86041E-02  1.00545E-01  3.57580E-01  2.05850E-01  7.55915E-01  5.11166E-01
 OMEGA(4,1)    6.77132E-02  1.80355E-01 -1.79973E-01 -3.59666E-02 -3.51904E-01  2.39895E-01  3.74678E-01  7.55853E-02  5.12963E-01 -1.26958E-01  3.57580E-01  2.29278E-02  1.52232E-01  3.30826E-01  3.10880E-01
 OMEGA(4,2)    1.15814E-01  3.84948E-02  3.30960E-02  5.71073E-02 -1.72969E-01  1.92857E-02  8.75751E-02  2.01306E-01  1.84726E-01  3.68810E-01  2.05850E-01  1.52232E-01  2.52153E-02  1.62883E-01  2.51129E-01
 OMEGA(4,3)   -1.31194E-01  9.89015E-02 -2.54185E-01 -1.09297E-01 -4.99013E-01  1.26079E-01  3.49202E-02  1.05330E-01  4.04273E-01 -4.49945E-02  7.55915E-01  3.30826E-01  1.62883E-01  4.73364E-02  7.37506E-01
 OMEGA(4,4)   -5.49744E-02  1.06037E-01 -2.68116E-01 -1.64076E-01 -4.73916E-01  1.20087E-01  9.26784E-02  1.95038E-01  3.73357E-01 -4.41528E-02  5.11166E-01  3.10880E-01  2.51129E-01  7.37506E-01  4.02378E-02
