TABLE NO.     1: First Order Conditional Estimation with Interaction: Problem=1 Subproblem=0 Superproblem1=0 Iteration1=0 Superproblem2=0 Iteration2=0
 NAME         THETA1       THETA2       THETA3       THETA4       SIGMA(1,1)   OMEGA(1,1)   OMEGA(2,1)   OMEGA(2,2)   OMEGA(3,1)   OMEGA(3,2)   OMEGA(3,3)   OMEGA(4,1)   OMEGA(4,2)   OMEGA(4,3)   OMEGA(4,4)
 THETA1        1.86028E-03  2.41108E-04  5.74885E-04  2.42625E-04  5.69045E-06  7.34669E-05  7.87254E-05 -3.72673E-06  1.11281E-04  5.58112E-05  2.56307E-04  9.34242E-05  3.09571E-05  1.56712E-04  1.05673E-04
 THETA2        2.41108E-04  2.27628E-03  2.31707E-04  3.24828E-04  1.03461E-05  1.37639E-04  1.29712E-04  3.68540E-05  1.86423E-04  9.56267E-05  1.54264E-05  1.31459E-04 -1.41330E-05  6.58716E-05  1.36844E-04
 THETA3        5.74885E-04  2.31707E-04  4.95712E-03  1.96409E-03 -7.12029E-06  2.00121E-04  2.59765E-04 -2.48961E-04  3.73686E-05  8.29516E-04  9.04047E-04  2.35055E-04  3.12525E-04  3.46501E-04  1.25647E-04
 THETA4        2.42625E-04  3.24828E-04  1.96409E-03  2.67740E-03 -1.69837E-05  1.65027E-04  1.70768E-04 -7.24681E-05  2.14180E-04  2.46809E-04  6.94446E-04  2.14158E-04  1.83158E-04  3.10289E-04  2.22549E-04
 SIGMA(1,1)    5.69045E-06  1.03461E-05 -7.12029E-06 -1.69837E-05  6.85679E-05 -3.61389E-05 -4.16180E-05 -7.73142E-05 -8.33105E-05  1.83852E-05 -3.76404E-04 -6.25488E-05 -2.50049E-05 -2.22815E-04 -1.55919E-04
 OMEGA(1,1)    7.34669E-05  1.37639E-04  2.00121E-04  1.65027E-04 -3.61389E-05  7.34946E-04  1.39013E-04  2.03555E-05  2.76429E-04  5.92738E-05  3.61671E-04  1.49268E-04  3.71039E-05  2.04140E-04  1.41835E-04
 OMEGA(2,1)    7.87254E-05  1.29712E-04  2.59765E-04  1.70768E-04 -4.16180E-05  1.39013E-04  4.58041E-04  9.69606E-05  1.59052E-04  1.67556E-04  3.56206E-04  1.45840E-04  5.68715E-05  2.10689E-04  1.47777E-04
 OMEGA(2,2)   -3.72673E-06  3.68540E-05 -2.48961E-04 -7.24681E-05 -7.73142E-05  2.03555E-05  9.69606E-05  9.93097E-04  1.06878E-04 -5.16661E-05  3.93236E-04  6.79747E-05  1.38002E-04  2.65030E-04  2.20735E-04
 OMEGA(3,1)    1.11281E-04  1.86423E-04  3.73686E-05  2.14180E-04 -8.33105E-05  2.76429E-04  1.59052E-04  1.06878E-04  9.29861E-04 -6.12898E-05  1.09294E-03  4.30300E-04  5.21358E-05  5.85545E-04  3.58986E-04
 OMEGA(3,2)    5.58112E-05  9.56267E-05  8.29516E-04  2.46809E-04  1.83852E-05  5.92738E-05  1.67556E-04 -5.16661E-05 -6.12898E-05  1.25405E-03 -1.25777E-05  2.12658E-05  3.34911E-04 -3.65214E-05 -1.72673E-05
 OMEGA(3,3)    2.56307E-04  1.54264E-05  9.04047E-04  6.94446E-04 -3.76404E-04  3.61671E-04  3.56206E-04  3.93236E-04  1.09294E-03 -1.25777E-05  6.13512E-03  6.82600E-04  2.47052E-04  2.96811E-03  1.56961E-03
 OMEGA(4,1)    9.34242E-05  1.31459E-04  2.35055E-04  2.14158E-04 -6.25488E-05  1.49268E-04  1.45840E-04  6.79747E-05  4.30300E-04  2.12658E-05  6.82600E-04  5.71100E-04  9.94519E-05  4.54852E-04  2.95708E-04
 OMEGA(4,2)    3.09571E-05 -1.41330E-05  3.12525E-04  1.83158E-04 -2.50049E-05  3.71039E-05  5.68715E-05  1.38002E-04  5.21358E-05  3.34911E-04  2.47052E-04  9.94519E-05  5.50919E-04  2.19672E-04  2.48859E-04
 OMEGA(4,3)    1.56712E-04  6.58716E-05  3.46501E-04  3.10289E-04 -2.22815E-04  2.04140E-04  2.10689E-04  2.65030E-04  5.85545E-04 -3.65214E-05  2.96811E-03  4.54852E-04  2.19672E-04  2.13634E-03  1.32938E-03
 OMEGA(4,4)    1.05673E-04  1.36844E-04  1.25647E-04  2.22549E-04 -1.55919E-04  1.41835E-04  1.47777E-04  2.20735E-04  3.58986E-04 -1.72673E-05  1.56961E-03  2.95708E-04  2.48859E-04  1.32938E-03  1.58198E-03
TABLE NO.     2: Importance Sampling of Variance-Covariance (SIR): Problem=1 Subproblem=0 Superproblem1=0 Iteration1=0 Superproblem2=0 Iteration2=0
 NAME         THETA1       THETA2       THETA3       THETA4       SIGMA(1,1)   OMEGA(1,1)   OMEGA(2,1)   OMEGA(2,2)   OMEGA(3,1)   OMEGA(3,2)   OMEGA(3,3)   OMEGA(4,1)   OMEGA(4,2)   OMEGA(4,3)   OMEGA(4,4)
 THETA1        1.71478E-03 -1.78483E-06  9.07464E-04  5.75670E-05 -1.86337E-06 -7.37253E-05 -4.46999E-07  1.18262E-04  4.86827E-06  1.62436E-04 -3.41865E-04  6.42895E-05  1.20929E-04 -2.57165E-04 -9.16005E-05
 THETA2       -1.78483E-06  1.87095E-03  1.99855E-04  5.20745E-04  1.68637E-06  1.55212E-04  1.45272E-04  2.54350E-06  2.90205E-05 -5.64388E-05  7.92448E-05  1.78864E-04  4.19853E-05  2.02502E-04  1.84554E-04
 THETA3        9.07464E-04  1.99855E-04  6.66119E-03  2.47429E-03  1.90804E-04 -4.72843E-04 -2.90036E-04 -5.80623E-04 -2.54320E-03  9.32418E-04 -3.77616E-03 -3.36780E-04  6.81107E-05 -9.82022E-04 -8.80507E-04
 THETA4        5.75670E-05  5.20745E-04  2.47429E-03  2.77497E-03  9.96109E-05 -5.86727E-05 -5.08607E-06 -3.87935E-04 -9.27746E-04  2.71210E-04 -1.26040E-03 -4.34401E-05  7.58549E-05 -2.72541E-04 -3.47782E-04
 SIGMA(1,1)   -1.86337E-06  1.68637E-06  1.90804E-04  9.96109E-05  6.41809E-05 -6.27473E-05 -3.89941E-05 -1.16353E-04 -2.28856E-04  2.02101E-05 -4.85750E-04 -6.46384E-05 -3.49409E-05 -1.89239E-04 -1.52770E-04
 OMEGA(1,1)   -7.37253E-05  1.55212E-04 -4.72843E-04 -5.86727E-05 -6.27473E-05  8.49909E-04  2.10988E-04  1.96197E-04  6.02135E-04 -4.12299E-05  7.62615E-04  1.60351E-04  1.41770E-05  1.73990E-04  1.40870E-04
 OMEGA(2,1)   -4.46999E-07  1.45272E-04 -2.90036E-04 -5.08607E-06 -3.89941E-05  2.10988E-04  4.77414E-04  6.77417E-05  4.36819E-04  3.90715E-05  3.89385E-04  1.87702E-04  4.82494E-05  3.61176E-05  8.14816E-05
 OMEGA(2,2)    1.18262E-04  2.54350E-06 -5.80623E-04 -3.87935E-04 -1.16353E-04  1.96197E-04  6.77417E-05  1.28849E-03  4.52811E-04 -1.17461E-04  6.36238E-04  6.22072E-05  1.82205E-04  1.78972E-04  2.81705E-04
 OMEGA(3,1)    4.86827E-06  2.90205E-05 -2.54320E-03 -9.27746E-04 -2.28856E-04  6.02135E-04  4.36819E-04  4.52811E-04  2.99823E-03 -2.50321E-04  3.82930E-03  6.43994E-04  2.55049E-04  1.04786E-03  8.22605E-04
 OMEGA(3,2)    1.62436E-04 -5.64388E-05  9.32418E-04  2.71210E-04  2.02101E-05 -4.12299E-05  3.90715E-05 -1.17461E-04 -2.50321E-04  1.25544E-03 -6.62776E-05 -1.03139E-04  3.29506E-04 -7.54661E-05 -6.29491E-05
 OMEGA(3,3)   -3.41865E-04  7.92448E-05 -3.77616E-03 -1.26040E-03 -4.85750E-04  7.62615E-04  3.89385E-04  6.36238E-04  3.82930E-03 -6.62776E-05  1.01093E-02  8.24323E-04  5.21886E-04  3.59773E-03  2.06803E-03
 OMEGA(4,1)    6.42895E-05  1.78864E-04 -3.36780E-04 -4.34401E-05 -6.46384E-05  1.60351E-04  1.87702E-04  6.22072E-05  6.43994E-04 -1.03139E-04  8.24323E-04  5.25686E-04  8.80102E-05  3.59052E-04  2.86807E-04
 OMEGA(4,2)    1.20929E-04  4.19853E-05  6.81107E-05  7.58549E-05 -3.49409E-05  1.41770E-05  4.82494E-05  1.82205E-04  2.55049E-04  3.29506E-04  5.21886E-04  8.80102E-05  6.35809E-04  1.94417E-04  2.54797E-04
 OMEGA(4,3)   -2.57165E-04  2.02502E-04 -9.82022E-04 -2.72541E-04 -1.89239E-04  1.73990E-04  3.61176E-05  1.78972E-04  1.04786E-03 -7.54661E-05  3.59773E-03  3.59052E-04  1.94417E-04  2.24073E-03  1.40473E-03
 OMEGA(4,4)   -9.16005E-05  1.84554E-04 -8.80507E-04 -3.47782E-04 -1.52770E-04  1.40870E-04  8.14816E-05  2.81705E-04  8.22605E-04 -6.29491E-05  2.06803E-03  2.86807E-04  2.54797E-04  1.40473E-03  1.61908E-03
