TABLE NO.     2: NUTS Bayesian Analysis: Problem=1 Subproblem=0 Superproblem1=0 Iteration1=0 Superproblem2=0 Iteration2=0
 NAME         THETA1       THETA2       THETA3       THETA4       THETA5       SIGMA(1,1)   OMEGA(1,1)   OMEGA(2,1)   OMEGA(2,2)   OMEGA(3,1)   OMEGA(3,2)   OMEGA(3,3)
 THETA1        7.66974E+04 -6.36982E+03 -9.52959E+02 -8.22939E+02 -4.88766E+02  2.07079E+01  5.16628E+04 -6.67670E+03  1.66424E+03 -4.64135E+03  3.16864E+03 -3.64817E+03
 THETA2       -6.36982E+03  3.89898E+03 -3.65374E+02  3.42986E+02  2.82462E+02  2.32022E-02  1.37643E+03 -2.84981E+03 -1.78107E+02  2.87847E+03 -5.26196E+02 -3.43299E+01
 THETA3       -9.52959E+02 -3.65374E+02  9.22666E+02  6.44226E+01  4.80542E+01  1.63379E+00 -2.61418E+03  2.37064E+03  7.86953E+02 -1.65326E+03  6.41244E+02 -5.52876E+02
 THETA4       -8.22939E+02  3.42986E+02  6.44226E+01  1.23242E+02  1.64342E+00  8.88320E-01 -3.03637E+02 -3.93163E+02  1.51201E+02  3.68745E+02 -3.74865E+01 -1.42369E+02
 THETA5       -4.88766E+02  2.82462E+02  4.80542E+01  1.64342E+00  7.82594E+01  1.15544E+00 -6.19823E+01  1.08468E+02  6.61281E+01  2.68889E+01  4.95128E+01 -7.05909E+01
 SIGMA(1,1)    2.07079E+01  2.32022E-02  1.63379E+00  8.88320E-01  1.15544E+00  1.32181E+01  7.92538E+02 -1.16684E+02  8.28957E+00  2.61872E+01  1.28887E+01  4.19426E+01
 OMEGA(1,1)    5.16628E+04  1.37643E+03 -2.61418E+03 -3.03637E+02 -6.19823E+01  7.92538E+02  3.39580E+06 -5.93940E+05  3.11845E+04  3.63090E+05 -2.67886E+04  1.62642E+04
 OMEGA(2,1)   -6.67670E+03 -2.84981E+03  2.37064E+03 -3.93163E+02  1.08468E+02 -1.16684E+02 -5.93940E+05  4.19076E+05 -4.04648E+04 -2.61337E+05  3.92309E+04 -8.80957E+03
 OMEGA(2,2)    1.66424E+03 -1.78107E+02  7.86953E+02  1.51201E+02  6.61281E+01  8.28957E+00  3.11845E+04 -4.04648E+04  1.22430E+04  2.25818E+04 -8.14243E+03  1.05341E+03
 OMEGA(3,1)   -4.64135E+03  2.87847E+03 -1.65326E+03  3.68745E+02  2.68889E+01  2.61872E+01  3.63090E+05 -2.61337E+05  2.25818E+04  5.35890E+05 -7.08686E+04  1.77683E+04
 OMEGA(3,2)    3.16864E+03 -5.26196E+02  6.41244E+02 -3.74865E+01  4.95128E+01  1.28887E+01 -2.67886E+04  3.92309E+04 -8.14243E+03 -7.08686E+04  4.06397E+04 -1.81876E+04
 OMEGA(3,3)   -3.64817E+03 -3.43299E+01 -5.52876E+02 -1.42369E+02 -7.05909E+01  4.19426E+01  1.62642E+04 -8.80957E+03  1.05341E+03  1.77683E+04 -1.81876E+04  2.74741E+04
