TABLE NO.     2: NUTS Bayesian Analysis: Problem=1 Subproblem=0 Superproblem1=0 Iteration1=0 Superproblem2=0 Iteration2=0
 NAME         THETA1       THETA2       THETA3       THETA4       THETA5       SIGMA(1,1)   OMEGA(1,1)   OMEGA(2,1)   OMEGA(2,2)   OMEGA(3,1)   OMEGA(3,2)   OMEGA(3,3)
 THETA1        4.11014E-03  2.50031E-01  2.11446E-01  1.27402E-02 -3.12272E-02  1.76358E-02 -5.44940E-02 -2.54965E-03 -9.17122E-02  9.49027E-03  2.65605E-02  1.41524E-01
 THETA2        2.50031E-01  2.70514E-02  5.37295E-01 -6.67441E-01 -6.71141E-01  1.53924E-02  2.83132E-02  4.62767E-02 -9.41401E-03  7.49455E-03 -8.18264E-03 -2.76139E-02
 THETA3        2.11446E-01  5.37295E-01  4.09423E-02 -4.60833E-01 -4.61142E-01  4.31004E-02 -1.08223E-01 -2.28496E-01 -2.68515E-01 -4.17703E-02 -9.23538E-02  2.80319E-02
 THETA4        1.27402E-02 -6.67441E-01 -4.60833E-01  1.31964E-01  4.98753E-01 -1.43871E-02 -9.03228E-04 -5.81172E-02 -5.48657E-02 -4.64351E-02  3.44480E-03  8.15197E-02
 THETA5       -3.12272E-02 -6.71141E-01 -4.61142E-01  4.98753E-01  1.62613E-01  6.64818E-03 -4.42397E-03 -1.24423E-02 -2.03110E-02 -8.98895E-03  7.61113E-03  5.70032E-02
 SIGMA(1,1)    1.76358E-02  1.53924E-02  4.31004E-02 -1.43871E-02  6.64818E-03  2.60124E-01 -8.85094E-02 -6.49038E-03 -4.43552E-02 -2.83998E-02 -6.65720E-02 -8.31291E-02
 OMEGA(1,1)   -5.44940E-02  2.83132E-02 -1.08223E-01 -9.03228E-04 -4.42397E-03 -8.85094E-02  6.54011E-04  4.30444E-01  1.31535E-01 -7.00557E-02 -3.74904E-02 -3.14740E-02
 OMEGA(2,1)   -2.54965E-03  4.62767E-02 -2.28496E-01 -5.81172E-02 -1.24423E-02 -6.49038E-03  4.30444E-01  2.44529E-03  5.51284E-01  4.23236E-01  1.79776E-01  3.75742E-02
 OMEGA(2,2)   -9.17122E-02 -9.41401E-03 -2.68515E-01 -5.48657E-02 -2.03110E-02 -4.43552E-02  1.31535E-01  5.51284E-01  1.25676E-02  2.49548E-01  3.75205E-01  6.14855E-02
 OMEGA(3,1)    9.49027E-03  7.49455E-03 -4.17703E-02 -4.64351E-02 -8.98895E-03 -2.83998E-02 -7.00557E-02  4.23236E-01  2.49548E-01  1.82115E-03  4.58787E-01  8.80081E-02
 OMEGA(3,2)    2.65605E-02 -8.18264E-03 -9.23538E-02  3.44480E-03  7.61113E-03 -6.65720E-02 -3.74904E-02  1.79776E-01  3.75205E-01  4.58787E-01  6.67553E-03  4.82821E-01
 OMEGA(3,3)    1.41524E-01 -2.76139E-02  2.80319E-02  8.15197E-02  5.70032E-02 -8.31291E-02 -3.14740E-02  3.75742E-02  6.14855E-02  8.80081E-02  4.82821E-01  7.63244E-03
