TABLE NO.     2: NUTS Bayesian Analysis: Problem=1 Subproblem=0 Superproblem1=0 Iteration1=0 Superproblem2=0 Iteration2=0
 NAME         THETA1       THETA2       THETA3       THETA4       THETA5       SIGMA(1,1)   OMEGA(1,1)   OMEGA(2,1)   OMEGA(2,2)   OMEGA(3,1)   OMEGA(3,2)   OMEGA(3,3)
 THETA1        8.01636E+04 -6.32220E+03 -6.36275E+02 -7.33111E+02 -5.42074E+02 -1.17793E+01  3.82982E+04 -1.70766E+04  1.88667E+03  6.73961E+03  1.80493E+03 -2.20715E+03
 THETA2       -6.32220E+03  3.73942E+03 -3.23896E+02  3.37885E+02  2.61344E+02  9.30848E+00 -4.43328E+03 -6.38801E+02  9.90994E+01 -2.87347E+02 -6.46227E+02  4.78713E+02
 THETA3       -6.36275E+02 -3.23896E+02  8.98528E+02  5.95735E+01  5.85831E+01 -3.87258E+00 -2.11335E+03  2.59703E+03  5.55331E+02 -2.76121E+03  6.52653E+02 -8.22512E+02
 THETA4       -7.33111E+02  3.37885E+02  5.95735E+01  1.17200E+02  1.47451E+00  6.42591E-01 -8.31199E+02  4.67093E+02  7.07255E+01 -3.25831E+02 -9.19218E+01 -5.77197E+01
 THETA5       -5.42074E+02  2.61344E+02  5.85831E+01  1.47451E+00  7.46782E+01 -3.79250E-01 -3.45589E+02  1.00428E+02  8.43874E+01 -2.58813E+02 -1.44048E+01 -7.12151E+01
 SIGMA(1,1)   -1.17793E+01  9.30848E+00 -3.87258E+00  6.42591E-01 -3.79250E-01  1.48138E+01  7.95768E+02 -1.81023E+02  1.85829E+01  7.33914E+01  1.90183E+01  3.72627E+01
 OMEGA(1,1)    3.82982E+04 -4.43328E+03 -2.11335E+03 -8.31199E+02 -3.45589E+02  7.95768E+02  3.50830E+06 -6.66314E+05  3.38546E+04  4.35283E+05 -2.05092E+04  2.20495E+04
 OMEGA(2,1)   -1.70766E+04 -6.38801E+02  2.59703E+03  4.67093E+02  1.00428E+02 -1.81023E+02 -6.66314E+05  4.47332E+05 -3.99475E+04 -2.39920E+05  2.37253E+04 -1.33880E+04
 OMEGA(2,2)    1.88667E+03  9.90994E+01  5.55331E+02  7.07255E+01  8.43874E+01  1.85829E+01  3.38546E+04 -3.99475E+04  1.11108E+04  1.12527E+04 -5.25212E+03  1.28738E+03
 OMEGA(3,1)    6.73961E+03 -2.87347E+02 -2.76121E+03 -3.25831E+02 -2.58813E+02  7.33914E+01  4.35283E+05 -2.39920E+05  1.12527E+04  5.61862E+05 -7.83746E+04  2.05089E+04
 OMEGA(3,2)    1.80493E+03 -6.46227E+02  6.52653E+02 -9.19218E+01 -1.44048E+01  1.90183E+01 -2.05092E+04  2.37253E+04 -5.25212E+03 -7.83746E+04  4.24490E+04 -1.54822E+04
 OMEGA(3,3)   -2.20715E+03  4.78713E+02 -8.22512E+02 -5.77197E+01 -7.12151E+01  3.72627E+01  2.20495E+04 -1.33880E+04  1.28738E+03  2.05089E+04 -1.54822E+04  2.73202E+04
