TABLE NO.     1: MCMC Bayesian Analysis: Problem=1 Subproblem=0 Superproblem1=0 Iteration1=0 Superproblem2=0 Iteration2=0
 NAME         THETA1       THETA2       THETA3       THETA4       THETA5       SIGMA(1,1)   OMEGA(1,1)   OMEGA(2,1)   OMEGA(2,2)   OMEGA(3,1)   OMEGA(3,2)   OMEGA(3,3)
 THETA1        4.01571E-03  2.33512E-01  1.66268E-01  1.94923E-02  2.87241E-02  5.35314E-02 -6.04990E-02 -2.37418E-02 -1.72447E-01 -3.34545E-03 -7.83292E-02  1.70886E-01
 THETA2        2.33512E-01  2.82548E-02  5.76917E-01 -6.49302E-01 -6.61983E-01 -1.42474E-02 -3.01828E-02  6.43588E-05  4.36473E-02  4.10848E-02  2.55065E-02  7.17640E-03
 THETA3        1.66268E-01  5.76917E-01  4.01525E-02 -4.98699E-01 -5.01965E-01 -3.80699E-02 -1.07606E-01 -1.86586E-01 -1.65346E-01 -2.76170E-02 -1.17143E-02  1.11589E-01
 THETA4        1.94923E-02 -6.49302E-01 -4.98699E-01  1.28049E-01  4.77499E-01  2.89215E-02  3.06864E-02 -4.24188E-02 -1.14498E-01 -8.39071E-02 -2.86669E-02  6.47454E-02
 THETA5        2.87241E-02 -6.61983E-01 -5.01965E-01  4.77499E-01  1.65621E-01  3.38042E-02  6.01895E-03 -5.57345E-03 -8.61134E-02 -2.02811E-02 -4.15550E-02  5.60169E-03
 SIGMA(1,1)    5.35314E-02 -1.42474E-02 -3.80699E-02  2.89215E-02  3.38042E-02  2.71003E-01 -4.38702E-02  5.34418E-02  1.80218E-02 -1.69976E-02 -3.08099E-02 -4.87250E-02
 OMEGA(1,1)   -6.04990E-02 -3.01828E-02 -1.07606E-01  3.06864E-02  6.01895E-03 -4.38702E-02  6.70508E-04  4.66148E-01  1.51620E-01 -9.01531E-02 -8.25598E-02 -3.77169E-02
 OMEGA(2,1)   -2.37418E-02  6.43588E-05 -1.86586E-01 -4.24188E-02 -5.57345E-03  5.34418E-02  4.66148E-01  2.51083E-03  6.01391E-01  4.06725E-01  2.48267E-01  2.90832E-02
 OMEGA(2,2)   -1.72447E-01  4.36473E-02 -1.65346E-01 -1.14498E-01 -8.61134E-02  1.80218E-02  1.51620E-01  6.01391E-01  1.29426E-02  3.18574E-01  3.04790E-01 -1.85028E-01
 OMEGA(3,1)   -3.34545E-03  4.10848E-02 -2.76170E-02 -8.39071E-02 -2.02811E-02 -1.69976E-02 -9.01531E-02  4.06725E-01  3.18574E-01  1.79967E-03  5.96179E-01  4.18013E-02
 OMEGA(3,2)   -7.83292E-02  2.55065E-02 -1.17143E-02 -2.86669E-02 -4.15550E-02 -3.08099E-02 -8.25598E-02  2.48267E-01  3.04790E-01  5.96179E-01  5.91763E-03  1.92527E-01
 OMEGA(3,3)    1.70886E-01  7.17640E-03  1.11589E-01  6.47454E-02  5.60169E-03 -4.87250E-02 -3.77169E-02  2.90832E-02 -1.85028E-01  4.18013E-02  1.92527E-01  6.61190E-03
TABLE NO.     2: NUTS Bayesian Analysis: Problem=1 Subproblem=0 Superproblem1=0 Iteration1=0 Superproblem2=0 Iteration2=0
 NAME         THETA1       THETA2       THETA3       THETA4       THETA5       SIGMA(1,1)   OMEGA(1,1)   OMEGA(2,1)   OMEGA(2,2)   OMEGA(3,1)   OMEGA(3,2)   OMEGA(3,3)
 THETA1        3.82471E-03  2.16342E-01  1.86642E-01  4.77447E-02  6.71651E-03 -2.76668E-02 -8.86199E-02 -6.66725E-02 -1.28723E-01  1.37584E-02 -7.20975E-03  1.22429E-01
 THETA2        2.16342E-01  2.73642E-02  4.87244E-01 -6.49288E-01 -6.63553E-01 -8.07272E-02 -5.78526E-03 -4.75133E-03  8.43616E-03  3.41463E-02  1.99298E-02 -3.20897E-02
 THETA3        1.86642E-01  4.87244E-01  4.49397E-02 -3.96638E-01 -4.38083E-01 -2.62659E-02 -9.86188E-02 -2.35833E-01 -3.26320E-01 -7.40695E-04 -1.45309E-01 -1.17190E-02
 THETA4        4.77447E-02 -6.49288E-01 -3.96638E-01  1.34056E-01  4.90376E-01  6.45593E-02  2.26977E-02 -2.60914E-02 -6.27709E-02 -6.02360E-02 -1.07113E-02  9.11142E-02
 THETA5        6.71651E-03 -6.63553E-01 -4.38083E-01  4.90376E-01  1.62868E-01  5.00665E-02  1.65825E-02  1.71731E-03 -6.48372E-02 -3.75787E-02 -2.62275E-02  3.89142E-02
 SIGMA(1,1)   -2.76668E-02 -8.07272E-02 -2.62659E-02  6.45593E-02  5.00665E-02  2.72876E-01 -9.74661E-02 -1.78982E-02 -6.13293E-02 -1.12333E-02 -2.73462E-02 -5.78055E-02
 OMEGA(1,1)   -8.86199E-02 -5.78526E-03 -9.86188E-02  2.26977E-02  1.65825E-02 -9.74661E-02  6.61976E-04  4.53764E-01  1.67893E-01 -6.92364E-02 -3.46279E-02 -1.01724E-02
 OMEGA(2,1)   -6.66725E-02 -4.75133E-03 -2.35833E-01 -2.60914E-02  1.71731E-03 -1.78982E-02  4.53764E-01  2.52406E-03  6.52314E-01  4.36408E-01  2.32396E-01  6.05478E-02
 OMEGA(2,2)   -1.28723E-01  8.43616E-03 -3.26320E-01 -6.27709E-02 -6.48372E-02 -6.13293E-02  1.67893E-01  6.52314E-01  1.28633E-02  2.73255E-01  2.92543E-01  1.67416E-03
 OMEGA(3,1)    1.37584E-02  3.41463E-02 -7.40695E-04 -6.02360E-02 -3.75787E-02 -1.12333E-02 -6.92364E-02  4.36408E-01  2.73255E-01  1.93541E-03  5.31881E-01  7.51922E-02
 OMEGA(3,2)   -7.20975E-03  1.99298E-02 -1.45309E-01 -1.07113E-02 -2.62275E-02 -2.73462E-02 -3.46279E-02  2.32396E-01  2.92543E-01  5.31881E-01  6.29157E-03  3.47454E-01
 OMEGA(3,3)    1.22429E-01 -3.20897E-02 -1.17190E-02  9.11142E-02  3.89142E-02 -5.78055E-02 -1.01724E-02  6.05478E-02  1.67416E-03  7.51922E-02  3.47454E-01  6.63812E-03
