TABLE NO.     1: MCMC Bayesian Analysis: Problem=1 Subproblem=0 Superproblem1=0 Iteration1=0 Superproblem2=0 Iteration2=0
 NAME         THETA1       THETA2       THETA3       THETA4       THETA5       SIGMA(1,1)   OMEGA(1,1)   OMEGA(2,1)   OMEGA(2,2)   OMEGA(3,1)   OMEGA(3,2)   OMEGA(3,3)
 THETA1        4.01571E-03  2.33512E-01  1.66268E-01  1.94923E-02  2.87241E-02  5.35314E-02 -6.04990E-02 -2.37418E-02 -1.72447E-01 -3.34545E-03 -7.83292E-02  1.70886E-01
 THETA2        2.33512E-01  2.82548E-02  5.76917E-01 -6.49302E-01 -6.61983E-01 -1.42474E-02 -3.01828E-02  6.43588E-05  4.36473E-02  4.10848E-02  2.55065E-02  7.17640E-03
 THETA3        1.66268E-01  5.76917E-01  4.01525E-02 -4.98699E-01 -5.01965E-01 -3.80699E-02 -1.07606E-01 -1.86586E-01 -1.65346E-01 -2.76170E-02 -1.17143E-02  1.11589E-01
 THETA4        1.94923E-02 -6.49302E-01 -4.98699E-01  1.28049E-01  4.77499E-01  2.89215E-02  3.06864E-02 -4.24188E-02 -1.14498E-01 -8.39071E-02 -2.86669E-02  6.47454E-02
 THETA5        2.87241E-02 -6.61983E-01 -5.01965E-01  4.77499E-01  1.65621E-01  3.38042E-02  6.01895E-03 -5.57345E-03 -8.61134E-02 -2.02811E-02 -4.15550E-02  5.60169E-03
 SIGMA(1,1)    5.35314E-02 -1.42474E-02 -3.80699E-02  2.89215E-02  3.38042E-02  2.71003E-01 -4.38702E-02  5.34418E-02  1.80218E-02 -1.69976E-02 -3.08099E-02 -4.87250E-02
 OMEGA(1,1)   -6.04990E-02 -3.01828E-02 -1.07606E-01  3.06864E-02  6.01895E-03 -4.38702E-02  6.70508E-04  4.66148E-01  1.51620E-01 -9.01531E-02 -8.25598E-02 -3.77169E-02
 OMEGA(2,1)   -2.37418E-02  6.43588E-05 -1.86586E-01 -4.24188E-02 -5.57345E-03  5.34418E-02  4.66148E-01  2.51083E-03  6.01391E-01  4.06725E-01  2.48267E-01  2.90832E-02
 OMEGA(2,2)   -1.72447E-01  4.36473E-02 -1.65346E-01 -1.14498E-01 -8.61134E-02  1.80218E-02  1.51620E-01  6.01391E-01  1.29426E-02  3.18574E-01  3.04790E-01 -1.85028E-01
 OMEGA(3,1)   -3.34545E-03  4.10848E-02 -2.76170E-02 -8.39071E-02 -2.02811E-02 -1.69976E-02 -9.01531E-02  4.06725E-01  3.18574E-01  1.79967E-03  5.96179E-01  4.18013E-02
 OMEGA(3,2)   -7.83292E-02  2.55065E-02 -1.17143E-02 -2.86669E-02 -4.15550E-02 -3.08099E-02 -8.25598E-02  2.48267E-01  3.04790E-01  5.96179E-01  5.91763E-03  1.92527E-01
 OMEGA(3,3)    1.70886E-01  7.17640E-03  1.11589E-01  6.47454E-02  5.60169E-03 -4.87250E-02 -3.77169E-02  2.90832E-02 -1.85028E-01  4.18013E-02  1.92527E-01  6.61190E-03
TABLE NO.     2: NUTS Bayesian Analysis: Problem=1 Subproblem=0 Superproblem1=0 Iteration1=0 Superproblem2=0 Iteration2=0
 NAME         THETA1       THETA2       THETA3       THETA4       THETA5       SIGMA(1,1)   OMEGA(1,1)   OMEGA(2,1)   OMEGA(2,2)   OMEGA(3,1)   OMEGA(3,2)   OMEGA(3,3)
 THETA1        3.86574E-03  2.98859E-01  2.35975E-01 -2.57081E-02 -2.83761E-03  1.88678E-02 -7.94162E-02 -8.42344E-02 -1.19208E-01 -3.55865E-02 -3.71025E-03  1.01600E-01
 THETA2        2.98859E-01  2.83929E-02  5.38350E-01 -6.58342E-01 -6.56654E-01  4.14876E-02  1.60853E-03 -2.58317E-02 -4.44118E-02  4.26093E-03 -1.48998E-02 -4.30220E-02
 THETA3        2.35975E-01  5.38350E-01  4.65489E-02 -4.68273E-01 -4.64422E-01  4.60301E-02 -1.09352E-01 -3.08778E-01 -3.68852E-01 -1.17673E-01 -1.99860E-01 -3.79425E-03
 THETA4       -2.57081E-02 -6.58342E-01 -4.68273E-01  1.34014E-01  5.23423E-01 -3.02549E-02  2.16953E-02 -1.55327E-02 -4.04567E-02 -3.69434E-02  1.52393E-03  4.14535E-02
 THETA5       -2.83761E-03 -6.56654E-01 -4.64422E-01  5.23423E-01  1.62182E-01  7.34051E-03 -1.47763E-02  2.57970E-02 -2.18897E-02  1.45422E-02  1.27750E-02  6.19724E-02
 SIGMA(1,1)    1.88678E-02  4.14876E-02  4.60301E-02 -3.02549E-02  7.34051E-03  2.70054E-01 -9.61922E-02  1.19232E-02 -5.31771E-02 -3.45000E-02 -1.10558E-01 -8.01018E-02
 OMEGA(1,1)   -7.94162E-02  1.60853E-03 -1.09352E-01  2.16953E-02 -1.47763E-02 -9.61922E-02  6.58395E-04  4.74541E-01  1.76905E-01 -1.95972E-02 -9.92571E-03 -3.65181E-02
 OMEGA(2,1)   -8.42344E-02 -2.58317E-02 -3.08778E-01 -1.55327E-02  2.57970E-02  1.19232E-02  4.74541E-01  2.60634E-03  6.05160E-01  4.68595E-01  2.54530E-01  4.05835E-02
 OMEGA(2,2)   -1.19208E-01 -4.44118E-02 -3.68852E-01 -4.04567E-02 -2.18897E-02 -5.31771E-02  1.76905E-01  6.05160E-01  1.41451E-02  3.00595E-01  4.61044E-01  1.26718E-01
 OMEGA(3,1)   -3.55865E-02  4.26093E-03 -1.17673E-01 -3.69434E-02  1.45422E-02 -3.45000E-02 -1.95972E-02  4.68595E-01  3.00595E-01  1.91943E-03  5.22909E-01  9.87775E-02
 OMEGA(3,2)   -3.71025E-03 -1.48998E-02 -1.99860E-01  1.52393E-03  1.27750E-02 -1.10558E-01 -9.92571E-03  2.54530E-01  4.61044E-01  5.22909E-01  7.27555E-03  4.47797E-01
 OMEGA(3,3)    1.01600E-01 -4.30220E-02 -3.79425E-03  4.14535E-02  6.19724E-02 -8.01018E-02 -3.65181E-02  4.05835E-02  1.26718E-01  9.87775E-02  4.47797E-01  7.29274E-03
