TABLE NO.     1: MCMC Bayesian Analysis: Problem=1 Subproblem=0 Superproblem1=0 Iteration1=0 Superproblem2=0 Iteration2=0
 NAME         THETA1       THETA2       THETA3       THETA4       THETA5       SIGMA(1,1)   OMEGA(1,1)   OMEGA(2,1)   OMEGA(2,2)   OMEGA(3,1)   OMEGA(3,2)   OMEGA(3,3)
 THETA1        4.01571E-03  2.33512E-01  1.66268E-01  1.94923E-02  2.87241E-02  5.35314E-02 -6.04990E-02 -2.37418E-02 -1.72447E-01 -3.34545E-03 -7.83292E-02  1.70886E-01
 THETA2        2.33512E-01  2.82548E-02  5.76917E-01 -6.49302E-01 -6.61983E-01 -1.42474E-02 -3.01828E-02  6.43588E-05  4.36473E-02  4.10848E-02  2.55065E-02  7.17640E-03
 THETA3        1.66268E-01  5.76917E-01  4.01525E-02 -4.98699E-01 -5.01965E-01 -3.80699E-02 -1.07606E-01 -1.86586E-01 -1.65346E-01 -2.76170E-02 -1.17143E-02  1.11589E-01
 THETA4        1.94923E-02 -6.49302E-01 -4.98699E-01  1.28049E-01  4.77499E-01  2.89215E-02  3.06864E-02 -4.24188E-02 -1.14498E-01 -8.39071E-02 -2.86669E-02  6.47454E-02
 THETA5        2.87241E-02 -6.61983E-01 -5.01965E-01  4.77499E-01  1.65621E-01  3.38042E-02  6.01895E-03 -5.57345E-03 -8.61134E-02 -2.02811E-02 -4.15550E-02  5.60169E-03
 SIGMA(1,1)    5.35314E-02 -1.42474E-02 -3.80699E-02  2.89215E-02  3.38042E-02  2.71003E-01 -4.38702E-02  5.34418E-02  1.80218E-02 -1.69976E-02 -3.08099E-02 -4.87250E-02
 OMEGA(1,1)   -6.04990E-02 -3.01828E-02 -1.07606E-01  3.06864E-02  6.01895E-03 -4.38702E-02  6.70508E-04  4.66148E-01  1.51620E-01 -9.01531E-02 -8.25598E-02 -3.77169E-02
 OMEGA(2,1)   -2.37418E-02  6.43588E-05 -1.86586E-01 -4.24188E-02 -5.57345E-03  5.34418E-02  4.66148E-01  2.51083E-03  6.01391E-01  4.06725E-01  2.48267E-01  2.90832E-02
 OMEGA(2,2)   -1.72447E-01  4.36473E-02 -1.65346E-01 -1.14498E-01 -8.61134E-02  1.80218E-02  1.51620E-01  6.01391E-01  1.29426E-02  3.18574E-01  3.04790E-01 -1.85028E-01
 OMEGA(3,1)   -3.34545E-03  4.10848E-02 -2.76170E-02 -8.39071E-02 -2.02811E-02 -1.69976E-02 -9.01531E-02  4.06725E-01  3.18574E-01  1.79967E-03  5.96179E-01  4.18013E-02
 OMEGA(3,2)   -7.83292E-02  2.55065E-02 -1.17143E-02 -2.86669E-02 -4.15550E-02 -3.08099E-02 -8.25598E-02  2.48267E-01  3.04790E-01  5.96179E-01  5.91763E-03  1.92527E-01
 OMEGA(3,3)    1.70886E-01  7.17640E-03  1.11589E-01  6.47454E-02  5.60169E-03 -4.87250E-02 -3.77169E-02  2.90832E-02 -1.85028E-01  4.18013E-02  1.92527E-01  6.61190E-03
TABLE NO.     2: NUTS Bayesian Analysis: Problem=1 Subproblem=0 Superproblem1=0 Iteration1=0 Superproblem2=0 Iteration2=0
 NAME         THETA1       THETA2       THETA3       THETA4       THETA5       SIGMA(1,1)   OMEGA(1,1)   OMEGA(2,1)   OMEGA(2,2)   OMEGA(3,1)   OMEGA(3,2)   OMEGA(3,3)
 THETA1        3.95539E-03  2.72881E-01  2.10310E-01  1.46580E-02 -3.74551E-02 -4.26856E-02 -7.04019E-02 -3.56427E-02 -8.16912E-02  2.63491E-02  1.42534E-02  1.39410E-01
 THETA2        2.72881E-01  2.83432E-02  5.33267E-01 -6.54792E-01 -6.81104E-01  2.32905E-02 -2.00736E-02  4.64331E-03  4.58988E-02  2.41679E-02  2.35290E-02 -7.07855E-02
 THETA3        2.10310E-01  5.33267E-01  4.38049E-02 -4.80650E-01 -4.42196E-01  1.46375E-02 -1.17276E-01 -2.46759E-01 -2.97032E-01 -6.10808E-02 -1.58109E-01 -3.87491E-02
 THETA4        1.46580E-02 -6.54792E-01 -4.80650E-01  1.33834E-01  4.80848E-01  1.14092E-02 -4.24153E-03 -2.03697E-02 -6.20349E-02 -1.23296E-02  7.47034E-03  1.19216E-01
 THETA5       -3.74551E-02 -6.81104E-01 -4.42196E-01  4.80848E-01  1.65014E-01 -6.81094E-02  1.75171E-02 -2.10595E-02 -8.03052E-02  1.62490E-02 -3.71212E-02  8.09695E-02
 SIGMA(1,1)   -4.26856E-02  2.32905E-02  1.46375E-02  1.14092E-02 -6.81094E-02  2.68797E-01 -9.31803E-02  4.99023E-03 -3.63564E-02 -1.93256E-02 -4.27526E-02 -7.27777E-02
 OMEGA(1,1)   -7.04019E-02 -2.00736E-02 -1.17276E-01 -4.24153E-03  1.75171E-02 -9.31803E-02  6.79298E-04  5.03775E-01  1.87947E-01 -3.62458E-02 -1.62666E-02 -4.91618E-02
 OMEGA(2,1)   -3.56427E-02  4.64331E-03 -2.46759E-01 -2.03697E-02 -2.10595E-02  4.99023E-03  5.03775E-01  2.51338E-03  6.31350E-01  3.92750E-01  2.94816E-01  1.28052E-01
 OMEGA(2,2)   -8.16912E-02  4.58988E-02 -2.97032E-01 -6.20349E-02 -8.03052E-02 -3.63564E-02  1.87947E-01  6.31350E-01  1.25833E-02  2.59444E-01  3.46519E-01  2.71221E-02
 OMEGA(3,1)    2.63491E-02  2.41679E-02 -6.10808E-02 -1.23296E-02  1.62490E-02 -1.93256E-02 -3.62458E-02  3.92750E-01  2.59444E-01  1.86749E-03  5.99012E-01  2.59372E-01
 OMEGA(3,2)    1.42534E-02  2.35290E-02 -1.58109E-01  7.47034E-03 -3.71212E-02 -4.27526E-02 -1.62666E-02  2.94816E-01  3.46519E-01  5.99012E-01  6.42160E-03  4.02400E-01
 OMEGA(3,3)    1.39410E-01 -7.07855E-02 -3.87491E-02  1.19216E-01  8.09695E-02 -7.27777E-02 -4.91618E-02  1.28052E-01  2.71221E-02  2.59372E-01  4.02400E-01  6.84738E-03
