TABLE NO.     2: NUTS Bayesian Analysis: Problem=1 Subproblem=0 Superproblem1=0 Iteration1=0 Superproblem2=0 Iteration2=0
 NAME         THETA1       THETA2       THETA3       THETA4       THETA5       SIGMA(1,1)   OMEGA(1,1)   OMEGA(2,1)   OMEGA(2,2)   OMEGA(3,1)   OMEGA(3,2)   OMEGA(3,3)
 THETA1        1.66476E-05  3.15537E-05  3.77132E-05  1.30809E-05 -4.39261E-05  5.22734E-05 -1.32133E-07  2.77784E-07 -2.69562E-06  2.05548E-07 -5.55629E-07  3.87869E-06
 THETA2        3.15537E-05  7.96173E-04  6.07191E-04 -2.55110E-03 -3.29618E-03  1.16066E-04  6.45774E-07  3.97526E-06  2.70307E-05  6.47101E-07 -6.42420E-06 -3.44019E-06
 THETA3        3.77132E-05  6.07191E-04  2.11961E-03 -2.46036E-03 -2.80344E-03  7.52782E-04 -2.86796E-06 -1.13354E-05 -1.23528E-04  1.26658E-05  2.15115E-05  8.61827E-05
 THETA4        1.30809E-05 -2.55110E-03 -2.46036E-03  1.78624E-02  1.22443E-02 -4.32142E-04  1.65988E-06 -1.33868E-05 -2.48805E-04 -7.65265E-06  2.80994E-05  5.07733E-05
 THETA5       -4.39261E-05 -3.29618E-03 -2.80344E-03  1.22443E-02  2.74176E-02 -7.13769E-04 -4.11373E-07 -6.45831E-06 -9.65408E-05  3.06668E-07  2.60691E-05  9.33155E-05
 SIGMA(1,1)    5.22734E-05  1.16066E-04  7.52782E-04 -4.32142E-04 -7.13769E-04  7.47634E-02 -1.83376E-05  1.31800E-05 -4.93972E-05  1.14729E-05 -1.62919E-04 -1.84875E-04
 OMEGA(1,1)   -1.32133E-07  6.45774E-07 -2.86796E-06  1.65988E-06 -4.11373E-07 -1.83376E-05  4.84480E-07  7.82453E-07  3.08233E-08 -1.21779E-07 -7.23500E-07 -1.03885E-06
 OMEGA(2,1)    2.77784E-07  3.97526E-06 -1.13354E-05 -1.33868E-05 -6.45831E-06  1.31800E-05  7.82453E-07  5.80273E-06  1.68074E-05  1.75176E-06  4.32221E-06  1.52904E-06
 OMEGA(2,2)   -2.69562E-06  2.70307E-05 -1.23528E-04 -2.48805E-04 -9.65408E-05 -4.93972E-05  3.08233E-08  1.68074E-05  1.79019E-04  5.69980E-06  4.01573E-05  1.13504E-05
 OMEGA(3,1)    2.05548E-07  6.47101E-07  1.26658E-05 -7.65265E-06  3.06668E-07  1.14729E-05 -1.21779E-07  1.75176E-06  5.69980E-06  2.93094E-06  7.16853E-06  4.32683E-06
 OMEGA(3,2)   -5.55629E-07 -6.42420E-06  2.15115E-05  2.80994E-05  2.60691E-05 -1.62919E-04 -7.23500E-07  4.32221E-06  4.01573E-05  7.16853E-06  5.44880E-05  3.67270E-05
 OMEGA(3,3)    3.87869E-06 -3.44019E-06  8.61827E-05  5.07733E-05  9.33155E-05 -1.84875E-04 -1.03885E-06  1.52904E-06  1.13504E-05  4.32683E-06  3.67270E-05  7.19931E-05
