TABLE NO.     2: NUTS Bayesian Analysis: Problem=1 Subproblem=0 Superproblem1=0 Iteration1=0 Superproblem2=0 Iteration2=0
 NAME         THETA1       THETA2       THETA3       THETA4       THETA5       SIGMA(1,1)   OMEGA(1,1)   OMEGA(2,1)   OMEGA(2,2)   OMEGA(3,1)   OMEGA(3,2)   OMEGA(3,3)
 THETA1        4.02305E-03  3.06735E-01  1.99910E-01 -3.46706E-02 -3.79325E-02  3.13143E-02 -1.14943E-01 -4.86493E-02 -7.41285E-02 -4.26005E-02 -3.77617E-02  8.60129E-02
 THETA2        3.06735E-01  2.80878E-02  4.90729E-01 -6.38244E-01 -6.32479E-01  1.59805E-02 -1.62613E-03 -2.49797E-02 -1.30065E-02 -1.05358E-01 -6.29077E-02 -5.90852E-02
 THETA3        1.99910E-01  4.90729E-01  4.16230E-02 -4.06339E-01 -3.93635E-01 -4.69194E-03 -8.30631E-02 -2.31123E-01 -3.02084E-01 -1.10219E-01 -1.76922E-01  2.49081E-03
 THETA4       -3.46706E-02 -6.38244E-01 -4.06339E-01  1.29513E-01  4.57819E-01  1.18778E-02 -2.02506E-02 -3.62761E-03 -5.55483E-02  6.78226E-02  5.72090E-02  9.69327E-02
 THETA5       -3.79325E-02 -6.32479E-01 -3.93635E-01  4.57819E-01  1.61765E-01  1.60817E-02 -2.73576E-02  5.49185E-03 -3.28632E-02  7.82876E-02  4.66363E-02  6.26239E-02
 SIGMA(1,1)    3.13143E-02  1.59805E-02 -4.69194E-03  1.18778E-02  1.60817E-02  2.63721E-01 -4.73841E-02  3.89442E-02 -4.69381E-02 -1.71902E-03 -1.13069E-01 -1.13286E-01
 OMEGA(1,1)   -1.14943E-01 -1.62613E-03 -8.30631E-02 -2.02506E-02 -2.73576E-02 -4.73841E-02  6.65399E-04  4.76683E-01  1.79891E-01 -4.03215E-02 -2.98383E-02 -4.96803E-02
 OMEGA(2,1)   -4.86493E-02 -2.49797E-02 -2.31123E-01 -3.62761E-03  5.49185E-03  3.89442E-02  4.76683E-01  2.50774E-03  5.90922E-01  4.32642E-01  2.05303E-01  5.25408E-02
 OMEGA(2,2)   -7.41285E-02 -1.30065E-02 -3.02084E-01 -5.55483E-02 -3.28632E-02 -4.69381E-02  1.79891E-01  5.90922E-01  1.34180E-02  2.45742E-01  4.09325E-01  1.37863E-01
 OMEGA(3,1)   -4.26005E-02 -1.05358E-01 -1.10219E-01  6.78226E-02  7.82876E-02 -1.71902E-03 -4.03215E-02  4.32642E-01  2.45742E-01  1.80374E-03  4.59334E-01  1.44846E-01
 OMEGA(3,2)   -3.77617E-02 -6.29077E-02 -1.76922E-01  5.72090E-02  4.66363E-02 -1.13069E-01 -2.98383E-02  2.05303E-01  4.09325E-01  4.59334E-01  7.21515E-03  5.19988E-01
 OMEGA(3,3)    8.60129E-02 -5.90852E-02  2.49081E-03  9.69327E-02  6.26239E-02 -1.13286E-01 -4.96803E-02  5.25408E-02  1.37863E-01  1.44846E-01  5.19988E-01  7.95552E-03
