TABLE NO.     1: NUTS Bayesian Analysis: Problem=1 Subproblem=0 Superproblem1=0 Iteration1=0 Superproblem2=0 Iteration2=0
 NAME         THETA1       THETA2       THETA3       THETA4       THETA5       SIGMA(1,1)   OMEGA(1,1)   OMEGA(2,1)   OMEGA(2,2)   OMEGA(3,1)   OMEGA(3,2)   OMEGA(3,3)
 THETA1        4.09486E-03  2.91082E-01  2.01846E-01 -3.70147E-02 -3.90652E-02  2.75275E-02 -5.28780E-02 -7.49578E-02 -1.30091E-01 -3.95973E-02 -8.26317E-02  1.26632E-01
 THETA2        2.91082E-01  2.92140E-02  5.48593E-01 -6.70696E-01 -6.75311E-01  1.25095E-02 -1.05125E-02 -3.74782E-02 -2.87011E-02  2.14350E-03 -7.24422E-03  6.18545E-03
 THETA3        2.01846E-01  5.48593E-01  4.47468E-02 -4.94198E-01 -4.63785E-01  3.74714E-02 -6.23687E-02 -3.21633E-01 -3.82429E-01 -1.73189E-01 -2.26309E-01 -4.55267E-02
 THETA4       -3.70147E-02 -6.70696E-01 -4.94198E-01  1.29221E-01  5.15420E-01 -2.74325E-02 -2.42100E-02 -6.67733E-03 -1.22972E-02 -2.13377E-02  8.10337E-04  6.40196E-02
 THETA5       -3.90652E-02 -6.75311E-01 -4.63785E-01  5.15420E-01  1.67823E-01  1.13598E-02 -1.88828E-04 -2.79575E-02 -3.62530E-02 -2.01067E-02 -3.94356E-02  1.01710E-02
 SIGMA(1,1)    2.75275E-02  1.25095E-02  3.74714E-02 -2.74325E-02  1.13598E-02  2.70125E-01 -5.06330E-02  1.12557E-02 -2.84914E-02 -1.19301E-03 -2.42866E-02 -5.67573E-02
 OMEGA(1,1)   -5.28780E-02 -1.05125E-02 -6.23687E-02 -2.42100E-02 -1.88828E-04 -5.06330E-02  6.54804E-04  4.54710E-01  1.71988E-01 -2.46507E-02 -2.19280E-02 -9.22669E-03
 OMEGA(2,1)   -7.49578E-02 -3.74782E-02 -3.21633E-01 -6.67733E-03 -2.79575E-02  1.12557E-02  4.54710E-01  2.62494E-03  6.65285E-01  4.67604E-01  2.83371E-01  9.25113E-02
 OMEGA(2,2)   -1.30091E-01 -2.87011E-02 -3.82429E-01 -1.22972E-02 -3.62530E-02 -2.84914E-02  1.71988E-01  6.65285E-01  1.40747E-02  3.57879E-01  4.31567E-01  1.05244E-01
 OMEGA(3,1)   -3.95973E-02  2.14350E-03 -1.73189E-01 -2.13377E-02 -2.01067E-02 -1.19301E-03 -2.46507E-02  4.67604E-01  3.57879E-01  1.95847E-03  5.51099E-01  1.09466E-01
 OMEGA(3,2)   -8.26317E-02 -7.24422E-03 -2.26309E-01  8.10337E-04 -3.94356E-02 -2.42866E-02 -2.19280E-02  2.83371E-01  4.31567E-01  5.51099E-01  6.86443E-03  4.26473E-01
 OMEGA(3,3)    1.26632E-01  6.18545E-03 -4.55267E-02  6.40196E-02  1.01710E-02 -5.67573E-02 -9.22669E-03  9.25113E-02  1.05244E-01  1.09466E-01  4.26473E-01  7.13288E-03
