TABLE NO.     2: NUTS Bayesian Analysis: Problem=1 Subproblem=0 Superproblem1=0 Iteration1=0 Superproblem2=0 Iteration2=0
 NAME         THETA1       THETA2       THETA3       THETA4       THETA5       SIGMA(1,1)   OMEGA(1,1)   OMEGA(2,1)   OMEGA(2,2)   OMEGA(3,1)   OMEGA(3,2)   OMEGA(3,3)
 THETA1        4.06831E-03  2.40778E-01  1.84825E-01 -6.64002E-03  8.06560E-02  2.91855E-03 -5.25082E-02  2.99037E-02  6.21799E-02  4.16946E-02  4.90166E-02  1.68679E-01
 THETA2        2.40778E-01  2.84385E-02  5.62390E-01 -6.55336E-01 -6.53134E-01  9.29618E-02  4.12622E-02  3.82274E-02  4.24905E-02 -7.36895E-02  8.24603E-02  9.59619E-02
 THETA3        1.84825E-01  5.62390E-01  4.24001E-02 -4.52712E-01 -4.57550E-01  4.26497E-02  1.46076E-02 -1.89162E-01 -2.21251E-01 -8.67251E-02 -3.54023E-02  1.13359E-01
 THETA4       -6.64002E-03 -6.55336E-01 -4.52712E-01  1.38306E-01  4.71733E-01 -1.58692E-02 -4.71646E-02 -8.78868E-02 -6.05988E-02  2.02559E-02 -3.89771E-02 -3.25295E-02
 THETA5        8.06560E-02 -6.53134E-01 -4.57550E-01  4.71733E-01  1.65037E-01 -7.34569E-02 -1.30625E-02  3.49451E-03 -9.44766E-02  8.05845E-02 -6.28570E-02  1.18294E-02
 SIGMA(1,1)    2.91855E-03  9.29618E-02  4.26497E-02 -1.58692E-02 -7.34569E-02  2.75306E-01 -1.11022E-01 -1.19513E-01 -1.38869E-01 -1.34517E-02  7.16640E-02 -4.55850E-02
 OMEGA(1,1)   -5.25082E-02  4.12622E-02  1.46076E-02 -4.71646E-02 -1.30625E-02 -1.11022E-01  6.86188E-04  5.03924E-01  2.16568E-01 -5.29643E-02  4.62743E-02  8.78363E-02
 OMEGA(2,1)    2.99037E-02  3.82274E-02 -1.89162E-01 -8.78868E-02  3.49451E-03 -1.19513E-01  5.03924E-01  2.43341E-03  6.02019E-01  3.05615E-01  1.51404E-01  1.02700E-01
 OMEGA(2,2)    6.21799E-02  4.24905E-02 -2.21251E-01 -6.05988E-02 -9.44766E-02 -1.38869E-01  2.16568E-01  6.02019E-01  1.28621E-02  1.95294E-01  2.36367E-01  1.25706E-01
 OMEGA(3,1)    4.16946E-02 -7.36895E-02 -8.67251E-02  2.02559E-02  8.05845E-02 -1.34517E-02 -5.29643E-02  3.05615E-01  1.95294E-01  1.79814E-03  4.95202E-01  9.51575E-02
 OMEGA(3,2)    4.90166E-02  8.24603E-02 -3.54023E-02 -3.89771E-02 -6.28570E-02  7.16640E-02  4.62743E-02  1.51404E-01  2.36367E-01  4.95202E-01  6.31901E-03  4.04436E-01
 OMEGA(3,3)    1.68679E-01  9.59619E-02  1.13359E-01 -3.25295E-02  1.18294E-02 -4.55850E-02  8.78363E-02  1.02700E-01  1.25706E-01  9.51575E-02  4.04436E-01  6.74724E-03
