TABLE NO.     1: NUTS Bayesian Analysis: Problem=1 Subproblem=0 Superproblem1=0 Iteration1=0 Superproblem2=0 Iteration2=0
 NAME         THETA1       THETA2       THETA3       THETA4       THETA5       SIGMA(1,1)   OMEGA(1,1)   OMEGA(2,1)   OMEGA(2,2)   OMEGA(3,1)   OMEGA(3,2)   OMEGA(3,3)
 THETA1        7.43047E+04 -5.73444E+03 -1.32364E+03 -7.03858E+02 -5.54659E+02 -6.06813E+01  4.31999E+04 -1.69896E+04  9.73400E+02  5.99627E+03  1.77880E+03 -3.92201E+03
 THETA2       -5.73444E+03  3.73448E+03 -2.85511E+02  3.11238E+02  2.61935E+02  6.80518E+00 -1.33728E+03  1.19372E+01  1.24541E+02  1.99055E+03 -3.20587E+02  1.09206E+02
 THETA3       -1.32364E+03 -2.85511E+02  9.42559E+02  8.68573E+01  4.96712E+01 -6.72348E-01 -3.56268E+03  2.51141E+03  7.47328E+02 -2.54356E+03  6.64720E+02 -4.93801E+02
 THETA4       -7.03858E+02  3.11238E+02  8.68573E+01  1.18086E+02 -1.54309E+00  4.65249E-01 -8.26516E+02  6.99023E+02  7.94424E+01 -1.60668E+02  5.21149E+01 -1.58455E+02
 THETA5       -5.54659E+02  2.61935E+02  4.96712E+01 -1.54309E+00  7.54050E+01  8.93551E-01 -5.17112E+02 -8.52447E+01  9.39642E+01 -5.13923E+01  6.13318E+01 -1.52463E+01
 SIGMA(1,1)   -6.06813E+01  6.80518E+00 -6.72348E-01  4.65249E-01  8.93551E-01  1.49852E+01  8.69043E+02 -1.44634E+02  1.20177E+01  2.93540E+01  4.78740E+01  2.46552E+01
 OMEGA(1,1)    4.31999E+04 -1.33728E+03 -3.56268E+03 -8.26516E+02 -5.17112E+02  8.69043E+02  3.36795E+06 -6.60820E+05  3.42023E+04  4.36994E+05 -2.27611E+04  4.20234E+03
 OMEGA(2,1)   -1.69896E+04  1.19372E+01  2.51141E+03  6.99023E+02 -8.52447E+01 -1.44634E+02 -6.60820E+05  4.43477E+05 -3.93627E+04 -2.75164E+05  3.32429E+04 -3.78093E+03
 OMEGA(2,2)    9.73400E+02  1.24541E+02  7.47328E+02  7.94424E+01  9.39642E+01  1.20177E+01  3.42023E+04 -3.93627E+04  1.15450E+04  1.94211E+04 -8.25142E+03  1.20682E+03
 OMEGA(3,1)    5.99627E+03  1.99055E+03 -2.54356E+03 -1.60668E+02 -5.13923E+01  2.93540E+01  4.36994E+05 -2.75164E+05  1.94211E+04  5.04119E+05 -6.44355E+04  1.73185E+04
 OMEGA(3,2)    1.77880E+03 -3.20587E+02  6.64720E+02  5.21149E+01  6.13318E+01  4.78740E+01 -2.27611E+04  3.32429E+04 -8.25142E+03 -6.44355E+04  3.98802E+04 -1.77486E+04
 OMEGA(3,3)   -3.92201E+03  1.09206E+02 -4.93801E+02 -1.58455E+02 -1.52463E+01  2.46552E+01  4.20234E+03 -3.78093E+03  1.20682E+03  1.73185E+04 -1.77486E+04  2.53122E+04
