TABLE NO.     1: MCMC Bayesian Analysis: Problem=1 Subproblem=0 Superproblem1=0 Iteration1=0 Superproblem2=0 Iteration2=0
 NAME         THETA1       THETA2       THETA3       THETA4       THETA5       SIGMA(1,1)   OMEGA(1,1)   OMEGA(2,1)   OMEGA(2,2)   OMEGA(3,1)   OMEGA(3,2)   OMEGA(3,3)
 THETA1        1.61259E-05  2.64950E-05  2.68092E-05  1.00231E-05  1.91039E-05  5.82567E-05 -1.62898E-07 -2.39383E-07 -8.96269E-06 -2.41774E-08 -1.86138E-06  4.53726E-06
 THETA2        2.64950E-05  7.98333E-04  6.54512E-04 -2.34917E-03 -3.09780E-03 -1.09094E-04 -5.71815E-07  4.56580E-09  1.59613E-05  2.08913E-06  4.26472E-06  1.34068E-06
 THETA3        2.68092E-05  6.54512E-04  1.61222E-03 -2.56405E-03 -3.33810E-03 -4.14256E-04 -2.89704E-06 -1.88108E-05 -8.59264E-05 -1.99563E-06 -2.78341E-06  2.96250E-05
 THETA4        1.00231E-05 -2.34917E-03 -2.56405E-03  1.63965E-02  1.01266E-02  1.00362E-03  2.63466E-06 -1.36380E-05 -1.89755E-04 -1.93360E-05 -2.17222E-05  5.48163E-05
 THETA5        1.91039E-05 -3.09780E-03 -3.33810E-03  1.01266E-02  2.74302E-02  1.51726E-03  6.68404E-07 -2.31769E-06 -1.84589E-04 -6.04501E-06 -4.07273E-05  6.13422E-06
 SIGMA(1,1)    5.82567E-05 -1.09094E-04 -4.14256E-04  1.00362E-03  1.51726E-03  7.34429E-02 -7.97164E-06  3.63641E-05  6.32110E-05 -8.29000E-06 -4.94098E-05 -8.73078E-05
 OMEGA(1,1)   -1.62898E-07 -5.71815E-07 -2.89704E-06  2.63466E-06  6.68404E-07 -7.97164E-06  4.49581E-07  7.84773E-07  1.31578E-06 -1.08787E-07 -3.27582E-07 -1.67212E-07
 OMEGA(2,1)   -2.39383E-07  4.56580E-09 -1.88108E-05 -1.36380E-05 -2.31769E-06  3.63641E-05  7.84773E-07  6.30425E-06  1.95431E-05  1.83785E-06  3.68879E-06  4.82820E-07
 OMEGA(2,2)   -8.96269E-06  1.59613E-05 -8.59264E-05 -1.89755E-04 -1.84589E-04  6.32110E-05  1.31578E-06  1.95431E-05  1.67510E-04  7.42032E-06  2.33437E-05 -1.58338E-05
 OMEGA(3,1)   -2.41774E-08  2.08913E-06 -1.99563E-06 -1.93360E-05 -6.04501E-06 -8.29000E-06 -1.08787E-07  1.83785E-06  7.42032E-06  3.23880E-06  6.34916E-06  4.97402E-07
 OMEGA(3,2)   -1.86138E-06  4.26472E-06 -2.78341E-06 -2.17222E-05 -4.07273E-05 -4.94098E-05 -3.27582E-07  3.68879E-06  2.33437E-05  6.34916E-06  3.50184E-05  7.53295E-06
 OMEGA(3,3)    4.53726E-06  1.34068E-06  2.96250E-05  5.48163E-05  6.13422E-06 -8.73078E-05 -1.67212E-07  4.82820E-07 -1.58338E-05  4.97402E-07  7.53295E-06  4.37172E-05
TABLE NO.     2: NUTS Bayesian Analysis: Problem=1 Subproblem=0 Superproblem1=0 Iteration1=0 Superproblem2=0 Iteration2=0
 NAME         THETA1       THETA2       THETA3       THETA4       THETA5       SIGMA(1,1)   OMEGA(1,1)   OMEGA(2,1)   OMEGA(2,2)   OMEGA(3,1)   OMEGA(3,2)   OMEGA(3,3)
 THETA1        1.49440E-05  3.28027E-05  4.24628E-05 -1.33184E-05 -1.77905E-06  1.96972E-05 -2.02129E-07 -8.48698E-07 -6.51848E-06 -2.64053E-07 -1.04352E-07  2.86431E-06
 THETA2        3.28027E-05  8.06159E-04  7.11517E-04 -2.50503E-03 -3.02377E-03  3.18111E-04  3.00695E-08 -1.91159E-06 -1.78367E-05  2.32213E-07 -3.07792E-06 -8.90824E-06
 THETA3        4.24628E-05  7.11517E-04  2.16680E-03 -2.92119E-03 -3.50610E-03  5.78632E-04 -3.35137E-06 -3.74616E-05 -2.42867E-04 -1.05138E-05 -6.76865E-05 -1.28803E-06
 THETA4       -1.33184E-05 -2.50503E-03 -2.92119E-03  1.79598E-02  1.13764E-02 -1.09495E-03  1.91427E-06 -5.42536E-06 -7.66917E-05 -9.50299E-06  1.48587E-06  4.05138E-05
 THETA5       -1.77905E-06 -3.02377E-03 -3.50610E-03  1.13764E-02  2.63029E-02  3.21498E-04 -1.57781E-06  1.09044E-05 -5.02169E-05  4.52695E-06  1.50740E-05  7.32979E-05
 SIGMA(1,1)    1.96972E-05  3.18111E-04  5.78632E-04 -1.09495E-03  3.21498E-04  7.29290E-02 -1.71032E-05  8.39214E-06 -2.03133E-04 -1.78831E-05 -2.17223E-04 -1.57755E-04
 OMEGA(1,1)   -2.02129E-07  3.00695E-08 -3.35137E-06  1.91427E-06 -1.57781E-06 -1.71032E-05  4.33484E-07  8.14313E-07  1.64753E-06 -2.47658E-08 -4.75460E-08 -1.75342E-07
 OMEGA(2,1)   -8.48698E-07 -1.91159E-06 -3.74616E-05 -5.42536E-06  1.09044E-05  8.39214E-06  8.14313E-07  6.79300E-06  2.23104E-05  2.34424E-06  4.82653E-06  7.71385E-07
 OMEGA(2,2)   -6.51848E-06 -1.78367E-05 -2.42867E-04 -7.66917E-05 -5.02169E-05 -2.03133E-04  1.64753E-06  2.23104E-05  2.00084E-04  8.16133E-06  4.74477E-05  1.30718E-05
 OMEGA(3,1)   -2.64053E-07  2.32213E-07 -1.05138E-05 -9.50299E-06  4.52695E-06 -1.78831E-05 -2.47658E-08  2.34424E-06  8.16133E-06  3.68422E-06  7.30238E-06  1.38268E-06
 OMEGA(3,2)   -1.04352E-07 -3.07792E-06 -6.76865E-05  1.48587E-06  1.50740E-05 -2.17223E-04 -4.75460E-08  4.82653E-06  4.74477E-05  7.30238E-06  5.29336E-05  2.37595E-05
 OMEGA(3,3)    2.86431E-06 -8.90824E-06 -1.28803E-06  4.05138E-05  7.32979E-05 -1.57755E-04 -1.75342E-07  7.71385E-07  1.30718E-05  1.38268E-06  2.37595E-05  5.31841E-05
