TABLE NO.     2: NUTS Bayesian Analysis: Problem=1 Subproblem=0 Superproblem1=0 Iteration1=0 Superproblem2=0 Iteration2=0
 NAME         THETA1       THETA2       THETA3       THETA4       THETA5       SIGMA(1,1)   OMEGA(1,1)   OMEGA(2,1)   OMEGA(2,2)   OMEGA(3,1)   OMEGA(3,2)   OMEGA(3,3)
 THETA1        4.10706E-03  2.55030E-01  1.66431E-01  1.93278E-02  9.61596E-03 -2.72175E-02 -4.07781E-02 -5.56125E-02 -1.30604E-01 -1.67188E-02 -6.02133E-02  5.40780E-02
 THETA2        2.55030E-01  2.84958E-02  5.29633E-01 -6.46498E-01 -6.48358E-01  1.41236E-02 -5.19976E-04 -2.67620E-03 -9.71572E-03 -4.31033E-03  4.26125E-02  3.49542E-02
 THETA3        1.66431E-01  5.29633E-01  4.22912E-02 -4.79944E-01 -4.80528E-01  3.25814E-02 -9.61382E-02 -2.44421E-01 -2.42544E-01 -7.77599E-02 -5.91234E-02  5.50897E-02
 THETA4        1.93278E-02 -6.46498E-01 -4.79944E-01  1.33491E-01  5.06946E-01 -2.49634E-02 -4.52800E-02 -5.67521E-02 -5.91460E-02 -3.34287E-02 -3.79576E-02 -2.96034E-02
 THETA5        9.61596E-03 -6.48358E-01 -4.80528E-01  5.06946E-01  1.62126E-01 -1.16366E-02  2.01873E-02 -1.62321E-02 -6.81514E-02 -2.63050E-02 -7.98613E-02 -1.95547E-02
 SIGMA(1,1)   -2.72175E-02  1.41236E-02  3.25814E-02 -2.49634E-02 -1.16366E-02  2.56792E-01 -1.09795E-01 -1.37697E-02 -5.67737E-02 -1.38921E-02 -8.15606E-02 -4.46134E-02
 OMEGA(1,1)   -4.07781E-02 -5.19976E-04 -9.61382E-02 -4.52800E-02  2.01873E-02 -1.09795E-01  6.77028E-04  4.79748E-01  1.84204E-01 -4.67388E-03 -2.23224E-02 -4.54029E-02
 OMEGA(2,1)   -5.56125E-02 -2.67620E-03 -2.44421E-01 -5.67521E-02 -1.62321E-02 -1.37697E-02  4.79748E-01  2.53380E-03  6.43637E-01  4.39260E-01  2.41017E-01  7.75529E-02
 OMEGA(2,2)   -1.30604E-01 -9.71572E-03 -2.42544E-01 -5.91460E-02 -6.81514E-02 -5.67737E-02  1.84204E-01  6.43637E-01  1.33941E-02  3.39631E-01  3.98794E-01  1.09204E-01
 OMEGA(3,1)   -1.67188E-02 -4.31033E-03 -7.77599E-02 -3.34287E-02 -2.63050E-02 -1.38921E-02 -4.67388E-03  4.39260E-01  3.39631E-01  1.81141E-03  5.29990E-01  1.40043E-01
 OMEGA(3,2)   -6.02133E-02  4.26125E-02 -5.91234E-02 -3.79576E-02 -7.98613E-02 -8.15606E-02 -2.23224E-02  2.41017E-01  3.98794E-01  5.29990E-01  7.03742E-03  4.74479E-01
 OMEGA(3,3)    5.40780E-02  3.49542E-02  5.50897E-02 -2.96034E-02 -1.95547E-02 -4.46134E-02 -4.54029E-02  7.75529E-02  1.09204E-01  1.40043E-01  4.74479E-01  7.35827E-03
