TABLE NO.     2: NUTS Bayesian Analysis: Problem=1 Subproblem=0 Superproblem1=0 Iteration1=0 Superproblem2=0 Iteration2=0
 NAME         THETA1       THETA2       THETA3       THETA4       THETA5       SIGMA(1,1)   OMEGA(1,1)   OMEGA(2,1)   OMEGA(2,2)   OMEGA(3,1)   OMEGA(3,2)   OMEGA(3,3)
 THETA1        7.61399E+04 -6.69045E+03 -7.80008E+02 -8.69657E+02 -3.65335E+02 -2.87316E+01  4.80979E+04 -1.41906E+04  7.07095E+02  1.06336E+03  4.65096E+03 -4.02760E+03
 THETA2       -6.69045E+03  4.09962E+03 -3.25648E+02  3.39087E+02  2.95551E+02  4.48977E+00 -7.75205E+03 -7.77293E+02 -3.32294E+02  2.25771E+03  6.35937E+01  1.24393E+02
 THETA3       -7.80008E+02 -3.25648E+02  7.89885E+02  6.13304E+01  1.88141E+01 -7.89472E+00 -1.24055E+03  1.62549E+03  6.87549E+02 -4.42423E+03  1.75951E+02 -9.91705E+02
 THETA4       -8.69657E+02  3.39087E+02  6.13304E+01  1.22308E+02 -8.01231E+00 -5.27668E-01 -7.60087E+02 -2.11967E+02  2.04048E+02  3.22604E+02 -2.16224E+02 -3.53086E+01
 THETA5       -3.65335E+02  2.95551E+02  1.88141E+01 -8.01231E+00  7.71927E+01  7.48701E-02 -6.65309E+02  1.23142E+02 -2.77490E+01 -3.00413E+02  1.24212E+02 -1.36081E+02
 SIGMA(1,1)   -2.87316E+01  4.48977E+00 -7.89472E+00 -5.27668E-01  7.48701E-02  1.39823E+01  1.03292E+03 -2.50337E+02  7.33215E+00 -2.22190E+01  4.69292E+01  4.38545E+01
 OMEGA(1,1)    4.80979E+04 -7.75205E+03 -1.24055E+03 -7.60087E+02 -6.65309E+02  1.03292E+03  3.64487E+06 -8.30137E+05  6.41565E+04  5.23834E+05 -2.91389E+04  4.60677E+04
 OMEGA(2,1)   -1.41906E+04 -7.77293E+02  1.62549E+03 -2.11967E+02  1.23142E+02 -2.50337E+02 -8.30137E+05  4.75309E+05 -3.95246E+04 -2.91528E+05  2.63828E+04 -1.36518E+04
 OMEGA(2,2)    7.07095E+02 -3.32294E+02  6.87549E+02  2.04048E+02 -2.77490E+01  7.33215E+00  6.41565E+04 -3.95246E+04  1.13140E+04  2.03670E+04 -9.01538E+03  2.39041E+03
 OMEGA(3,1)    1.06336E+03  2.25771E+03 -4.42423E+03  3.22604E+02 -3.00413E+02 -2.22190E+01  5.23834E+05 -2.91528E+05  2.03670E+04  7.05847E+05 -8.84597E+04  1.86967E+04
 OMEGA(3,2)    4.65096E+03  6.35937E+01  1.75951E+02 -2.16224E+02  1.24212E+02  4.69292E+01 -2.91389E+04  2.63828E+04 -9.01538E+03 -8.84597E+04  4.67672E+04 -1.84473E+04
 OMEGA(3,3)   -4.02760E+03  1.24393E+02 -9.91705E+02 -3.53086E+01 -1.36081E+02  4.38545E+01  4.60677E+04 -1.36518E+04  2.39041E+03  1.86967E+04 -1.84473E+04  2.44792E+04
