TABLE NO.     1: MCMC Bayesian Analysis: Problem=1 Subproblem=0 Superproblem1=0 Iteration1=0 Superproblem2=0 Iteration2=0
 NAME         THETA1       THETA2       THETA3       THETA4       THETA5       SIGMA(1,1)   OMEGA(1,1)   OMEGA(2,1)   OMEGA(2,2)   OMEGA(3,1)   OMEGA(3,2)   OMEGA(3,3)
 THETA1        1.61259E-05  2.64950E-05  2.68092E-05  1.00231E-05  1.91039E-05  5.82567E-05 -1.62898E-07 -2.39383E-07 -8.96269E-06 -2.41774E-08 -1.86138E-06  4.53726E-06
 THETA2        2.64950E-05  7.98333E-04  6.54512E-04 -2.34917E-03 -3.09780E-03 -1.09094E-04 -5.71815E-07  4.56580E-09  1.59613E-05  2.08913E-06  4.26472E-06  1.34068E-06
 THETA3        2.68092E-05  6.54512E-04  1.61222E-03 -2.56405E-03 -3.33810E-03 -4.14256E-04 -2.89704E-06 -1.88108E-05 -8.59264E-05 -1.99563E-06 -2.78341E-06  2.96250E-05
 THETA4        1.00231E-05 -2.34917E-03 -2.56405E-03  1.63965E-02  1.01266E-02  1.00362E-03  2.63466E-06 -1.36380E-05 -1.89755E-04 -1.93360E-05 -2.17222E-05  5.48163E-05
 THETA5        1.91039E-05 -3.09780E-03 -3.33810E-03  1.01266E-02  2.74302E-02  1.51726E-03  6.68404E-07 -2.31769E-06 -1.84589E-04 -6.04501E-06 -4.07273E-05  6.13422E-06
 SIGMA(1,1)    5.82567E-05 -1.09094E-04 -4.14256E-04  1.00362E-03  1.51726E-03  7.34429E-02 -7.97164E-06  3.63641E-05  6.32110E-05 -8.29000E-06 -4.94098E-05 -8.73078E-05
 OMEGA(1,1)   -1.62898E-07 -5.71815E-07 -2.89704E-06  2.63466E-06  6.68404E-07 -7.97164E-06  4.49581E-07  7.84773E-07  1.31578E-06 -1.08787E-07 -3.27582E-07 -1.67212E-07
 OMEGA(2,1)   -2.39383E-07  4.56580E-09 -1.88108E-05 -1.36380E-05 -2.31769E-06  3.63641E-05  7.84773E-07  6.30425E-06  1.95431E-05  1.83785E-06  3.68879E-06  4.82820E-07
 OMEGA(2,2)   -8.96269E-06  1.59613E-05 -8.59264E-05 -1.89755E-04 -1.84589E-04  6.32110E-05  1.31578E-06  1.95431E-05  1.67510E-04  7.42032E-06  2.33437E-05 -1.58338E-05
 OMEGA(3,1)   -2.41774E-08  2.08913E-06 -1.99563E-06 -1.93360E-05 -6.04501E-06 -8.29000E-06 -1.08787E-07  1.83785E-06  7.42032E-06  3.23880E-06  6.34916E-06  4.97402E-07
 OMEGA(3,2)   -1.86138E-06  4.26472E-06 -2.78341E-06 -2.17222E-05 -4.07273E-05 -4.94098E-05 -3.27582E-07  3.68879E-06  2.33437E-05  6.34916E-06  3.50184E-05  7.53295E-06
 OMEGA(3,3)    4.53726E-06  1.34068E-06  2.96250E-05  5.48163E-05  6.13422E-06 -8.73078E-05 -1.67212E-07  4.82820E-07 -1.58338E-05  4.97402E-07  7.53295E-06  4.37172E-05
TABLE NO.     2: NUTS Bayesian Analysis: Problem=1 Subproblem=0 Superproblem1=0 Iteration1=0 Superproblem2=0 Iteration2=0
 NAME         THETA1       THETA2       THETA3       THETA4       THETA5       SIGMA(1,1)   OMEGA(1,1)   OMEGA(2,1)   OMEGA(2,2)   OMEGA(3,1)   OMEGA(3,2)   OMEGA(3,3)
 THETA1        1.46284E-05  2.26424E-05  3.20802E-05  2.44799E-05  4.18388E-06 -2.88751E-05 -2.24374E-07 -6.43642E-07 -6.33298E-06  1.01845E-07 -1.73492E-07  3.10834E-06
 THETA2        2.26424E-05  7.48798E-04  5.99183E-04 -2.38180E-03 -2.95729E-03 -6.02793E-04 -1.04797E-07 -3.28168E-07  2.96948E-06  1.80842E-06  3.43119E-06 -5.82899E-06
 THETA3        3.20802E-05  5.99183E-04  2.01958E-03 -2.38951E-03 -3.20644E-03 -3.22098E-04 -2.93381E-06 -2.67506E-05 -1.88637E-04 -6.44233E-08 -4.10847E-05 -3.49596E-06
 THETA4        2.44799E-05 -2.38180E-03 -2.38951E-03  1.79709E-02  1.07066E-02  2.36162E-03  2.01422E-06 -8.82839E-06 -1.08242E-04 -1.56284E-05 -9.03415E-06  8.10805E-05
 THETA5        4.18388E-06 -2.95729E-03 -3.20644E-03  1.07066E-02  2.65261E-02  2.22510E-03  1.78784E-06  7.05969E-07 -1.35836E-04 -1.18455E-05 -2.68753E-05  4.20717E-05
 SIGMA(1,1)   -2.88751E-05 -6.02793E-04 -3.22098E-04  2.36162E-03  2.22510E-03  7.44614E-02 -1.76060E-05 -1.23275E-05 -2.15272E-04 -5.93263E-06 -4.69486E-05 -1.04708E-04
 OMEGA(1,1)   -2.24374E-07 -1.04797E-07 -2.93381E-06  2.01422E-06  1.78784E-06 -1.76060E-05  4.38212E-07  7.58178E-07  1.42965E-06 -8.87053E-08 -1.44221E-07 -4.47003E-08
 OMEGA(2,1)   -6.43642E-07 -3.28168E-07 -2.67506E-05 -8.82839E-06  7.05969E-07 -1.23275E-05  7.58178E-07  6.37086E-06  2.11792E-05  2.13189E-06  3.69051E-06  1.01448E-06
 OMEGA(2,2)   -6.33298E-06  2.96948E-06 -1.88637E-04 -1.08242E-04 -1.35836E-04 -2.15272E-04  1.42965E-06  2.11792E-05  1.65466E-04  6.80292E-06  2.36757E-05  1.42954E-07
 OMEGA(3,1)    1.01845E-07  1.80842E-06 -6.44233E-08 -1.56284E-05 -1.18455E-05 -5.93263E-06 -8.87053E-08  2.13189E-06  6.80292E-06  3.74582E-06  6.47659E-06  9.66031E-07
 OMEGA(3,2)   -1.73492E-07  3.43119E-06 -4.10847E-05 -9.03415E-06 -2.68753E-05 -4.69486E-05 -1.44221E-07  3.69051E-06  2.36757E-05  6.47659E-06  3.95839E-05  1.45112E-05
 OMEGA(3,3)    3.10834E-06 -5.82899E-06 -3.49596E-06  8.10805E-05  4.20717E-05 -1.04708E-04 -4.47003E-08  1.01448E-06  1.42954E-07  9.66031E-07  1.45112E-05  4.40646E-05
