TABLE NO.     1: MCMC Bayesian Analysis: Problem=1 Subproblem=0 Superproblem1=0 Iteration1=0 Superproblem2=0 Iteration2=0
 NAME         THETA1       THETA2       THETA3       THETA4       THETA5       SIGMA(1,1)   OMEGA(1,1)   OMEGA(2,1)   OMEGA(2,2)   OMEGA(3,1)   OMEGA(3,2)   OMEGA(3,3)
 THETA1        7.97076E+04 -6.19130E+03 -9.54528E+02 -6.82900E+02 -5.84317E+02 -4.99884E+01  3.98449E+04 -1.82292E+04  3.74873E+03 -1.04244E+04  6.69914E+03 -5.92171E+03
 THETA2       -6.19130E+03  3.68983E+03 -3.85111E+02  3.10471E+02  2.57768E+02 -1.39101E+00 -2.26872E+03  3.25838E+02 -2.00588E+02  6.66862E+02 -4.35542E+02  3.44683E+02
 THETA3       -9.54528E+02 -3.85111E+02  1.13372E+03  9.13237E+01  6.43007E+01  1.48979E+00 -2.15981E+02  2.52233E+03  4.25890E+02 -5.01804E+02 -1.05639E+02 -6.28465E+02
 THETA4       -6.82900E+02  3.10471E+02  9.13237E+01  1.20641E+02  2.63131E+00 -6.78414E-01 -8.11646E+02  3.25615E+02  7.71382E+01  4.94296E+02 -1.48693E+02 -1.12289E+02
 THETA5       -5.84317E+02  2.57768E+02  6.43007E+01  2.63131E+00  7.32544E+01 -3.83616E-01  1.38931E+02  2.74125E+01  6.41905E+01 -1.58718E+02  9.36895E+00  1.84907E+01
 SIGMA(1,1)   -4.99884E+01 -1.39101E+00  1.48979E+00 -6.78414E-01 -3.83616E-01  1.39441E+01  7.15632E+02 -2.60103E+02  1.26252E+01  1.60410E+02  4.30039E+00  4.05898E+01
 OMEGA(1,1)    3.98449E+04 -2.26872E+03 -2.15981E+02 -8.11646E+02  1.38931E+02  7.15632E+02  3.40509E+06 -6.59433E+05  3.60181E+04  3.94995E+05  2.95828E+03  2.68562E+04
 OMEGA(2,1)   -1.82292E+04  3.25838E+02  2.52233E+03  3.25615E+02  2.74125E+01 -2.60103E+02 -6.59433E+05  4.18455E+05 -3.83406E+04 -1.93749E+05  1.42381E+04 -2.20380E+04
 OMEGA(2,2)    3.74873E+03 -2.00588E+02  4.25890E+02  7.71382E+01  6.41905E+01  1.26252E+01  3.60181E+04 -3.83406E+04  1.16400E+04  6.95996E+03 -5.29268E+03  4.85780E+03
 OMEGA(3,1)   -1.04244E+04  6.66862E+02 -5.01804E+02  4.94296E+02 -1.58718E+02  1.60410E+02  3.94995E+05 -1.93749E+05  6.95996E+03  5.97561E+05 -9.27505E+04  1.64788E+04
 OMEGA(3,2)    6.69914E+03 -4.35542E+02 -1.05639E+02 -1.48693E+02  9.36895E+00  4.30039E+00  2.95828E+03  1.42381E+04 -5.29268E+03 -9.27505E+04  4.99109E+04 -1.00244E+04
 OMEGA(3,3)   -5.92171E+03  3.44683E+02 -6.28465E+02 -1.12289E+02  1.84907E+01  4.05898E+01  2.68562E+04 -2.20380E+04  4.85780E+03  1.64788E+04 -1.00244E+04  2.77688E+04
TABLE NO.     2: NUTS Bayesian Analysis: Problem=1 Subproblem=0 Superproblem1=0 Iteration1=0 Superproblem2=0 Iteration2=0
 NAME         THETA1       THETA2       THETA3       THETA4       THETA5       SIGMA(1,1)   OMEGA(1,1)   OMEGA(2,1)   OMEGA(2,2)   OMEGA(3,1)   OMEGA(3,2)   OMEGA(3,3)
 THETA1        8.72207E+04 -7.12860E+03 -1.41298E+03 -7.22516E+02 -6.72039E+02  1.37239E+01  4.19674E+04 -7.71979E+03  7.37688E+02  8.98985E+03 -1.11142E+03 -4.07653E+03
 THETA2       -7.12860E+03  3.66718E+03 -2.69090E+02  3.00380E+02  2.54848E+02 -9.27757E+00 -4.27459E+03 -1.54245E+03  2.50640E+02  4.48320E+02 -6.96609E+02  6.30308E+02
 THETA3       -1.41298E+03 -2.69090E+02  9.22821E+02  7.76873E+01  6.00657E+01 -3.30280E+00 -2.41629E+03  2.99604E+03  7.20255E+02 -2.18895E+03  7.89157E+02 -6.22472E+02
 THETA4       -7.22516E+02  3.00380E+02  7.76873E+01  1.12960E+02 -3.89725E+00 -8.43410E-02 -1.23963E+03  2.54991E+02  1.26135E+02  4.80646E+01 -2.21159E+01 -1.99785E+01
 THETA5       -6.72039E+02  2.54848E+02  6.00657E+01 -3.89725E+00  7.74341E+01 -1.53996E+00  1.62878E+02 -1.22798E+02  1.06925E+02 -2.06877E+02  3.37466E+01 -6.16434E+01
 SIGMA(1,1)    1.37239E+01 -9.27757E+00 -3.30280E+00 -8.43410E-02 -1.53996E+00  1.43074E+01  1.05073E+03 -2.97016E+02  1.85271E+01  1.39436E+02  3.47965E+01  2.63005E+01
 OMEGA(1,1)    4.19674E+04 -4.27459E+03 -2.41629E+03 -1.23963E+03  1.62878E+02  1.05073E+03  3.51827E+06 -6.71584E+05  3.33872E+04  4.31280E+05 -3.15274E+04  1.68080E+04
 OMEGA(2,1)   -7.71979E+03 -1.54245E+03  2.99604E+03  2.54991E+02 -1.22798E+02 -2.97016E+02 -6.71584E+05  4.26756E+05 -3.63181E+04 -2.53250E+05  3.45530E+04 -9.00577E+03
 OMEGA(2,2)    7.37688E+02  2.50640E+02  7.20255E+02  1.26135E+02  1.06925E+02  1.85271E+01  3.33872E+04 -3.63181E+04  1.10032E+04  1.77287E+04 -8.47718E+03  1.08983E+03
 OMEGA(3,1)    8.98985E+03  4.48320E+02 -2.18895E+03  4.80646E+01 -2.06877E+02  1.39436E+02  4.31280E+05 -2.53250E+05  1.77287E+04  5.39801E+05 -7.89605E+04  2.21788E+04
 OMEGA(3,2)   -1.11142E+03 -6.96609E+02  7.89157E+02 -2.21159E+01  3.37466E+01  3.47965E+01 -3.15274E+04  3.45530E+04 -8.47718E+03 -7.89605E+04  4.21567E+04 -1.52660E+04
 OMEGA(3,3)   -4.07653E+03  6.30308E+02 -6.22472E+02 -1.99785E+01 -6.16434E+01  2.63005E+01  1.68080E+04 -9.00577E+03  1.08983E+03  2.21788E+04 -1.52660E+04  2.54524E+04
