TABLE NO.     2: NUTS Bayesian Analysis: Problem=1 Subproblem=0 Superproblem1=0 Iteration1=0 Superproblem2=0 Iteration2=0
 NAME         THETA1       THETA2       THETA3       THETA4       THETA5       SIGMA(1,1)   OMEGA(1,1)   OMEGA(2,1)   OMEGA(2,2)   OMEGA(3,1)   OMEGA(3,2)   OMEGA(3,3)
 THETA1        3.87543E-03  2.31484E-01  1.32654E-01  1.89483E-02  9.41658E-03  8.73760E-03 -3.01192E-02  5.44893E-03 -7.86159E-02 -4.64226E-03 -2.69942E-02  5.07073E-02
 THETA2        2.31484E-01  2.87305E-02  5.37239E-01 -6.72147E-01 -6.72793E-01 -3.46550E-02  4.74487E-02  4.12945E-02 -1.93453E-03  1.64635E-03 -5.37995E-02 -5.15155E-02
 THETA3        1.32654E-01  5.37239E-01  4.43263E-02 -4.54272E-01 -4.81073E-01  1.53712E-02 -5.90815E-02 -1.97570E-01 -2.60733E-01 -5.29689E-02 -1.28565E-01  4.23756E-02
 THETA4        1.89483E-02 -6.72147E-01 -4.54272E-01  1.31681E-01  4.99984E-01  5.46908E-03 -3.88118E-02 -6.01036E-02 -4.45618E-02  1.69557E-02  8.33396E-02  7.15413E-02
 THETA5        9.41658E-03 -6.72793E-01 -4.81073E-01  4.99984E-01  1.65557E-01  2.63548E-02 -3.29405E-02 -2.95921E-02 -4.08982E-02  1.99865E-02  6.46152E-02  6.96902E-02
 SIGMA(1,1)    8.73760E-03 -3.46550E-02  1.53712E-02  5.46908E-03  2.63548E-02  2.62985E-01 -9.16515E-02 -2.46077E-02 -5.05295E-02 -2.46513E-02 -7.15836E-02 -7.09368E-02
 OMEGA(1,1)   -3.01192E-02  4.74487E-02 -5.90815E-02 -3.88118E-02 -3.29405E-02 -9.16515E-02  6.50215E-04  4.51462E-01  1.79362E-01 -5.41608E-02 -3.51936E-02 -3.44730E-02
 OMEGA(2,1)    5.44893E-03  4.12945E-02 -1.97570E-01 -6.01036E-02 -2.95921E-02 -2.46077E-02  4.51462E-01  2.53328E-03  6.43819E-01  4.56391E-01  2.55559E-01  9.11767E-02
 OMEGA(2,2)   -7.86159E-02 -1.93453E-03 -2.60733E-01 -4.45618E-02 -4.08982E-02 -5.05295E-02  1.79362E-01  6.43819E-01  1.33866E-02  3.06483E-01  3.28702E-01  7.50021E-02
 OMEGA(3,1)   -4.64226E-03  1.64635E-03 -5.29689E-02  1.69557E-02  1.99865E-02 -2.46513E-02 -5.41608E-02  4.56391E-01  3.06483E-01  1.86565E-03  5.48880E-01  1.51461E-01
 OMEGA(3,2)   -2.69942E-02 -5.37995E-02 -1.28565E-01  8.33396E-02  6.46152E-02 -7.15836E-02 -3.51936E-02  2.55559E-01  3.28702E-01  5.48880E-01  6.78088E-03  4.46889E-01
 OMEGA(3,3)    5.07073E-02 -5.15155E-02  4.23756E-02  7.15413E-02  6.96902E-02 -7.09368E-02 -3.44730E-02  9.11767E-02  7.50021E-02  1.51461E-01  4.46889E-01  6.99535E-03
