TABLE NO.     2: NUTS Bayesian Analysis: Problem=1 Subproblem=0 Superproblem1=0 Iteration1=0 Superproblem2=0 Iteration2=0
 NAME         THETA1       THETA2       THETA3       THETA4       THETA5       SIGMA(1,1)   OMEGA(1,1)   OMEGA(2,1)   OMEGA(2,2)   OMEGA(3,1)   OMEGA(3,2)   OMEGA(3,3)
 THETA1        7.75763E+04 -6.33763E+03 -7.92372E+02 -6.09269E+02 -4.67455E+02 -1.31365E+01  5.86201E+04 -9.86353E+03  4.28356E+02  4.83760E+03  2.81475E+03 -4.35762E+03
 THETA2       -6.33763E+03  3.56749E+03 -3.31115E+02  3.04655E+02  2.38602E+02 -7.30608E+00 -1.53376E+02 -1.74785E+03  1.23152E+02  3.25456E+03 -8.13591E+02  4.88638E+02
 THETA3       -7.92372E+02 -3.31115E+02  9.42787E+02  6.10795E+01  3.98215E+01  1.73366E+00 -1.12312E+03  1.73846E+03  6.85487E+02 -2.03113E+03  7.28294E+02 -6.57084E+02
 THETA4       -6.09269E+02  3.04655E+02  6.10795E+01  1.11128E+02 -8.74738E-01 -9.26839E-01 -9.42065E+01 -7.83170E+01  1.35281E+02 -2.12874E+01 -2.77961E+01 -1.05215E+02
 THETA5       -4.67455E+02  2.38602E+02  3.98215E+01 -8.74738E-01  6.87471E+01 -7.55880E-01  1.07180E+02 -2.76202E+01  6.89050E+01 -1.07920E+02 -6.71898E+00 -2.78175E+01
 SIGMA(1,1)   -1.31365E+01 -7.30608E+00  1.73366E+00 -9.26839E-01 -7.55880E-01  1.49024E+01  6.87718E+02 -2.57830E+02  2.35623E+01  2.94475E+01  3.93329E+01  3.95465E+01
 OMEGA(1,1)    5.86201E+04 -1.53376E+02 -1.12312E+03 -9.42065E+01  1.07180E+02  6.87718E+02  3.42043E+06 -6.60495E+05  3.31326E+04  4.22021E+05 -2.23891E+04  1.41746E+04
 OMEGA(2,1)   -9.86353E+03 -1.74785E+03  1.73846E+03 -7.83170E+01 -2.76202E+01 -2.57830E+02 -6.60495E+05  4.31057E+05 -3.83542E+04 -2.47287E+05  2.95168E+04 -7.53213E+03
 OMEGA(2,2)    4.28356E+02  1.23152E+02  6.85487E+02  1.35281E+02  6.89050E+01  2.35623E+01  3.31326E+04 -3.83542E+04  1.13179E+04  1.72644E+04 -7.71766E+03  9.99249E+02
 OMEGA(3,1)    4.83760E+03  3.25456E+03 -2.03113E+03 -2.12874E+01 -1.07920E+02  2.94475E+01  4.22021E+05 -2.47287E+05  1.72644E+04  5.45521E+05 -6.73248E+04  1.64462E+04
 OMEGA(3,2)    2.81475E+03 -8.13591E+02  7.28294E+02 -2.77961E+01 -6.71898E+00  3.93329E+01 -2.23891E+04  2.95168E+04 -7.71766E+03 -6.73248E+04  4.04926E+04 -1.57740E+04
 OMEGA(3,3)   -4.35762E+03  4.88638E+02 -6.57084E+02 -1.05215E+02 -2.78175E+01  3.95465E+01  1.41746E+04 -7.53213E+03  9.99249E+02  1.64462E+04 -1.57740E+04  2.33004E+04
