TABLE NO.     2: NUTS Bayesian Analysis: Problem=1 Subproblem=0 Superproblem1=0 Iteration1=0 Superproblem2=0 Iteration2=0
 NAME         THETA1       THETA2       THETA3       THETA4       THETA5       SIGMA(1,1)   OMEGA(1,1)   OMEGA(2,1)   OMEGA(2,2)   OMEGA(3,1)   OMEGA(3,2)   OMEGA(3,3)
 THETA1        7.33662E+04 -5.88438E+03 -1.33119E+03 -7.36453E+02 -4.42937E+02 -4.03949E+00  3.97345E+04 -1.42153E+04  1.70876E+03  2.95712E+03 -1.50804E+02 -4.29577E+03
 THETA2       -5.88438E+03  4.13130E+03 -3.58664E+02  3.46239E+02  2.74330E+02 -1.65365E+00 -4.50303E+03 -2.81992E+03  1.86487E+02  2.55702E+03 -4.53636E+02  2.21654E+02
 THETA3       -1.33119E+03 -3.58664E+02  1.07145E+03  7.91894E+01  5.39863E+01 -5.59691E+00 -5.65214E+02  3.60137E+03  5.56057E+02 -2.41515E+03  5.78760E+02 -5.82663E+02
 THETA4       -7.36453E+02  3.46239E+02  7.91894E+01  1.17735E+02  1.16199E-01 -2.20118E-01 -8.32032E+02  2.98124E+02  9.15026E+01  1.02033E+02  2.36059E+01 -1.15811E+02
 THETA5       -4.42937E+02  2.74330E+02  5.39863E+01  1.16199E-01  7.45565E+01 -1.01442E+00 -2.07000E+02 -1.43583E+01  5.97195E+01 -3.37210E+01  2.41556E+01 -5.70214E+01
 SIGMA(1,1)   -4.03949E+00 -1.65365E+00 -5.59691E+00 -2.20118E-01 -1.01442E+00  1.51765E+01  8.40772E+02 -2.16798E+02  1.97442E+01  1.58477E+02 -6.37379E+00  4.77693E+01
 OMEGA(1,1)    3.97345E+04 -4.50303E+03 -5.65214E+02 -8.32032E+02 -2.07000E+02  8.40772E+02  3.33028E+06 -5.93782E+05  3.25605E+04  4.11999E+05 -3.20989E+04  1.81586E+04
 OMEGA(2,1)   -1.42153E+04 -2.81992E+03  3.60137E+03  2.98124E+02 -1.43583E+01 -2.16798E+02 -5.93782E+05  4.09907E+05 -3.50100E+04 -2.35619E+05  3.38764E+04 -1.31003E+04
 OMEGA(2,2)    1.70876E+03  1.86487E+02  5.56057E+02  9.15026E+01  5.97195E+01  1.97442E+01  3.25605E+04 -3.50100E+04  1.15679E+04  1.53280E+04 -8.61421E+03  2.31276E+03
 OMEGA(3,1)    2.95712E+03  2.55702E+03 -2.41515E+03  1.02033E+02 -3.37210E+01  1.58477E+02  4.11999E+05 -2.35619E+05  1.53280E+04  5.34408E+05 -7.45079E+04  2.33715E+04
 OMEGA(3,2)   -1.50804E+02 -4.53636E+02  5.78760E+02  2.36059E+01  2.41556E+01 -6.37379E+00 -3.20989E+04  3.38764E+04 -8.61421E+03 -7.45079E+04  4.54215E+04 -1.74392E+04
 OMEGA(3,3)   -4.29577E+03  2.21654E+02 -5.82663E+02 -1.15811E+02 -5.70214E+01  4.77693E+01  1.81586E+04 -1.31003E+04  2.31276E+03  2.33715E+04 -1.74392E+04  2.48168E+04
