TABLE NO.     1: MCMC Bayesian Analysis: Problem=1 Subproblem=0 Superproblem1=0 Iteration1=0 Superproblem2=0 Iteration2=0
 NAME         THETA1       THETA2       THETA3       THETA4       THETA5       SIGMA(1,1)   OMEGA(1,1)   OMEGA(2,1)   OMEGA(2,2)   OMEGA(3,1)   OMEGA(3,2)   OMEGA(3,3)
 THETA1        7.97076E+04 -6.19130E+03 -9.54528E+02 -6.82900E+02 -5.84317E+02 -4.99884E+01  3.98449E+04 -1.82292E+04  3.74873E+03 -1.04244E+04  6.69914E+03 -5.92171E+03
 THETA2       -6.19130E+03  3.68983E+03 -3.85111E+02  3.10471E+02  2.57768E+02 -1.39101E+00 -2.26872E+03  3.25838E+02 -2.00588E+02  6.66862E+02 -4.35542E+02  3.44683E+02
 THETA3       -9.54528E+02 -3.85111E+02  1.13372E+03  9.13237E+01  6.43007E+01  1.48979E+00 -2.15981E+02  2.52233E+03  4.25890E+02 -5.01804E+02 -1.05639E+02 -6.28465E+02
 THETA4       -6.82900E+02  3.10471E+02  9.13237E+01  1.20641E+02  2.63131E+00 -6.78414E-01 -8.11646E+02  3.25615E+02  7.71382E+01  4.94296E+02 -1.48693E+02 -1.12289E+02
 THETA5       -5.84317E+02  2.57768E+02  6.43007E+01  2.63131E+00  7.32544E+01 -3.83616E-01  1.38931E+02  2.74125E+01  6.41905E+01 -1.58718E+02  9.36895E+00  1.84907E+01
 SIGMA(1,1)   -4.99884E+01 -1.39101E+00  1.48979E+00 -6.78414E-01 -3.83616E-01  1.39441E+01  7.15632E+02 -2.60103E+02  1.26252E+01  1.60410E+02  4.30039E+00  4.05898E+01
 OMEGA(1,1)    3.98449E+04 -2.26872E+03 -2.15981E+02 -8.11646E+02  1.38931E+02  7.15632E+02  3.40509E+06 -6.59433E+05  3.60181E+04  3.94995E+05  2.95828E+03  2.68562E+04
 OMEGA(2,1)   -1.82292E+04  3.25838E+02  2.52233E+03  3.25615E+02  2.74125E+01 -2.60103E+02 -6.59433E+05  4.18455E+05 -3.83406E+04 -1.93749E+05  1.42381E+04 -2.20380E+04
 OMEGA(2,2)    3.74873E+03 -2.00588E+02  4.25890E+02  7.71382E+01  6.41905E+01  1.26252E+01  3.60181E+04 -3.83406E+04  1.16400E+04  6.95996E+03 -5.29268E+03  4.85780E+03
 OMEGA(3,1)   -1.04244E+04  6.66862E+02 -5.01804E+02  4.94296E+02 -1.58718E+02  1.60410E+02  3.94995E+05 -1.93749E+05  6.95996E+03  5.97561E+05 -9.27505E+04  1.64788E+04
 OMEGA(3,2)    6.69914E+03 -4.35542E+02 -1.05639E+02 -1.48693E+02  9.36895E+00  4.30039E+00  2.95828E+03  1.42381E+04 -5.29268E+03 -9.27505E+04  4.99109E+04 -1.00244E+04
 OMEGA(3,3)   -5.92171E+03  3.44683E+02 -6.28465E+02 -1.12289E+02  1.84907E+01  4.05898E+01  2.68562E+04 -2.20380E+04  4.85780E+03  1.64788E+04 -1.00244E+04  2.77688E+04
TABLE NO.     2: NUTS Bayesian Analysis: Problem=1 Subproblem=0 Superproblem1=0 Iteration1=0 Superproblem2=0 Iteration2=0
 NAME         THETA1       THETA2       THETA3       THETA4       THETA5       SIGMA(1,1)   OMEGA(1,1)   OMEGA(2,1)   OMEGA(2,2)   OMEGA(3,1)   OMEGA(3,2)   OMEGA(3,3)
 THETA1        8.37287E+04 -6.04821E+03 -1.05373E+03 -7.35111E+02 -5.06147E+02  2.60153E+01  4.80238E+04 -7.76197E+03  1.73348E+03 -2.92263E+03  1.53043E+03 -5.11035E+03
 THETA2       -6.04821E+03  3.77868E+03 -2.67002E+02  3.16875E+02  2.61420E+02  8.20978E+00 -4.31813E+03 -9.66688E+02  1.10725E+01  2.18974E+03 -7.78896E+02  3.18502E+02
 THETA3       -1.05373E+03 -2.67002E+02  8.60818E+02  5.06554E+01  5.83114E+01  9.45083E-02 -1.15538E+03  1.55994E+03  8.37719E+02 -3.53613E+03  1.01498E+03 -3.37882E+02
 THETA4       -7.35111E+02  3.16875E+02  5.06554E+01  1.07320E+02 -9.92177E-01 -1.00765E+00 -9.99980E+02  1.52976E+02  7.68357E+01  7.32323E+01  9.19344E+00 -1.10548E+02
 THETA5       -5.06147E+02  2.61420E+02  5.83114E+01 -9.92177E-01  7.50443E+01  2.85743E-01 -1.38737E+02 -2.20099E+02  1.29944E+02 -5.92328E+01  3.91812E+01 -1.33358E+00
 SIGMA(1,1)    2.60153E+01  8.20978E+00  9.45083E-02 -1.00765E+00  2.85743E-01  1.38785E+01  9.03359E+02 -2.50838E+02  4.02796E+01  1.24623E+02 -1.78334E+01  4.35197E+01
 OMEGA(1,1)    4.80238E+04 -4.31813E+03 -1.15538E+03 -9.99980E+02 -1.38737E+02  9.03359E+02  3.48839E+06 -7.05902E+05  4.72029E+04  4.41201E+05 -2.89346E+04  1.95619E+04
 OMEGA(2,1)   -7.76197E+03 -9.66688E+02  1.55994E+03  1.52976E+02 -2.20099E+02 -2.50838E+02 -7.05902E+05  4.70636E+05 -4.70927E+04 -2.44353E+05  2.86754E+04 -1.56088E+04
 OMEGA(2,2)    1.73348E+03  1.10725E+01  8.37719E+02  7.68357E+01  1.29944E+02  4.02796E+01  4.72029E+04 -4.70927E+04  1.30960E+04  1.34383E+04 -5.28696E+03  2.31197E+03
 OMEGA(3,1)   -2.92263E+03  2.18974E+03 -3.53613E+03  7.32323E+01 -5.92328E+01  1.24623E+02  4.41201E+05 -2.44353E+05  1.34383E+04  5.26773E+05 -8.15690E+04  2.17762E+04
 OMEGA(3,2)    1.53043E+03 -7.78896E+02  1.01498E+03  9.19344E+00  3.91812E+01 -1.78334E+01 -2.89346E+04  2.86754E+04 -5.28696E+03 -8.15690E+04  4.52664E+04 -1.40182E+04
 OMEGA(3,3)   -5.11035E+03  3.18502E+02 -3.37882E+02 -1.10548E+02 -1.33358E+00  4.35197E+01  1.95619E+04 -1.56088E+04  2.31197E+03  2.17762E+04 -1.40182E+04  2.78885E+04
