TABLE NO.     1: NUTS Bayesian Analysis: Problem=1 Subproblem=0 Superproblem1=0 Iteration1=0 Superproblem2=0 Iteration2=0
 NAME         THETA1       THETA2       THETA3       THETA4       THETA5       SIGMA(1,1)   OMEGA(1,1)   OMEGA(2,1)   OMEGA(2,2)   OMEGA(3,1)   OMEGA(3,2)   OMEGA(3,3)
 THETA1        7.52303E+04 -6.13297E+03 -7.64460E+02 -6.23490E+02 -4.84453E+02 -2.40846E+01  2.37804E+04 -7.67951E+03  1.52259E+03 -4.45937E+03  5.14008E+03 -6.75491E+03
 THETA2       -6.13297E+03  3.60202E+03 -3.14528E+02  3.15657E+02  2.52615E+02  9.71163E-01 -1.44701E+03  1.38262E+03 -3.51035E+02 -7.11485E+02 -1.16805E+02 -6.57681E+01
 THETA3       -7.64460E+02 -3.14528E+02  1.02027E+03  8.84004E+01  5.83700E+01 -4.56022E+00 -4.22619E+03  3.11760E+03  7.80184E+02 -1.22539E+03  8.14967E+02 -3.40749E+02
 THETA4       -6.23490E+02  3.15657E+02  8.84004E+01  1.23545E+02 -1.08692E+00  8.52204E-01  1.47886E+02  2.83573E+02  7.18964E+01  1.86355E+01  6.87555E+01 -1.31857E+02
 THETA5       -4.84453E+02  2.52615E+02  5.83700E+01 -1.08692E+00  7.28709E+01 -1.12517E+00 -8.72174E+02  5.05131E+02  3.59511E+01 -3.22958E+02  1.18148E+02 -3.72922E+01
 SIGMA(1,1)   -2.40846E+01  9.71163E-01 -4.56022E+00  8.52204E-01 -1.12517E+00  1.39300E+01  5.78019E+02 -2.06877E+02  1.97105E+01  9.00702E+01 -2.09121E+01  3.89613E+01
 OMEGA(1,1)    2.37804E+04 -1.44701E+03 -4.22619E+03  1.47886E+02 -8.72174E+02  5.78019E+02  3.41188E+06 -6.48318E+05  3.44671E+04  3.68185E+05 -2.28169E+04  1.44828E+04
 OMEGA(2,1)   -7.67951E+03  1.38262E+03  3.11760E+03  2.83573E+02  5.05131E+02 -2.06877E+02 -6.48318E+05  4.36637E+05 -4.03732E+04 -2.18254E+05  3.16557E+04 -1.29432E+04
 OMEGA(2,2)    1.52259E+03 -3.51035E+02  7.80184E+02  7.18964E+01  3.59511E+01  1.97105E+01  3.44671E+04 -4.03732E+04  1.16216E+04  1.24630E+04 -7.26895E+03  1.67041E+03
 OMEGA(3,1)   -4.45937E+03 -7.11485E+02 -1.22539E+03  1.86355E+01 -3.22958E+02  9.00702E+01  3.68185E+05 -2.18254E+05  1.24630E+04  5.04806E+05 -7.81330E+04  2.22907E+04
 OMEGA(3,2)    5.14008E+03 -1.16805E+02  8.14967E+02  6.87555E+01  1.18148E+02 -2.09121E+01 -2.28169E+04  3.16557E+04 -7.26895E+03 -7.81330E+04  4.51178E+04 -1.60474E+04
 OMEGA(3,3)   -6.75491E+03 -6.57681E+01 -3.40749E+02 -1.31857E+02 -3.72922E+01  3.89613E+01  1.44828E+04 -1.29432E+04  1.67041E+03  2.22907E+04 -1.60474E+04  2.63182E+04
