TABLE NO.     1: MCMC Bayesian Analysis: Problem=1 Subproblem=0 Superproblem1=0 Iteration1=0 Superproblem2=0 Iteration2=0
 NAME         THETA1       THETA2       THETA3       THETA4       THETA5       SIGMA(1,1)   OMEGA(1,1)   OMEGA(2,1)   OMEGA(2,2)   OMEGA(3,1)   OMEGA(3,2)   OMEGA(3,3)
 THETA1        7.97076E+04 -6.19130E+03 -9.54528E+02 -6.82900E+02 -5.84317E+02 -4.99884E+01  3.98449E+04 -1.82292E+04  3.74873E+03 -1.04244E+04  6.69914E+03 -5.92171E+03
 THETA2       -6.19130E+03  3.68983E+03 -3.85111E+02  3.10471E+02  2.57768E+02 -1.39101E+00 -2.26872E+03  3.25838E+02 -2.00588E+02  6.66862E+02 -4.35542E+02  3.44683E+02
 THETA3       -9.54528E+02 -3.85111E+02  1.13372E+03  9.13237E+01  6.43007E+01  1.48979E+00 -2.15981E+02  2.52233E+03  4.25890E+02 -5.01804E+02 -1.05639E+02 -6.28465E+02
 THETA4       -6.82900E+02  3.10471E+02  9.13237E+01  1.20641E+02  2.63131E+00 -6.78414E-01 -8.11646E+02  3.25615E+02  7.71382E+01  4.94296E+02 -1.48693E+02 -1.12289E+02
 THETA5       -5.84317E+02  2.57768E+02  6.43007E+01  2.63131E+00  7.32544E+01 -3.83616E-01  1.38931E+02  2.74125E+01  6.41905E+01 -1.58718E+02  9.36895E+00  1.84907E+01
 SIGMA(1,1)   -4.99884E+01 -1.39101E+00  1.48979E+00 -6.78414E-01 -3.83616E-01  1.39441E+01  7.15632E+02 -2.60103E+02  1.26252E+01  1.60410E+02  4.30039E+00  4.05898E+01
 OMEGA(1,1)    3.98449E+04 -2.26872E+03 -2.15981E+02 -8.11646E+02  1.38931E+02  7.15632E+02  3.40509E+06 -6.59433E+05  3.60181E+04  3.94995E+05  2.95828E+03  2.68562E+04
 OMEGA(2,1)   -1.82292E+04  3.25838E+02  2.52233E+03  3.25615E+02  2.74125E+01 -2.60103E+02 -6.59433E+05  4.18455E+05 -3.83406E+04 -1.93749E+05  1.42381E+04 -2.20380E+04
 OMEGA(2,2)    3.74873E+03 -2.00588E+02  4.25890E+02  7.71382E+01  6.41905E+01  1.26252E+01  3.60181E+04 -3.83406E+04  1.16400E+04  6.95996E+03 -5.29268E+03  4.85780E+03
 OMEGA(3,1)   -1.04244E+04  6.66862E+02 -5.01804E+02  4.94296E+02 -1.58718E+02  1.60410E+02  3.94995E+05 -1.93749E+05  6.95996E+03  5.97561E+05 -9.27505E+04  1.64788E+04
 OMEGA(3,2)    6.69914E+03 -4.35542E+02 -1.05639E+02 -1.48693E+02  9.36895E+00  4.30039E+00  2.95828E+03  1.42381E+04 -5.29268E+03 -9.27505E+04  4.99109E+04 -1.00244E+04
 OMEGA(3,3)   -5.92171E+03  3.44683E+02 -6.28465E+02 -1.12289E+02  1.84907E+01  4.05898E+01  2.68562E+04 -2.20380E+04  4.85780E+03  1.64788E+04 -1.00244E+04  2.77688E+04
TABLE NO.     2: NUTS Bayesian Analysis: Problem=1 Subproblem=0 Superproblem1=0 Iteration1=0 Superproblem2=0 Iteration2=0
 NAME         THETA1       THETA2       THETA3       THETA4       THETA5       SIGMA(1,1)   OMEGA(1,1)   OMEGA(2,1)   OMEGA(2,2)   OMEGA(3,1)   OMEGA(3,2)   OMEGA(3,3)
 THETA1        8.19200E+04 -6.86161E+03 -1.30514E+03 -8.41709E+02 -5.27853E+02  5.54511E+01  3.48751E+04 -1.06346E+04  1.21695E+03  4.84029E+03  3.53487E+02 -5.64785E+03
 THETA2       -6.86161E+03  3.89820E+03 -2.95307E+02  3.23240E+02  2.85335E+02 -4.14386E+00 -3.31621E+03  9.41381E+02 -3.64661E+02 -1.38901E+03 -2.69734E+02  4.57552E+02
 THETA3       -1.30514E+03 -2.95307E+02  9.75237E+02  8.85908E+01  5.28989E+01  5.31585E-01 -1.32196E+02  1.85815E+03  8.20080E+02 -2.42202E+03  9.35827E+02 -3.58486E+02
 THETA4       -8.41709E+02  3.23240E+02  8.85908E+01  1.14006E+02  3.83001E+00 -2.14820E+00 -2.46427E+02  2.61828E+02  8.35520E+01 -9.54320E+01  3.10823E+01 -1.17456E+02
 THETA5       -5.27853E+02  2.85335E+02  5.28989E+01  3.83001E+00  7.56041E+01  1.95549E+00 -5.49038E+02  2.28675E+02  6.83383E+01 -6.43128E+02  1.64748E+02 -4.51473E+01
 SIGMA(1,1)    5.54511E+01 -4.14386E+00  5.31585E-01 -2.14820E+00  1.95549E+00  1.43955E+01  1.01068E+03 -3.02448E+02  3.71811E+01  8.96848E+01  4.50136E+00  4.60178E+01
 OMEGA(1,1)    3.48751E+04 -3.31621E+03 -1.32196E+02 -2.46427E+02 -5.49038E+02  1.01068E+03  3.42739E+06 -7.07020E+05  4.43031E+04  3.45004E+05 -1.40856E+04  2.93699E+04
 OMEGA(2,1)   -1.06346E+04  9.41381E+02  1.85815E+03  2.61828E+02  2.28675E+02 -3.02448E+02 -7.07020E+05  4.45911E+05 -4.29784E+04 -1.90017E+05  1.81088E+04 -1.59849E+04
 OMEGA(2,2)    1.21695E+03 -3.64661E+02  8.20080E+02  8.35520E+01  6.83383E+01  3.71811E+01  4.43031E+04 -4.29784E+04  1.29181E+04  1.15802E+04 -5.91701E+03  2.78272E+03
 OMEGA(3,1)    4.84029E+03 -1.38901E+03 -2.42202E+03 -9.54320E+01 -6.43128E+02  8.96848E+01  3.45004E+05 -1.90017E+05  1.15802E+04  5.38009E+05 -8.36855E+04  3.89619E+03
 OMEGA(3,2)    3.53487E+02 -2.69734E+02  9.35827E+02  3.10823E+01  1.64748E+02  4.50136E+00 -1.40856E+04  1.81088E+04 -5.91701E+03 -8.36855E+04  4.74479E+04 -1.28675E+04
 OMEGA(3,3)   -5.64785E+03  4.57552E+02 -3.58486E+02 -1.17456E+02 -4.51473E+01  4.60178E+01  2.93699E+04 -1.59849E+04  2.78272E+03  3.89619E+03 -1.28675E+04  2.76575E+04
