TABLE NO.     2: NUTS Bayesian Analysis: Problem=1 Subproblem=0 Superproblem1=0 Iteration1=0 Superproblem2=0 Iteration2=0
 NAME         THETA1       THETA2       THETA3       THETA4       THETA5       SIGMA(1,1)   OMEGA(1,1)   OMEGA(2,1)   OMEGA(2,2)   OMEGA(3,1)   OMEGA(3,2)   OMEGA(3,3)
 THETA1        4.05911E-03  2.55205E-01  2.07409E-01  3.44230E-02 -2.44637E-02 -1.77846E-02 -1.13673E-01 -5.91943E-02 -1.25881E-01  3.56803E-03 -4.20391E-02  8.02134E-02
 THETA2        2.55205E-01  2.81483E-02  5.15686E-01 -6.51631E-01 -6.77103E-01  4.28013E-02 -2.12790E-02  3.63231E-02  5.66617E-02  1.02882E-02  3.09091E-03 -1.11783E-02
 THETA3        2.07409E-01  5.15686E-01  4.39602E-02 -4.25838E-01 -4.25970E-01  1.72336E-02 -9.08466E-02 -2.43519E-01 -3.11089E-01 -6.69392E-02 -1.40772E-01 -8.12989E-03
 THETA4        3.44230E-02 -6.51631E-01 -4.25838E-01  1.26918E-01  4.84952E-01 -5.58224E-02  2.21307E-02 -8.93466E-03 -8.37509E-02 -1.56345E-02  1.55495E-02  8.26738E-02
 THETA5       -2.44637E-02 -6.77103E-01 -4.25970E-01  4.84952E-01  1.60018E-01 -5.94014E-02 -7.20469E-03 -5.69901E-02 -8.88953E-02 -2.84884E-02 -1.82762E-02  3.82975E-02
 SIGMA(1,1)   -1.77846E-02  4.28013E-02  1.72336E-02 -5.58224E-02 -5.94014E-02  2.79149E-01 -9.78788E-02 -1.17887E-03 -1.35442E-02 -2.55201E-03 -6.80649E-02 -1.01861E-01
 OMEGA(1,1)   -1.13673E-01 -2.12790E-02 -9.08466E-02  2.21307E-02 -7.20469E-03 -9.78788E-02  6.48155E-04  4.53232E-01  1.79194E-01 -7.04394E-03 -4.41355E-02 -5.26315E-02
 OMEGA(2,1)   -5.91943E-02  3.63231E-02 -2.43519E-01 -8.93466E-03 -5.69901E-02 -1.17887E-03  4.53232E-01  2.57120E-03  5.86620E-01  4.42701E-01  1.31844E-01  2.59734E-02
 OMEGA(2,2)   -1.25881E-01  5.66617E-02 -3.11089E-01 -8.37509E-02 -8.88953E-02 -1.35442E-02  1.79194E-01  5.86620E-01  1.30823E-02  2.02227E-01  3.56379E-01  1.29933E-01
 OMEGA(3,1)    3.56803E-03  1.02882E-02 -6.69392E-02 -1.56345E-02 -2.84884E-02 -2.55201E-03 -7.04394E-03  4.42701E-01  2.02227E-01  1.83734E-03  4.34086E-01  1.47391E-01
 OMEGA(3,2)   -4.20391E-02  3.09091E-03 -1.40772E-01  1.55495E-02 -1.82762E-02 -6.80649E-02 -4.41355E-02  1.31844E-01  3.56379E-01  4.34086E-01  7.32538E-03  5.55466E-01
 OMEGA(3,3)    8.02134E-02 -1.11783E-02 -8.12989E-03  8.26738E-02  3.82975E-02 -1.01861E-01 -5.26315E-02  2.59734E-02  1.29933E-01  1.47391E-01  5.55466E-01  7.49828E-03
