TABLE NO.     2: NUTS Bayesian Analysis: Problem=1 Subproblem=0 Superproblem1=0 Iteration1=0 Superproblem2=0 Iteration2=0
 NAME         THETA1       THETA2       THETA3       THETA4       THETA5       SIGMA(1,1)   OMEGA(1,1)   OMEGA(2,1)   OMEGA(2,2)   OMEGA(3,1)   OMEGA(3,2)   OMEGA(3,3)
 THETA1        4.08015E-03  2.74076E-01  2.00766E-01  2.39878E-02 -6.50178E-02  4.68555E-02 -4.65261E-02  2.82628E-02 -4.93780E-02  2.94262E-02 -1.84484E-02  1.12038E-01
 THETA2        2.74076E-01  2.82165E-02  4.67405E-01 -6.76477E-01 -7.05491E-01  1.50437E-02  3.28806E-02  5.84851E-02  7.15986E-02  1.33957E-02 -3.08436E-02 -1.43692E-02
 THETA3        2.00766E-01  4.67405E-01  4.60392E-02 -3.99854E-01 -3.67747E-01  5.97994E-02 -8.94967E-02 -1.02210E-01 -2.00534E-01  1.60695E-01  6.32984E-02  2.20621E-01
 THETA4        2.39878E-02 -6.76477E-01 -3.99854E-01  1.33650E-01  5.53284E-01 -1.18253E-02  1.78430E-02 -4.15807E-02 -1.39136E-01 -3.34456E-02  2.84824E-02  4.47734E-02
 THETA5       -6.50178E-02 -7.05491E-01 -3.67747E-01  5.53284E-01  1.65583E-01 -1.57652E-02 -3.56930E-03 -1.61915E-02 -4.35760E-02  1.08181E-03  2.13285E-02  6.64192E-02
 SIGMA(1,1)    4.68555E-02  1.50437E-02  5.97994E-02 -1.18253E-02 -1.57652E-02  2.73429E-01 -9.63521E-02  2.00104E-02 -1.35023E-02  2.45089E-02 -8.07194E-02 -7.96874E-02
 OMEGA(1,1)   -4.65261E-02  3.28806E-02 -8.94967E-02  1.78430E-02 -3.56930E-03 -9.63521E-02  6.96046E-04  4.66664E-01  3.30973E-03 -1.02196E-01 -1.40815E-01 -1.75902E-01
 OMEGA(2,1)    2.82628E-02  5.84851E-02 -1.02210E-01 -4.15807E-02 -1.61915E-02  2.00104E-02  4.66664E-01  2.40889E-03  5.21476E-01  4.24771E-01  2.43075E-01  7.48097E-02
 OMEGA(2,2)   -4.93780E-02  7.15986E-02 -2.00534E-01 -1.39136E-01 -4.35760E-02 -1.35023E-02  3.30973E-03  5.21476E-01  1.33798E-02  2.48832E-01  4.06598E-01  9.99812E-02
 OMEGA(3,1)    2.94262E-02  1.33957E-02  1.60695E-01 -3.34456E-02  1.08181E-03  2.45089E-02 -1.02196E-01  4.24771E-01  2.48832E-01  1.71200E-03  5.67253E-01  2.97866E-01
 OMEGA(3,2)   -1.84484E-02 -3.08436E-02  6.32984E-02  2.84824E-02  2.13285E-02 -8.07194E-02 -1.40815E-01  2.43075E-01  4.06598E-01  5.67253E-01  7.38160E-03  5.86395E-01
 OMEGA(3,3)    1.12038E-01 -1.43692E-02  2.20621E-01  4.47734E-02  6.64192E-02 -7.96874E-02 -1.75902E-01  7.48097E-02  9.99812E-02  2.97866E-01  5.86395E-01  8.48487E-03
