TABLE NO.     1: NUTS Bayesian Analysis: Problem=1 Subproblem=0 Superproblem1=0 Iteration1=0 Superproblem2=0 Iteration2=0
 NAME         THETA1       THETA2       THETA3       THETA4       THETA5       SIGMA(1,1)   OMEGA(1,1)   OMEGA(2,1)   OMEGA(2,2)   OMEGA(3,1)   OMEGA(3,2)   OMEGA(3,3)
 THETA1        4.08715E-03  2.34958E-01  2.00894E-01  2.17180E-02  2.12626E-02  6.36747E-02 -6.23647E-02 -3.14869E-02 -1.06442E-01 -2.52555E-02 -4.85204E-02  7.89430E-02
 THETA2        2.34958E-01  2.75088E-02  5.36136E-01 -6.49073E-01 -6.53864E-01  1.28754E-02 -3.11917E-02 -4.86212E-02 -6.46922E-02 -4.11007E-02 -3.45074E-02 -2.58022E-02
 THETA3        2.00894E-01  5.36136E-01  4.44908E-02 -4.66298E-01 -4.36023E-01  3.80910E-02 -7.59972E-02 -2.42322E-01 -3.49181E-01 -7.35928E-02 -1.68793E-01 -2.02825E-02
 THETA4        2.17180E-02 -6.49073E-01 -4.66298E-01  1.30616E-01  4.93322E-01 -1.49501E-02 -4.72383E-03 -5.52661E-02 -2.50476E-02 -2.35772E-02  2.70757E-02  9.21318E-02
 THETA5        2.12626E-02 -6.53864E-01 -4.36023E-01  4.93322E-01  1.60654E-01 -1.55054E-02  4.33788E-02  3.16962E-02 -2.07060E-02  5.44237E-03 -2.72530E-02  1.07904E-02
 SIGMA(1,1)    6.36747E-02  1.28754E-02  3.80910E-02 -1.49501E-02 -1.55054E-02  2.63318E-01 -1.09747E-01 -2.30066E-02 -6.42725E-02 -2.01989E-02 -1.22577E-01 -9.87978E-02
 OMEGA(1,1)   -6.23647E-02 -3.11917E-02 -7.59972E-02 -4.72383E-03  4.33788E-02 -1.09747E-01  6.66721E-04  4.50677E-01  1.59112E-01 -2.80488E-02 -3.49623E-02 -3.31250E-02
 OMEGA(2,1)   -3.14869E-02 -4.86212E-02 -2.42322E-01 -5.52661E-02  3.16962E-02 -2.30066E-02  4.50677E-01  2.60212E-03  5.92096E-01  5.00005E-01  1.95037E-01  7.17501E-03
 OMEGA(2,2)   -1.06442E-01 -6.46922E-02 -3.49181E-01 -2.50476E-02 -2.07060E-02 -6.42725E-02  1.59112E-01  5.92096E-01  1.37059E-02  2.70443E-01  4.29082E-01  1.41110E-01
 OMEGA(3,1)   -2.52555E-02 -4.11007E-02 -7.35928E-02 -2.35772E-02  5.44237E-03 -2.01989E-02 -2.80488E-02  5.00005E-01  2.70443E-01  1.97163E-03  4.36978E-01  1.15740E-01
 OMEGA(3,2)   -4.85204E-02 -3.45074E-02 -1.68793E-01  2.70757E-02 -2.72530E-02 -1.22577E-01 -3.49623E-02  1.95037E-01  4.29082E-01  4.36978E-01  7.60421E-03  5.60181E-01
 OMEGA(3,3)    7.89430E-02 -2.58022E-02 -2.02825E-02  9.21318E-02  1.07904E-02 -9.87978E-02 -3.31250E-02  7.17501E-03  1.41110E-01  1.15740E-01  5.60181E-01  7.88960E-03
