TABLE NO.     2: NUTS Bayesian Analysis: Problem=1 Subproblem=0 Superproblem1=0 Iteration1=0 Superproblem2=0 Iteration2=0
 NAME         THETA1       THETA2       THETA3       THETA4       THETA5       SIGMA(1,1)   OMEGA(1,1)   OMEGA(2,1)   OMEGA(2,2)   OMEGA(3,1)   OMEGA(3,2)   OMEGA(3,3)
 THETA1        1.64763E-05  2.91590E-05  3.70100E-05  1.77338E-05 -1.58899E-05 -2.01517E-05 -2.99065E-07 -6.17798E-07 -6.68460E-06  2.66102E-08 -1.25001E-06  2.44140E-06
 THETA2        2.91590E-05  7.92329E-04  6.38114E-04 -2.32797E-03 -3.04984E-03  3.36314E-04 -3.88224E-07  2.62889E-06  2.08654E-05  5.32082E-07  6.37337E-07 -2.35935E-06
 THETA3        3.70100E-05  6.38114E-04  1.93250E-03 -2.37590E-03 -2.99646E-03  2.11481E-04 -2.58850E-06 -2.75251E-05 -1.78908E-04 -5.40666E-06 -4.53322E-05 -2.67982E-06
 THETA4        1.77338E-05 -2.32797E-03 -2.37590E-03  1.61082E-02  9.84899E-03 -1.97773E-03  1.82053E-06 -2.91566E-06 -1.39058E-04 -3.64582E-06  1.44567E-05  7.86778E-05
 THETA5       -1.58899E-05 -3.04984E-03 -2.99646E-03  9.84899E-03  2.56059E-02 -2.65340E-03 -7.47246E-07 -2.34480E-05 -1.86094E-04 -8.37580E-06 -2.14233E-05  4.59518E-05
 SIGMA(1,1)   -2.01517E-05  3.36314E-04  2.11481E-04 -1.97773E-03 -2.65340E-03  7.79240E-02 -1.77094E-05 -8.46129E-07 -4.94622E-05 -1.30890E-06 -1.39184E-04 -2.13209E-04
 OMEGA(1,1)   -2.99065E-07 -3.88224E-07 -2.58850E-06  1.82053E-06 -7.47246E-07 -1.77094E-05  4.20104E-07  7.55328E-07  1.51945E-06 -8.38848E-09 -2.09554E-07 -2.55791E-07
 OMEGA(2,1)   -6.17798E-07  2.62889E-06 -2.75251E-05 -2.91566E-06 -2.34480E-05 -8.46129E-07  7.55328E-07  6.61109E-06  1.97323E-05  2.09140E-06  2.48328E-06  5.00757E-07
 OMEGA(2,2)   -6.68460E-06  2.08654E-05 -1.78908E-04 -1.39058E-04 -1.86094E-04 -4.94622E-05  1.51945E-06  1.97323E-05  1.71147E-04  4.86086E-06  3.41527E-05  1.27457E-05
 OMEGA(3,1)    2.66102E-08  5.32082E-07 -5.40666E-06 -3.64582E-06 -8.37580E-06 -1.30890E-06 -8.38848E-09  2.09140E-06  4.86086E-06  3.37581E-06  5.84245E-06  2.03059E-06
 OMEGA(3,2)   -1.25001E-06  6.37337E-07 -4.53322E-05  1.44567E-05 -2.14233E-05 -1.39184E-04 -2.09554E-07  2.48328E-06  3.41527E-05  5.84245E-06  5.36611E-05  3.05105E-05
 OMEGA(3,3)    2.44140E-06 -2.35935E-06 -2.67982E-06  7.86778E-05  4.59518E-05 -2.13209E-04 -2.55791E-07  5.00757E-07  1.27457E-05  2.03059E-06  3.05105E-05  5.62242E-05
