TABLE NO.     2: NUTS Bayesian Analysis: Problem=1 Subproblem=0 Superproblem1=0 Iteration1=0 Superproblem2=0 Iteration2=0
 NAME         THETA1       THETA2       THETA3       THETA4       THETA5       SIGMA(1,1)   OMEGA(1,1)   OMEGA(2,1)   OMEGA(2,2)   OMEGA(3,1)   OMEGA(3,2)   OMEGA(3,3)
 THETA1        1.61849E-05  3.46607E-05  3.34752E-05 -1.80648E-05 -2.46860E-05  3.32232E-05 -3.07696E-07 -4.90812E-07 -4.00156E-06 -3.09132E-07 -1.09611E-06  2.75288E-06
 THETA2        3.46607E-05  7.88927E-04  5.73710E-04 -2.32177E-03 -2.87374E-03  1.18373E-04 -3.03918E-08 -1.75950E-06 -4.90195E-06 -5.33777E-06 -1.27488E-05 -1.32028E-05
 THETA3        3.34752E-05  5.73710E-04  1.73247E-03 -2.19046E-03 -2.65039E-03 -5.15026E-05 -2.30051E-06 -2.41245E-05 -1.68714E-04 -8.27492E-06 -5.31325E-05  8.24786E-07
 THETA4       -1.80648E-05 -2.32177E-03 -2.19046E-03  1.67737E-02  9.59162E-03  4.05692E-04 -1.74516E-06 -1.17820E-06 -9.65327E-05  1.58439E-05  5.34595E-05  9.98742E-05
 THETA5       -2.46860E-05 -2.87374E-03 -2.65039E-03  9.59162E-03  2.61678E-02  6.86056E-04 -2.94472E-06  2.22784E-06 -7.13316E-05  2.28428E-05  5.44319E-05  8.05920E-05
 SIGMA(1,1)    3.32232E-05  1.18373E-04 -5.15026E-05  4.05692E-04  6.86056E-04  6.95487E-02 -8.31495E-06  2.57555E-05 -1.66096E-04 -8.17709E-07 -2.15146E-04 -2.37678E-04
 OMEGA(1,1)   -3.07696E-07 -3.03918E-08 -2.30051E-06 -1.74516E-06 -2.94472E-06 -8.31495E-06  4.42756E-07  7.95415E-07  1.60613E-06 -4.83940E-08 -1.43252E-07 -2.62988E-07
 OMEGA(2,1)   -4.90812E-07 -1.75950E-06 -2.41245E-05 -1.17820E-06  2.22784E-06  2.57555E-05  7.95415E-07  6.28876E-06  1.98839E-05  1.95697E-06  3.71469E-06  1.04821E-06
 OMEGA(2,2)   -4.00156E-06 -4.90195E-06 -1.68714E-04 -9.65327E-05 -7.13316E-05 -1.66096E-04  1.60613E-06  1.98839E-05  1.80044E-04  5.94761E-06  3.96281E-05  1.47165E-05
 OMEGA(3,1)   -3.09132E-07 -5.33777E-06 -8.27492E-06  1.58439E-05  2.28428E-05 -8.17709E-07 -4.83940E-08  1.95697E-06  5.94761E-06  3.25347E-06  5.97788E-06  2.07849E-06
 OMEGA(3,2)   -1.09611E-06 -1.27488E-05 -5.31325E-05  5.34595E-05  5.44319E-05 -2.15146E-04 -1.43252E-07  3.71469E-06  3.96281E-05  5.97788E-06  5.20585E-05  2.98475E-05
 OMEGA(3,3)    2.75288E-06 -1.32028E-05  8.24786E-07  9.98742E-05  8.05920E-05 -2.37678E-04 -2.62988E-07  1.04821E-06  1.47165E-05  2.07849E-06  2.98475E-05  6.32903E-05
