TABLE NO.     1: Iterative Two Stage: Problem=1 Subproblem=0 Superproblem1=0 Iteration1=0 Superproblem2=0 Iteration2=0
 NAME         THETA1       THETA2       SIGMA(1,1)   OMEGA(1,1)   OMEGA(2,1)   OMEGA(2,2)   OMEGA(3,1)   OMEGA(3,2)   OMEGA(3,3)   OMEGA(4,1)   OMEGA(4,2)   OMEGA(4,3)   OMEGA(4,4)   OMEGA(5,1)   OMEGA(5,2)   OMEGA(5,3)   OMEGA(5,4)   OMEGA(5,5)   OMEGA(6,1)   OMEGA(6,2)   OMEGA(6,3)   OMEGA(6,4)   OMEGA(6,5)   OMEGA(6,6)
 THETA1        2.51668E+02  5.30471E+01 -2.13796E+03  3.42367E+02  4.18270E+02 -2.63969E+03  0.00000E+00  0.00000E+00 -5.45746E+02  0.00000E+00  0.00000E+00 -3.61831E+02  1.12197E+02  0.00000E+00  0.00000E+00  0.00000E+00  0.00000E+00 -1.75459E+02  0.00000E+00  0.00000E+00  0.00000E+00  0.00000E+00 -3.18841E+02 -4.91707E+01
 THETA2        5.30471E+01  3.10422E+02 -2.70503E+03 -1.30176E+03  8.10287E+02 -1.97802E+03  0.00000E+00  0.00000E+00 -1.44227E+03  0.00000E+00  0.00000E+00 -8.68461E+02 -3.93684E+01  0.00000E+00  0.00000E+00  0.00000E+00  0.00000E+00 -1.59397E+02  0.00000E+00  0.00000E+00  0.00000E+00  0.00000E+00 -9.84309E+01 -2.09949E+02
 SIGMA(1,1)   -2.13796E+03 -2.70503E+03  6.11218E+07  1.23751E+06  2.72227E+05  1.27851E+06  0.00000E+00  0.00000E+00 -3.01097E+04  0.00000E+00  0.00000E+00 -1.19272E+03  1.57114E+04  0.00000E+00  0.00000E+00  0.00000E+00  0.00000E+00  1.09348E+04  0.00000E+00  0.00000E+00  0.00000E+00  0.00000E+00  6.78188E+03  1.53472E+03
 OMEGA(1,1)    3.42367E+02 -1.30176E+03  1.23751E+06  1.09174E+07 -1.45833E+06  2.25126E+05  0.00000E+00  0.00000E+00 -3.35544E+04  0.00000E+00  0.00000E+00  1.42469E+04 -2.25159E+04  0.00000E+00  0.00000E+00  0.00000E+00  0.00000E+00 -1.40498E+03  0.00000E+00  0.00000E+00  0.00000E+00  0.00000E+00 -7.12406E+01 -3.80794E+02
 OMEGA(2,1)    4.18270E+02  8.10287E+02  2.72227E+05 -1.45833E+06  1.95123E+07 -9.96636E+03  0.00000E+00  0.00000E+00 -1.36313E+04  0.00000E+00  0.00000E+00  1.20000E+05 -1.18917E+04  0.00000E+00  0.00000E+00  0.00000E+00  0.00000E+00 -3.98807E+03  0.00000E+00  0.00000E+00  0.00000E+00  0.00000E+00 -6.57036E+03  1.89644E+03
 OMEGA(2,2)   -2.63969E+03 -1.97802E+03  1.27851E+06  2.25126E+05 -9.96636E+03  8.61491E+06  0.00000E+00  0.00000E+00  2.09382E+04  0.00000E+00  0.00000E+00 -2.33356E+04  1.14402E+04  0.00000E+00  0.00000E+00  0.00000E+00  0.00000E+00  3.36628E+03  0.00000E+00  0.00000E+00  0.00000E+00  0.00000E+00  4.16079E+03  4.65898E+03
 OMEGA(3,1)    0.00000E+00  0.00000E+00  0.00000E+00  0.00000E+00  0.00000E+00  0.00000E+00  0.00000E+00  0.00000E+00  0.00000E+00  0.00000E+00  0.00000E+00  0.00000E+00  0.00000E+00  0.00000E+00  0.00000E+00  0.00000E+00  0.00000E+00  0.00000E+00  0.00000E+00  0.00000E+00  0.00000E+00  0.00000E+00  0.00000E+00  0.00000E+00
 OMEGA(3,2)    0.00000E+00  0.00000E+00  0.00000E+00  0.00000E+00  0.00000E+00  0.00000E+00  0.00000E+00  0.00000E+00  0.00000E+00  0.00000E+00  0.00000E+00  0.00000E+00  0.00000E+00  0.00000E+00  0.00000E+00  0.00000E+00  0.00000E+00  0.00000E+00  0.00000E+00  0.00000E+00  0.00000E+00  0.00000E+00  0.00000E+00  0.00000E+00
 OMEGA(3,3)   -5.45746E+02 -1.44227E+03 -3.01097E+04 -3.35544E+04 -1.36313E+04  2.09382E+04  0.00000E+00  0.00000E+00  2.42826E+05  0.00000E+00  0.00000E+00  1.80145E+04  3.90706E+03  0.00000E+00  0.00000E+00  0.00000E+00  0.00000E+00 -8.10569E+02  0.00000E+00  0.00000E+00  0.00000E+00  0.00000E+00  1.13142E+03  8.10932E+02
 OMEGA(4,1)    0.00000E+00  0.00000E+00  0.00000E+00  0.00000E+00  0.00000E+00  0.00000E+00  0.00000E+00  0.00000E+00  0.00000E+00  0.00000E+00  0.00000E+00  0.00000E+00  0.00000E+00  0.00000E+00  0.00000E+00  0.00000E+00  0.00000E+00  0.00000E+00  0.00000E+00  0.00000E+00  0.00000E+00  0.00000E+00  0.00000E+00  0.00000E+00
 OMEGA(4,2)    0.00000E+00  0.00000E+00  0.00000E+00  0.00000E+00  0.00000E+00  0.00000E+00  0.00000E+00  0.00000E+00  0.00000E+00  0.00000E+00  0.00000E+00  0.00000E+00  0.00000E+00  0.00000E+00  0.00000E+00  0.00000E+00  0.00000E+00  0.00000E+00  0.00000E+00  0.00000E+00  0.00000E+00  0.00000E+00  0.00000E+00  0.00000E+00
 OMEGA(4,3)   -3.61831E+02 -8.68461E+02 -1.19272E+03  1.42469E+04  1.20000E+05 -2.33356E+04  0.00000E+00  0.00000E+00  1.80145E+04  0.00000E+00  0.00000E+00  3.75044E+05 -4.05765E+03  0.00000E+00  0.00000E+00  0.00000E+00  0.00000E+00 -2.37754E+03  0.00000E+00  0.00000E+00  0.00000E+00  0.00000E+00 -2.20764E+03  2.45781E+03
 OMEGA(4,4)    1.12197E+02 -3.93684E+01  1.57114E+04 -2.25159E+04 -1.18917E+04  1.14402E+04  0.00000E+00  0.00000E+00  3.90706E+03  0.00000E+00  0.00000E+00 -4.05765E+03  1.68073E+05  0.00000E+00  0.00000E+00  0.00000E+00  0.00000E+00 -9.82361E+02  0.00000E+00  0.00000E+00  0.00000E+00  0.00000E+00 -5.22716E+02 -9.55262E+01
 OMEGA(5,1)    0.00000E+00  0.00000E+00  0.00000E+00  0.00000E+00  0.00000E+00  0.00000E+00  0.00000E+00  0.00000E+00  0.00000E+00  0.00000E+00  0.00000E+00  0.00000E+00  0.00000E+00  0.00000E+00  0.00000E+00  0.00000E+00  0.00000E+00  0.00000E+00  0.00000E+00  0.00000E+00  0.00000E+00  0.00000E+00  0.00000E+00  0.00000E+00
 OMEGA(5,2)    0.00000E+00  0.00000E+00  0.00000E+00  0.00000E+00  0.00000E+00  0.00000E+00  0.00000E+00  0.00000E+00  0.00000E+00  0.00000E+00  0.00000E+00  0.00000E+00  0.00000E+00  0.00000E+00  0.00000E+00  0.00000E+00  0.00000E+00  0.00000E+00  0.00000E+00  0.00000E+00  0.00000E+00  0.00000E+00  0.00000E+00  0.00000E+00
 OMEGA(5,3)    0.00000E+00  0.00000E+00  0.00000E+00  0.00000E+00  0.00000E+00  0.00000E+00  0.00000E+00  0.00000E+00  0.00000E+00  0.00000E+00  0.00000E+00  0.00000E+00  0.00000E+00  0.00000E+00  0.00000E+00  0.00000E+00  0.00000E+00  0.00000E+00  0.00000E+00  0.00000E+00  0.00000E+00  0.00000E+00  0.00000E+00  0.00000E+00
 OMEGA(5,4)    0.00000E+00  0.00000E+00  0.00000E+00  0.00000E+00  0.00000E+00  0.00000E+00  0.00000E+00  0.00000E+00  0.00000E+00  0.00000E+00  0.00000E+00  0.00000E+00  0.00000E+00  0.00000E+00  0.00000E+00  0.00000E+00  0.00000E+00  0.00000E+00  0.00000E+00  0.00000E+00  0.00000E+00  0.00000E+00  0.00000E+00  0.00000E+00
 OMEGA(5,5)   -1.75459E+02 -1.59397E+02  1.09348E+04 -1.40498E+03 -3.98807E+03  3.36628E+03  0.00000E+00  0.00000E+00 -8.10569E+02  0.00000E+00  0.00000E+00 -2.37754E+03 -9.82361E+02  0.00000E+00  0.00000E+00  0.00000E+00  0.00000E+00  1.74904E+03  0.00000E+00  0.00000E+00  0.00000E+00  0.00000E+00  1.47547E+03 -3.71309E+01
 OMEGA(6,1)    0.00000E+00  0.00000E+00  0.00000E+00  0.00000E+00  0.00000E+00  0.00000E+00  0.00000E+00  0.00000E+00  0.00000E+00  0.00000E+00  0.00000E+00  0.00000E+00  0.00000E+00  0.00000E+00  0.00000E+00  0.00000E+00  0.00000E+00  0.00000E+00  0.00000E+00  0.00000E+00  0.00000E+00  0.00000E+00  0.00000E+00  0.00000E+00
 OMEGA(6,2)    0.00000E+00  0.00000E+00  0.00000E+00  0.00000E+00  0.00000E+00  0.00000E+00  0.00000E+00  0.00000E+00  0.00000E+00  0.00000E+00  0.00000E+00  0.00000E+00  0.00000E+00  0.00000E+00  0.00000E+00  0.00000E+00  0.00000E+00  0.00000E+00  0.00000E+00  0.00000E+00  0.00000E+00  0.00000E+00  0.00000E+00  0.00000E+00
 OMEGA(6,3)    0.00000E+00  0.00000E+00  0.00000E+00  0.00000E+00  0.00000E+00  0.00000E+00  0.00000E+00  0.00000E+00  0.00000E+00  0.00000E+00  0.00000E+00  0.00000E+00  0.00000E+00  0.00000E+00  0.00000E+00  0.00000E+00  0.00000E+00  0.00000E+00  0.00000E+00  0.00000E+00  0.00000E+00  0.00000E+00  0.00000E+00  0.00000E+00
 OMEGA(6,4)    0.00000E+00  0.00000E+00  0.00000E+00  0.00000E+00  0.00000E+00  0.00000E+00  0.00000E+00  0.00000E+00  0.00000E+00  0.00000E+00  0.00000E+00  0.00000E+00  0.00000E+00  0.00000E+00  0.00000E+00  0.00000E+00  0.00000E+00  0.00000E+00  0.00000E+00  0.00000E+00  0.00000E+00  0.00000E+00  0.00000E+00  0.00000E+00
 OMEGA(6,5)   -3.18841E+02 -9.84309E+01  6.78188E+03 -7.12406E+01 -6.57036E+03  4.16079E+03  0.00000E+00  0.00000E+00  1.13142E+03  0.00000E+00  0.00000E+00 -2.20764E+03 -5.22716E+02  0.00000E+00  0.00000E+00  0.00000E+00  0.00000E+00  1.47547E+03  0.00000E+00  0.00000E+00  0.00000E+00  0.00000E+00  3.11488E+03  4.31753E+02
 OMEGA(6,6)   -4.91707E+01 -2.09949E+02  1.53472E+03 -3.80794E+02  1.89644E+03  4.65898E+03  0.00000E+00  0.00000E+00  8.10932E+02  0.00000E+00  0.00000E+00  2.45781E+03 -9.55262E+01  0.00000E+00  0.00000E+00  0.00000E+00  0.00000E+00 -3.71309E+01  0.00000E+00  0.00000E+00  0.00000E+00  0.00000E+00  4.31753E+02  1.52560E+03
