TABLE NO.     1: Iterative Two Stage: Problem=1 Subproblem=0 Superproblem1=0 Iteration1=0 Superproblem2=0 Iteration2=0
 NAME         THETA1       THETA2       SIGMA(1,1)   OMEGA(1,1)   OMEGA(2,1)   OMEGA(2,2)   OMEGA(3,1)   OMEGA(3,2)   OMEGA(3,3)   OMEGA(4,1)   OMEGA(4,2)   OMEGA(4,3)   OMEGA(4,4)   OMEGA(5,1)   OMEGA(5,2)   OMEGA(5,3)   OMEGA(5,4)   OMEGA(5,5)   OMEGA(6,1)   OMEGA(6,2)   OMEGA(6,3)   OMEGA(6,4)   OMEGA(6,5)   OMEGA(6,6)
 THETA1        3.09942E+02  8.31680E+01  3.80990E+03  1.15163E+03 -9.39353E+02 -6.63919E+02  0.00000E+00  0.00000E+00 -6.42536E+02  0.00000E+00  0.00000E+00 -8.69239E+02  1.66976E+02  0.00000E+00  0.00000E+00  0.00000E+00  0.00000E+00 -3.45527E+02  0.00000E+00  0.00000E+00  0.00000E+00  0.00000E+00 -5.89412E+02 -1.13751E+02
 THETA2        8.31680E+01  3.92024E+02  1.65162E+03 -2.28225E+03  4.09157E+03 -2.86384E+03  0.00000E+00  0.00000E+00 -2.13934E+03  0.00000E+00  0.00000E+00 -1.05153E+03 -9.02524E+01  0.00000E+00  0.00000E+00  0.00000E+00  0.00000E+00 -2.66337E+02  0.00000E+00  0.00000E+00  0.00000E+00  0.00000E+00 -3.22986E+02 -4.11621E+02
 SIGMA(1,1)    3.80990E+03  1.65162E+03  1.19311E+07  9.81877E+05  1.11162E+06  9.89133E+05  0.00000E+00  0.00000E+00 -6.07684E+04  0.00000E+00  0.00000E+00  5.92574E+03 -8.88986E+04  0.00000E+00  0.00000E+00  0.00000E+00  0.00000E+00 -7.77305E+03  0.00000E+00  0.00000E+00  0.00000E+00  0.00000E+00 -5.09148E+03 -1.32735E+04
 OMEGA(1,1)    1.15163E+03 -2.28225E+03  9.81877E+05  6.67244E+06 -5.37575E+06  1.28088E+06  0.00000E+00  0.00000E+00 -2.57772E+04  0.00000E+00  0.00000E+00 -9.23370E+03 -2.12545E+04  0.00000E+00  0.00000E+00  0.00000E+00  0.00000E+00  4.09718E+02  0.00000E+00  0.00000E+00  0.00000E+00  0.00000E+00  4.79292E+02  7.42649E+02
 OMEGA(2,1)   -9.39353E+02  4.09157E+03  1.11162E+06 -5.37575E+06  1.36448E+07 -3.66606E+06  0.00000E+00  0.00000E+00 -2.76559E+04  0.00000E+00  0.00000E+00  1.10760E+05 -1.06643E+04  0.00000E+00  0.00000E+00  0.00000E+00  0.00000E+00 -3.49596E+03  0.00000E+00  0.00000E+00  0.00000E+00  0.00000E+00 -3.78984E+03 -3.85895E+03
 OMEGA(2,2)   -6.63919E+02 -2.86384E+03  9.89133E+05  1.28088E+06 -3.66606E+06  4.78465E+06  0.00000E+00  0.00000E+00  2.43776E+04  0.00000E+00  0.00000E+00 -3.14525E+04  9.38440E+03  0.00000E+00  0.00000E+00  0.00000E+00  0.00000E+00  2.49680E+03  0.00000E+00  0.00000E+00  0.00000E+00  0.00000E+00  4.01243E+03  5.82742E+03
 OMEGA(3,1)    0.00000E+00  0.00000E+00  0.00000E+00  0.00000E+00  0.00000E+00  0.00000E+00  0.00000E+00  0.00000E+00  0.00000E+00  0.00000E+00  0.00000E+00  0.00000E+00  0.00000E+00  0.00000E+00  0.00000E+00  0.00000E+00  0.00000E+00  0.00000E+00  0.00000E+00  0.00000E+00  0.00000E+00  0.00000E+00  0.00000E+00  0.00000E+00
 OMEGA(3,2)    0.00000E+00  0.00000E+00  0.00000E+00  0.00000E+00  0.00000E+00  0.00000E+00  0.00000E+00  0.00000E+00  0.00000E+00  0.00000E+00  0.00000E+00  0.00000E+00  0.00000E+00  0.00000E+00  0.00000E+00  0.00000E+00  0.00000E+00  0.00000E+00  0.00000E+00  0.00000E+00  0.00000E+00  0.00000E+00  0.00000E+00  0.00000E+00
 OMEGA(3,3)   -6.42536E+02 -2.13934E+03 -6.07684E+04 -2.57772E+04 -2.76559E+04  2.43776E+04  0.00000E+00  0.00000E+00  3.64434E+05  0.00000E+00  0.00000E+00  3.66805E+04  6.82931E+03  0.00000E+00  0.00000E+00  0.00000E+00  0.00000E+00 -1.20352E+03  0.00000E+00  0.00000E+00  0.00000E+00  0.00000E+00  2.40291E+03  1.99566E+03
 OMEGA(4,1)    0.00000E+00  0.00000E+00  0.00000E+00  0.00000E+00  0.00000E+00  0.00000E+00  0.00000E+00  0.00000E+00  0.00000E+00  0.00000E+00  0.00000E+00  0.00000E+00  0.00000E+00  0.00000E+00  0.00000E+00  0.00000E+00  0.00000E+00  0.00000E+00  0.00000E+00  0.00000E+00  0.00000E+00  0.00000E+00  0.00000E+00  0.00000E+00
 OMEGA(4,2)    0.00000E+00  0.00000E+00  0.00000E+00  0.00000E+00  0.00000E+00  0.00000E+00  0.00000E+00  0.00000E+00  0.00000E+00  0.00000E+00  0.00000E+00  0.00000E+00  0.00000E+00  0.00000E+00  0.00000E+00  0.00000E+00  0.00000E+00  0.00000E+00  0.00000E+00  0.00000E+00  0.00000E+00  0.00000E+00  0.00000E+00  0.00000E+00
 OMEGA(4,3)   -8.69239E+02 -1.05153E+03  5.92574E+03 -9.23370E+03  1.10760E+05 -3.14525E+04  0.00000E+00  0.00000E+00  3.66805E+04  0.00000E+00  0.00000E+00  5.75384E+05  8.53594E+03  0.00000E+00  0.00000E+00  0.00000E+00  0.00000E+00 -3.06411E+03  0.00000E+00  0.00000E+00  0.00000E+00  0.00000E+00 -2.63157E+03  3.84705E+03
 OMEGA(4,4)    1.66976E+02 -9.02524E+01 -8.88986E+04 -2.12545E+04 -1.06643E+04  9.38440E+03  0.00000E+00  0.00000E+00  6.82931E+03  0.00000E+00  0.00000E+00  8.53594E+03  2.70198E+05  0.00000E+00  0.00000E+00  0.00000E+00  0.00000E+00 -1.57844E+03  0.00000E+00  0.00000E+00  0.00000E+00  0.00000E+00 -9.51349E+02 -5.04843E+01
 OMEGA(5,1)    0.00000E+00  0.00000E+00  0.00000E+00  0.00000E+00  0.00000E+00  0.00000E+00  0.00000E+00  0.00000E+00  0.00000E+00  0.00000E+00  0.00000E+00  0.00000E+00  0.00000E+00  0.00000E+00  0.00000E+00  0.00000E+00  0.00000E+00  0.00000E+00  0.00000E+00  0.00000E+00  0.00000E+00  0.00000E+00  0.00000E+00  0.00000E+00
 OMEGA(5,2)    0.00000E+00  0.00000E+00  0.00000E+00  0.00000E+00  0.00000E+00  0.00000E+00  0.00000E+00  0.00000E+00  0.00000E+00  0.00000E+00  0.00000E+00  0.00000E+00  0.00000E+00  0.00000E+00  0.00000E+00  0.00000E+00  0.00000E+00  0.00000E+00  0.00000E+00  0.00000E+00  0.00000E+00  0.00000E+00  0.00000E+00  0.00000E+00
 OMEGA(5,3)    0.00000E+00  0.00000E+00  0.00000E+00  0.00000E+00  0.00000E+00  0.00000E+00  0.00000E+00  0.00000E+00  0.00000E+00  0.00000E+00  0.00000E+00  0.00000E+00  0.00000E+00  0.00000E+00  0.00000E+00  0.00000E+00  0.00000E+00  0.00000E+00  0.00000E+00  0.00000E+00  0.00000E+00  0.00000E+00  0.00000E+00  0.00000E+00
 OMEGA(5,4)    0.00000E+00  0.00000E+00  0.00000E+00  0.00000E+00  0.00000E+00  0.00000E+00  0.00000E+00  0.00000E+00  0.00000E+00  0.00000E+00  0.00000E+00  0.00000E+00  0.00000E+00  0.00000E+00  0.00000E+00  0.00000E+00  0.00000E+00  0.00000E+00  0.00000E+00  0.00000E+00  0.00000E+00  0.00000E+00  0.00000E+00  0.00000E+00
 OMEGA(5,5)   -3.45527E+02 -2.66337E+02 -7.77305E+03  4.09718E+02 -3.49596E+03  2.49680E+03  0.00000E+00  0.00000E+00 -1.20352E+03  0.00000E+00  0.00000E+00 -3.06411E+03 -1.57844E+03  0.00000E+00  0.00000E+00  0.00000E+00  0.00000E+00  2.82972E+03  0.00000E+00  0.00000E+00  0.00000E+00  0.00000E+00  2.76698E+03  1.46880E+02
 OMEGA(6,1)    0.00000E+00  0.00000E+00  0.00000E+00  0.00000E+00  0.00000E+00  0.00000E+00  0.00000E+00  0.00000E+00  0.00000E+00  0.00000E+00  0.00000E+00  0.00000E+00  0.00000E+00  0.00000E+00  0.00000E+00  0.00000E+00  0.00000E+00  0.00000E+00  0.00000E+00  0.00000E+00  0.00000E+00  0.00000E+00  0.00000E+00  0.00000E+00
 OMEGA(6,2)    0.00000E+00  0.00000E+00  0.00000E+00  0.00000E+00  0.00000E+00  0.00000E+00  0.00000E+00  0.00000E+00  0.00000E+00  0.00000E+00  0.00000E+00  0.00000E+00  0.00000E+00  0.00000E+00  0.00000E+00  0.00000E+00  0.00000E+00  0.00000E+00  0.00000E+00  0.00000E+00  0.00000E+00  0.00000E+00  0.00000E+00  0.00000E+00
 OMEGA(6,3)    0.00000E+00  0.00000E+00  0.00000E+00  0.00000E+00  0.00000E+00  0.00000E+00  0.00000E+00  0.00000E+00  0.00000E+00  0.00000E+00  0.00000E+00  0.00000E+00  0.00000E+00  0.00000E+00  0.00000E+00  0.00000E+00  0.00000E+00  0.00000E+00  0.00000E+00  0.00000E+00  0.00000E+00  0.00000E+00  0.00000E+00  0.00000E+00
 OMEGA(6,4)    0.00000E+00  0.00000E+00  0.00000E+00  0.00000E+00  0.00000E+00  0.00000E+00  0.00000E+00  0.00000E+00  0.00000E+00  0.00000E+00  0.00000E+00  0.00000E+00  0.00000E+00  0.00000E+00  0.00000E+00  0.00000E+00  0.00000E+00  0.00000E+00  0.00000E+00  0.00000E+00  0.00000E+00  0.00000E+00  0.00000E+00  0.00000E+00
 OMEGA(6,5)   -5.89412E+02 -3.22986E+02 -5.09148E+03  4.79292E+02 -3.78984E+03  4.01243E+03  0.00000E+00  0.00000E+00  2.40291E+03  0.00000E+00  0.00000E+00 -2.63157E+03 -9.51349E+02  0.00000E+00  0.00000E+00  0.00000E+00  0.00000E+00  2.76698E+03  0.00000E+00  0.00000E+00  0.00000E+00  0.00000E+00  5.50102E+03  1.11653E+03
 OMEGA(6,6)   -1.13751E+02 -4.11621E+02 -1.32735E+04  7.42649E+02 -3.85895E+03  5.82742E+03  0.00000E+00  0.00000E+00  1.99566E+03  0.00000E+00  0.00000E+00  3.84705E+03 -5.04843E+01  0.00000E+00  0.00000E+00  0.00000E+00  0.00000E+00  1.46880E+02  0.00000E+00  0.00000E+00  0.00000E+00  0.00000E+00  1.11653E+03  2.60587E+03
TABLE NO.     2: Importance Sampling: Problem=1 Subproblem=0 Superproblem1=0 Iteration1=0 Superproblem2=0 Iteration2=0
 NAME         THETA1       THETA2       SIGMA(1,1)   OMEGA(1,1)   OMEGA(2,1)   OMEGA(2,2)   OMEGA(3,1)   OMEGA(3,2)   OMEGA(3,3)   OMEGA(4,1)   OMEGA(4,2)   OMEGA(4,3)   OMEGA(4,4)   OMEGA(5,1)   OMEGA(5,2)   OMEGA(5,3)   OMEGA(5,4)   OMEGA(5,5)   OMEGA(6,1)   OMEGA(6,2)   OMEGA(6,3)   OMEGA(6,4)   OMEGA(6,5)   OMEGA(6,6)
 THETA1        2.46684E+02  5.52784E+01 -1.73430E+03  5.28286E+02  5.48808E+02 -2.54993E+03  0.00000E+00  0.00000E+00 -5.61024E+02  0.00000E+00  0.00000E+00 -3.36728E+02  1.07193E+02  0.00000E+00  0.00000E+00  0.00000E+00  0.00000E+00 -1.71919E+02  0.00000E+00  0.00000E+00  0.00000E+00  0.00000E+00 -3.11743E+02 -5.34704E+01
 THETA2        5.52784E+01  3.10507E+02 -2.30485E+03 -1.25229E+03  6.57215E+02 -1.85254E+03  0.00000E+00  0.00000E+00 -1.37701E+03  0.00000E+00  0.00000E+00 -9.57796E+02 -4.06812E+01  0.00000E+00  0.00000E+00  0.00000E+00  0.00000E+00 -1.55881E+02  0.00000E+00  0.00000E+00  0.00000E+00  0.00000E+00 -1.07626E+02 -2.11737E+02
 SIGMA(1,1)   -1.73430E+03 -2.30485E+03  6.39410E+07  1.99137E+06  9.35021E+05  2.15287E+06  0.00000E+00  0.00000E+00 -3.82195E+04  0.00000E+00  0.00000E+00 -1.16163E+04  5.88142E+03  0.00000E+00  0.00000E+00  0.00000E+00  0.00000E+00  9.81822E+03  0.00000E+00  0.00000E+00  0.00000E+00  0.00000E+00  5.60611E+03  1.50136E+03
 OMEGA(1,1)    5.28286E+02 -1.25229E+03  1.99137E+06  1.05559E+07 -1.22129E+06  1.18350E+05  0.00000E+00  0.00000E+00 -3.54507E+04  0.00000E+00  0.00000E+00  1.42099E+04 -2.07554E+04  0.00000E+00  0.00000E+00  0.00000E+00  0.00000E+00 -3.04169E+02  0.00000E+00  0.00000E+00  0.00000E+00  0.00000E+00  3.80923E+02  1.32005E+03
 OMEGA(2,1)    5.48808E+02  6.57215E+02  9.35021E+05 -1.22129E+06  1.87204E+07 -7.81166E+05  0.00000E+00  0.00000E+00 -9.99935E+03  0.00000E+00  0.00000E+00  1.20002E+05 -1.06248E+04  0.00000E+00  0.00000E+00  0.00000E+00  0.00000E+00 -3.65536E+03  0.00000E+00  0.00000E+00  0.00000E+00  0.00000E+00 -6.27552E+03  2.09976E+03
 OMEGA(2,2)   -2.54993E+03 -1.85254E+03  2.15287E+06  1.18350E+05 -7.81166E+05  8.61650E+06  0.00000E+00  0.00000E+00  1.86285E+04  0.00000E+00  0.00000E+00 -2.30345E+04  1.05304E+04  0.00000E+00  0.00000E+00  0.00000E+00  0.00000E+00  4.55659E+03  0.00000E+00  0.00000E+00  0.00000E+00  0.00000E+00  4.80356E+03  6.41511E+03
 OMEGA(3,1)    0.00000E+00  0.00000E+00  0.00000E+00  0.00000E+00  0.00000E+00  0.00000E+00  0.00000E+00  0.00000E+00  0.00000E+00  0.00000E+00  0.00000E+00  0.00000E+00  0.00000E+00  0.00000E+00  0.00000E+00  0.00000E+00  0.00000E+00  0.00000E+00  0.00000E+00  0.00000E+00  0.00000E+00  0.00000E+00  0.00000E+00  0.00000E+00
 OMEGA(3,2)    0.00000E+00  0.00000E+00  0.00000E+00  0.00000E+00  0.00000E+00  0.00000E+00  0.00000E+00  0.00000E+00  0.00000E+00  0.00000E+00  0.00000E+00  0.00000E+00  0.00000E+00  0.00000E+00  0.00000E+00  0.00000E+00  0.00000E+00  0.00000E+00  0.00000E+00  0.00000E+00  0.00000E+00  0.00000E+00  0.00000E+00  0.00000E+00
 OMEGA(3,3)   -5.61024E+02 -1.37701E+03 -3.82195E+04 -3.54507E+04 -9.99935E+03  1.86285E+04  0.00000E+00  0.00000E+00  2.33050E+05  0.00000E+00  0.00000E+00  2.53865E+04  4.06162E+03  0.00000E+00  0.00000E+00  0.00000E+00  0.00000E+00 -6.39368E+02  0.00000E+00  0.00000E+00  0.00000E+00  0.00000E+00  1.16867E+03  1.02501E+03
 OMEGA(4,1)    0.00000E+00  0.00000E+00  0.00000E+00  0.00000E+00  0.00000E+00  0.00000E+00  0.00000E+00  0.00000E+00  0.00000E+00  0.00000E+00  0.00000E+00  0.00000E+00  0.00000E+00  0.00000E+00  0.00000E+00  0.00000E+00  0.00000E+00  0.00000E+00  0.00000E+00  0.00000E+00  0.00000E+00  0.00000E+00  0.00000E+00  0.00000E+00
 OMEGA(4,2)    0.00000E+00  0.00000E+00  0.00000E+00  0.00000E+00  0.00000E+00  0.00000E+00  0.00000E+00  0.00000E+00  0.00000E+00  0.00000E+00  0.00000E+00  0.00000E+00  0.00000E+00  0.00000E+00  0.00000E+00  0.00000E+00  0.00000E+00  0.00000E+00  0.00000E+00  0.00000E+00  0.00000E+00  0.00000E+00  0.00000E+00  0.00000E+00
 OMEGA(4,3)   -3.36728E+02 -9.57796E+02 -1.16163E+04  1.42099E+04  1.20002E+05 -2.30345E+04  0.00000E+00  0.00000E+00  2.53865E+04  0.00000E+00  0.00000E+00  3.68653E+05  1.57614E+03  0.00000E+00  0.00000E+00  0.00000E+00  0.00000E+00 -2.28808E+03  0.00000E+00  0.00000E+00  0.00000E+00  0.00000E+00 -2.09905E+03  2.44507E+03
 OMEGA(4,4)    1.07193E+02 -4.06812E+01  5.88142E+03 -2.07554E+04 -1.06248E+04  1.05304E+04  0.00000E+00  0.00000E+00  4.06162E+03  0.00000E+00  0.00000E+00  1.57614E+03  1.67692E+05  0.00000E+00  0.00000E+00  0.00000E+00  0.00000E+00 -8.46898E+02  0.00000E+00  0.00000E+00  0.00000E+00  0.00000E+00 -4.92388E+02  1.06648E+02
 OMEGA(5,1)    0.00000E+00  0.00000E+00  0.00000E+00  0.00000E+00  0.00000E+00  0.00000E+00  0.00000E+00  0.00000E+00  0.00000E+00  0.00000E+00  0.00000E+00  0.00000E+00  0.00000E+00  0.00000E+00  0.00000E+00  0.00000E+00  0.00000E+00  0.00000E+00  0.00000E+00  0.00000E+00  0.00000E+00  0.00000E+00  0.00000E+00  0.00000E+00
 OMEGA(5,2)    0.00000E+00  0.00000E+00  0.00000E+00  0.00000E+00  0.00000E+00  0.00000E+00  0.00000E+00  0.00000E+00  0.00000E+00  0.00000E+00  0.00000E+00  0.00000E+00  0.00000E+00  0.00000E+00  0.00000E+00  0.00000E+00  0.00000E+00  0.00000E+00  0.00000E+00  0.00000E+00  0.00000E+00  0.00000E+00  0.00000E+00  0.00000E+00
 OMEGA(5,3)    0.00000E+00  0.00000E+00  0.00000E+00  0.00000E+00  0.00000E+00  0.00000E+00  0.00000E+00  0.00000E+00  0.00000E+00  0.00000E+00  0.00000E+00  0.00000E+00  0.00000E+00  0.00000E+00  0.00000E+00  0.00000E+00  0.00000E+00  0.00000E+00  0.00000E+00  0.00000E+00  0.00000E+00  0.00000E+00  0.00000E+00  0.00000E+00
 OMEGA(5,4)    0.00000E+00  0.00000E+00  0.00000E+00  0.00000E+00  0.00000E+00  0.00000E+00  0.00000E+00  0.00000E+00  0.00000E+00  0.00000E+00  0.00000E+00  0.00000E+00  0.00000E+00  0.00000E+00  0.00000E+00  0.00000E+00  0.00000E+00  0.00000E+00  0.00000E+00  0.00000E+00  0.00000E+00  0.00000E+00  0.00000E+00  0.00000E+00
 OMEGA(5,5)   -1.71919E+02 -1.55881E+02  9.81822E+03 -3.04169E+02 -3.65536E+03  4.55659E+03  0.00000E+00  0.00000E+00 -6.39368E+02  0.00000E+00  0.00000E+00 -2.28808E+03 -8.46898E+02  0.00000E+00  0.00000E+00  0.00000E+00  0.00000E+00  1.76136E+03  0.00000E+00  0.00000E+00  0.00000E+00  0.00000E+00  1.50307E+03  1.46259E+01
 OMEGA(6,1)    0.00000E+00  0.00000E+00  0.00000E+00  0.00000E+00  0.00000E+00  0.00000E+00  0.00000E+00  0.00000E+00  0.00000E+00  0.00000E+00  0.00000E+00  0.00000E+00  0.00000E+00  0.00000E+00  0.00000E+00  0.00000E+00  0.00000E+00  0.00000E+00  0.00000E+00  0.00000E+00  0.00000E+00  0.00000E+00  0.00000E+00  0.00000E+00
 OMEGA(6,2)    0.00000E+00  0.00000E+00  0.00000E+00  0.00000E+00  0.00000E+00  0.00000E+00  0.00000E+00  0.00000E+00  0.00000E+00  0.00000E+00  0.00000E+00  0.00000E+00  0.00000E+00  0.00000E+00  0.00000E+00  0.00000E+00  0.00000E+00  0.00000E+00  0.00000E+00  0.00000E+00  0.00000E+00  0.00000E+00  0.00000E+00  0.00000E+00
 OMEGA(6,3)    0.00000E+00  0.00000E+00  0.00000E+00  0.00000E+00  0.00000E+00  0.00000E+00  0.00000E+00  0.00000E+00  0.00000E+00  0.00000E+00  0.00000E+00  0.00000E+00  0.00000E+00  0.00000E+00  0.00000E+00  0.00000E+00  0.00000E+00  0.00000E+00  0.00000E+00  0.00000E+00  0.00000E+00  0.00000E+00  0.00000E+00  0.00000E+00
 OMEGA(6,4)    0.00000E+00  0.00000E+00  0.00000E+00  0.00000E+00  0.00000E+00  0.00000E+00  0.00000E+00  0.00000E+00  0.00000E+00  0.00000E+00  0.00000E+00  0.00000E+00  0.00000E+00  0.00000E+00  0.00000E+00  0.00000E+00  0.00000E+00  0.00000E+00  0.00000E+00  0.00000E+00  0.00000E+00  0.00000E+00  0.00000E+00  0.00000E+00
 OMEGA(6,5)   -3.11743E+02 -1.07626E+02  5.60611E+03  3.80923E+02 -6.27552E+03  4.80356E+03  0.00000E+00  0.00000E+00  1.16867E+03  0.00000E+00  0.00000E+00 -2.09905E+03 -4.92388E+02  0.00000E+00  0.00000E+00  0.00000E+00  0.00000E+00  1.50307E+03  0.00000E+00  0.00000E+00  0.00000E+00  0.00000E+00  3.24529E+03  5.05683E+02
 OMEGA(6,6)   -5.34704E+01 -2.11737E+02  1.50136E+03  1.32005E+03  2.09976E+03  6.41511E+03  0.00000E+00  0.00000E+00  1.02501E+03  0.00000E+00  0.00000E+00  2.44507E+03  1.06648E+02  0.00000E+00  0.00000E+00  0.00000E+00  0.00000E+00  1.46259E+01  0.00000E+00  0.00000E+00  0.00000E+00  0.00000E+00  5.05683E+02  1.65097E+03
