TABLE NO.     1: Iterative Two Stage (No Prior): Problem=1 Subproblem=0 Superproblem1=0 Iteration1=0 Superproblem2=0 Iteration2=0
 NAME         THETA1       THETA2       THETA3       SIGMA(1,1)   OMEGA(1,1)   OMEGA(2,1)   OMEGA(2,2)   OMEGA(3,1)   OMEGA(3,2)   OMEGA(3,3)   OMEGA(4,1)   OMEGA(4,2)   OMEGA(4,3)   OMEGA(4,4)   OMEGA(5,1)   OMEGA(5,2)   OMEGA(5,3)   OMEGA(5,4)   OMEGA(5,5)   OMEGA(6,1)   OMEGA(6,2)   OMEGA(6,3)   OMEGA(6,4)   OMEGA(6,5)   OMEGA(6,6)
 THETA1        3.22717E+04 -2.34795E+03 -4.26582E+03 -4.74780E+04  1.86373E+04 -9.34851E+03  4.83784E+03 -4.98619E+04 -1.15510E+03  1.07250E+03  0.00000E+00  0.00000E+00  0.00000E+00 -1.21308E+02  0.00000E+00  0.00000E+00  0.00000E+00  1.78267E+02 -1.87680E+02  0.00000E+00  0.00000E+00  0.00000E+00 -5.94681E+02 -6.03092E+02  1.86598E+02
 THETA2       -2.34795E+03  7.75808E+04 -8.41018E+03 -1.65918E+04 -9.19232E+03  1.01492E+04 -8.52681E+04 -7.09751E+02  5.08421E+04 -2.29642E+04  0.00000E+00  0.00000E+00  0.00000E+00  6.33118E+01  0.00000E+00  0.00000E+00  0.00000E+00 -4.02587E+02 -5.78372E+01  0.00000E+00  0.00000E+00  0.00000E+00 -5.64483E+02  2.54912E+01  1.74476E+02
 THETA3       -4.26582E+03 -8.41018E+03  7.74878E+04 -9.15261E+04 -1.96635E+04 -1.39991E+03  2.50144E+04  1.87571E+03 -4.60623E+04  6.69491E+03  0.00000E+00  0.00000E+00  0.00000E+00  7.12053E+01  0.00000E+00  0.00000E+00  0.00000E+00 -4.82130E+02 -6.97376E+01  0.00000E+00  0.00000E+00  0.00000E+00 -6.19348E+02  3.73925E+01  1.95017E+02
 SIGMA(1,1)   -4.74780E+04 -1.65918E+04 -9.15261E+04  3.31046E+08  1.00072E+06 -9.35680E+04  1.46892E+06  1.34805E+06  2.18200E+06  1.77892E+06  0.00000E+00  0.00000E+00  0.00000E+00 -2.53341E+04  0.00000E+00  0.00000E+00  0.00000E+00 -4.60904E+04 -7.08151E+04  0.00000E+00  0.00000E+00  0.00000E+00 -1.35534E+05 -1.09338E+04  7.37110E+04
 OMEGA(1,1)    1.86373E+04 -9.19232E+03 -1.96635E+04  1.00072E+06  1.24770E+06 -1.13415E+05  8.24997E+03 -1.66724E+05 -8.69648E+03 -1.16259E+05  0.00000E+00  0.00000E+00  0.00000E+00  1.33777E+04  0.00000E+00  0.00000E+00  0.00000E+00 -1.13693E+04 -1.56259E+03  0.00000E+00  0.00000E+00  0.00000E+00 -7.40089E+03  7.01242E+03  8.74309E+02
 OMEGA(2,1)   -9.34851E+03  1.01492E+04 -1.39991E+03 -9.35680E+04 -1.13415E+05  3.54735E+06 -1.48351E+05 -3.70196E+05 -5.11363E+05 -1.95820E+03  0.00000E+00  0.00000E+00  0.00000E+00 -3.83831E+03  0.00000E+00  0.00000E+00  0.00000E+00  3.11783E+03  1.79804E+02  0.00000E+00  0.00000E+00  0.00000E+00 -1.37370E+04  2.65394E+03  1.04902E+04
 OMEGA(2,2)    4.83784E+03 -8.52681E+04  2.50144E+04  1.46892E+06  8.24997E+03 -1.48351E+05  3.94740E+06 -1.08481E+04 -1.07908E+06 -8.77548E+04  0.00000E+00  0.00000E+00  0.00000E+00  4.00529E+03  0.00000E+00  0.00000E+00  0.00000E+00  3.82579E+03 -6.67706E+02  0.00000E+00  0.00000E+00  0.00000E+00 -1.14937E+04 -1.53451E+04 -1.23850E+03
 OMEGA(3,1)   -4.98619E+04 -7.09751E+02  1.87571E+03  1.34805E+06 -1.66724E+05 -3.70196E+05 -1.08481E+04  2.37607E+06 -2.55732E+05 -5.31376E+05  0.00000E+00  0.00000E+00  0.00000E+00 -7.72663E+03  0.00000E+00  0.00000E+00  0.00000E+00 -8.75269E+03  9.77735E+03  0.00000E+00  0.00000E+00  0.00000E+00 -5.23670E+03  1.33978E+04  7.03468E+03
 OMEGA(3,2)   -1.15510E+03  5.08421E+04 -4.60623E+04  2.18200E+06 -8.69648E+03 -5.11363E+05 -1.07908E+06 -2.55732E+05  7.38276E+06 -5.15811E+05  0.00000E+00  0.00000E+00  0.00000E+00  1.09530E+04  0.00000E+00  0.00000E+00  0.00000E+00 -9.48463E+03 -7.78785E+03  0.00000E+00  0.00000E+00  0.00000E+00  4.03063E+03  1.87671E+04  1.04953E+03
 OMEGA(3,3)    1.07250E+03 -2.29642E+04  6.69491E+03  1.77892E+06 -1.16259E+05 -1.95820E+03 -8.77548E+04 -5.31376E+05 -5.15811E+05  3.85804E+06  0.00000E+00  0.00000E+00  0.00000E+00 -5.90931E+03  0.00000E+00  0.00000E+00  0.00000E+00 -1.44203E+04 -3.98807E+03  0.00000E+00  0.00000E+00  0.00000E+00  1.41508E+04  1.21664E+04 -2.58883E+03
 OMEGA(4,1)    0.00000E+00  0.00000E+00  0.00000E+00  0.00000E+00  0.00000E+00  0.00000E+00  0.00000E+00  0.00000E+00  0.00000E+00  0.00000E+00  0.00000E+00  0.00000E+00  0.00000E+00  0.00000E+00  0.00000E+00  0.00000E+00  0.00000E+00  0.00000E+00  0.00000E+00  0.00000E+00  0.00000E+00  0.00000E+00  0.00000E+00  0.00000E+00  0.00000E+00
 OMEGA(4,2)    0.00000E+00  0.00000E+00  0.00000E+00  0.00000E+00  0.00000E+00  0.00000E+00  0.00000E+00  0.00000E+00  0.00000E+00  0.00000E+00  0.00000E+00  0.00000E+00  0.00000E+00  0.00000E+00  0.00000E+00  0.00000E+00  0.00000E+00  0.00000E+00  0.00000E+00  0.00000E+00  0.00000E+00  0.00000E+00  0.00000E+00  0.00000E+00  0.00000E+00
 OMEGA(4,3)    0.00000E+00  0.00000E+00  0.00000E+00  0.00000E+00  0.00000E+00  0.00000E+00  0.00000E+00  0.00000E+00  0.00000E+00  0.00000E+00  0.00000E+00  0.00000E+00  0.00000E+00  0.00000E+00  0.00000E+00  0.00000E+00  0.00000E+00  0.00000E+00  0.00000E+00  0.00000E+00  0.00000E+00  0.00000E+00  0.00000E+00  0.00000E+00  0.00000E+00
 OMEGA(4,4)   -1.21308E+02  6.33118E+01  7.12053E+01 -2.53341E+04  1.33777E+04 -3.83831E+03  4.00529E+03 -7.72663E+03  1.09530E+04 -5.90931E+03  0.00000E+00  0.00000E+00  0.00000E+00  1.74264E+04  0.00000E+00  0.00000E+00  0.00000E+00 -2.66223E+03 -1.76766E+03  0.00000E+00  0.00000E+00  0.00000E+00 -1.43134E+04 -1.56292E+02  3.29768E+03
 OMEGA(5,1)    0.00000E+00  0.00000E+00  0.00000E+00  0.00000E+00  0.00000E+00  0.00000E+00  0.00000E+00  0.00000E+00  0.00000E+00  0.00000E+00  0.00000E+00  0.00000E+00  0.00000E+00  0.00000E+00  0.00000E+00  0.00000E+00  0.00000E+00  0.00000E+00  0.00000E+00  0.00000E+00  0.00000E+00  0.00000E+00  0.00000E+00  0.00000E+00  0.00000E+00
 OMEGA(5,2)    0.00000E+00  0.00000E+00  0.00000E+00  0.00000E+00  0.00000E+00  0.00000E+00  0.00000E+00  0.00000E+00  0.00000E+00  0.00000E+00  0.00000E+00  0.00000E+00  0.00000E+00  0.00000E+00  0.00000E+00  0.00000E+00  0.00000E+00  0.00000E+00  0.00000E+00  0.00000E+00  0.00000E+00  0.00000E+00  0.00000E+00  0.00000E+00  0.00000E+00
 OMEGA(5,3)    0.00000E+00  0.00000E+00  0.00000E+00  0.00000E+00  0.00000E+00  0.00000E+00  0.00000E+00  0.00000E+00  0.00000E+00  0.00000E+00  0.00000E+00  0.00000E+00  0.00000E+00  0.00000E+00  0.00000E+00  0.00000E+00  0.00000E+00  0.00000E+00  0.00000E+00  0.00000E+00  0.00000E+00  0.00000E+00  0.00000E+00  0.00000E+00  0.00000E+00
 OMEGA(5,4)    1.78267E+02 -4.02587E+02 -4.82130E+02 -4.60904E+04 -1.13693E+04  3.11783E+03  3.82579E+03 -8.75269E+03 -9.48463E+03 -1.44203E+04  0.00000E+00  0.00000E+00  0.00000E+00 -2.66223E+03  0.00000E+00  0.00000E+00  0.00000E+00  3.01784E+04  4.05360E+03  0.00000E+00  0.00000E+00  0.00000E+00  4.17707E+03 -1.98170E+04 -3.15254E+03
 OMEGA(5,5)   -1.87680E+02 -5.78372E+01 -6.97376E+01 -7.08151E+04 -1.56259E+03  1.79804E+02 -6.67706E+02  9.77735E+03 -7.78785E+03 -3.98807E+03  0.00000E+00  0.00000E+00  0.00000E+00 -1.76766E+03  0.00000E+00  0.00000E+00  0.00000E+00  4.05360E+03  6.51151E+03  0.00000E+00  0.00000E+00  0.00000E+00 -1.63579E+02  1.91365E+03  1.19711E+03
 OMEGA(6,1)    0.00000E+00  0.00000E+00  0.00000E+00  0.00000E+00  0.00000E+00  0.00000E+00  0.00000E+00  0.00000E+00  0.00000E+00  0.00000E+00  0.00000E+00  0.00000E+00  0.00000E+00  0.00000E+00  0.00000E+00  0.00000E+00  0.00000E+00  0.00000E+00  0.00000E+00  0.00000E+00  0.00000E+00  0.00000E+00  0.00000E+00  0.00000E+00  0.00000E+00
 OMEGA(6,2)    0.00000E+00  0.00000E+00  0.00000E+00  0.00000E+00  0.00000E+00  0.00000E+00  0.00000E+00  0.00000E+00  0.00000E+00  0.00000E+00  0.00000E+00  0.00000E+00  0.00000E+00  0.00000E+00  0.00000E+00  0.00000E+00  0.00000E+00  0.00000E+00  0.00000E+00  0.00000E+00  0.00000E+00  0.00000E+00  0.00000E+00  0.00000E+00  0.00000E+00
 OMEGA(6,3)    0.00000E+00  0.00000E+00  0.00000E+00  0.00000E+00  0.00000E+00  0.00000E+00  0.00000E+00  0.00000E+00  0.00000E+00  0.00000E+00  0.00000E+00  0.00000E+00  0.00000E+00  0.00000E+00  0.00000E+00  0.00000E+00  0.00000E+00  0.00000E+00  0.00000E+00  0.00000E+00  0.00000E+00  0.00000E+00  0.00000E+00  0.00000E+00  0.00000E+00
 OMEGA(6,4)   -5.94681E+02 -5.64483E+02 -6.19348E+02 -1.35534E+05 -7.40089E+03 -1.37370E+04 -1.14937E+04 -5.23670E+03  4.03063E+03  1.41508E+04  0.00000E+00  0.00000E+00  0.00000E+00 -1.43134E+04  0.00000E+00  0.00000E+00  0.00000E+00  4.17707E+03 -1.63579E+02  0.00000E+00  0.00000E+00  0.00000E+00  3.19545E+04 -2.29513E+03 -1.32803E+04
 OMEGA(6,5)   -6.03092E+02  2.54912E+01  3.73925E+01 -1.09338E+04  7.01242E+03  2.65394E+03 -1.53451E+04  1.33978E+04  1.87671E+04  1.21664E+04  0.00000E+00  0.00000E+00  0.00000E+00 -1.56292E+02  0.00000E+00  0.00000E+00  0.00000E+00 -1.98170E+04  1.91365E+03  0.00000E+00  0.00000E+00  0.00000E+00 -2.29513E+03  2.71216E+04  5.53041E+03
 OMEGA(6,6)    1.86598E+02  1.74476E+02  1.95017E+02  7.37110E+04  8.74309E+02  1.04902E+04 -1.23850E+03  7.03468E+03  1.04953E+03 -2.58883E+03  0.00000E+00  0.00000E+00  0.00000E+00  3.29768E+03  0.00000E+00  0.00000E+00  0.00000E+00 -3.15254E+03  1.19711E+03  0.00000E+00  0.00000E+00  0.00000E+00 -1.32803E+04  5.53041E+03  8.19981E+03
TABLE NO.     2: Importance Sampling (No Prior): Problem=1 Subproblem=0 Superproblem1=0 Iteration1=0 Superproblem2=0 Iteration2=0
 NAME         THETA1       THETA2       THETA3       SIGMA(1,1)   OMEGA(1,1)   OMEGA(2,1)   OMEGA(2,2)   OMEGA(3,1)   OMEGA(3,2)   OMEGA(3,3)   OMEGA(4,1)   OMEGA(4,2)   OMEGA(4,3)   OMEGA(4,4)   OMEGA(5,1)   OMEGA(5,2)   OMEGA(5,3)   OMEGA(5,4)   OMEGA(5,5)   OMEGA(6,1)   OMEGA(6,2)   OMEGA(6,3)   OMEGA(6,4)   OMEGA(6,5)   OMEGA(6,6)
 THETA1        3.28862E+04 -2.38310E+03 -4.33258E+03  4.91349E+02  2.24196E+02  6.48033E+03 -5.48806E+02 -8.76669E+03  7.98119E+00  4.92166E+02  0.00000E+00  0.00000E+00  0.00000E+00  1.57101E+02  0.00000E+00  0.00000E+00  0.00000E+00  3.50619E+02  8.40869E+01  0.00000E+00  0.00000E+00  0.00000E+00 -8.98556E+02 -7.15310E+02  3.50420E+02
 THETA2       -2.38310E+03  7.91717E+04 -8.53618E+03 -5.14222E+04 -2.79674E+02  1.24378E+03 -1.99522E+03  3.21338E+02  1.00978E+03 -7.12453E+01  0.00000E+00  0.00000E+00  0.00000E+00  9.59401E+01  0.00000E+00  0.00000E+00  0.00000E+00 -3.27911E+02 -6.14895E+00  0.00000E+00  0.00000E+00  0.00000E+00 -5.84220E+02 -2.47727E+01  1.88413E+02
 THETA3       -4.33258E+03 -8.53618E+03  7.90118E+04 -5.84653E+04 -6.15172E+02 -5.94870E+02 -1.05368E+01  2.31789E+03 -8.63940E+01  5.64130E-01  0.00000E+00  0.00000E+00  0.00000E+00  8.62072E+01  0.00000E+00  0.00000E+00  0.00000E+00 -4.09978E+02 -2.65745E+01  0.00000E+00  0.00000E+00  0.00000E+00 -6.21245E+02 -1.71567E+01  2.00744E+02
 SIGMA(1,1)    4.91349E+02 -5.14222E+04 -5.84653E+04  3.33577E+08  8.78292E+05  5.60530E+05  4.64534E+05  4.21072E+05  9.04959E+05  5.41815E+05  0.00000E+00  0.00000E+00  0.00000E+00 -1.35243E+04  0.00000E+00  0.00000E+00  0.00000E+00 -5.68434E+04 -6.69316E+04  0.00000E+00  0.00000E+00  0.00000E+00 -1.53552E+05 -1.03506E+04  8.08273E+04
 OMEGA(1,1)    2.24196E+02 -2.79674E+02 -6.15172E+02  8.78292E+05  1.46077E+06 -1.88175E+05  5.12937E+04 -3.82887E+05  1.88868E+04  6.64739E+04  0.00000E+00  0.00000E+00  0.00000E+00  1.91120E+04  0.00000E+00  0.00000E+00  0.00000E+00 -9.84419E+03  2.99846E+03  0.00000E+00  0.00000E+00  0.00000E+00 -1.30354E+04  7.48378E+03  4.38048E+03
 OMEGA(2,1)    6.48033E+03  1.24378E+03 -5.94870E+02  5.60530E+05 -1.88175E+05  3.71668E+06 -2.40902E+05 -3.13308E+05 -4.62189E+05  4.33959E+04  0.00000E+00  0.00000E+00  0.00000E+00 -4.56643E+03  0.00000E+00  0.00000E+00  0.00000E+00  1.97780E+03  4.91822E+02  0.00000E+00  0.00000E+00  0.00000E+00 -1.36300E+04  3.86151E+03  1.07481E+04
 OMEGA(2,2)   -5.48806E+02 -1.99522E+03 -1.05368E+01  4.64534E+05  5.12937E+04 -2.40902E+05  4.05069E+06  1.47588E+04 -8.68691E+05  9.49614E+04  0.00000E+00  0.00000E+00  0.00000E+00  1.11923E+04  0.00000E+00  0.00000E+00  0.00000E+00  5.04249E+03  4.11302E+03  0.00000E+00  0.00000E+00  0.00000E+00 -1.89406E+04 -1.50332E+04  3.09698E+03
 OMEGA(3,1)   -8.76669E+03  3.21338E+02  2.31789E+03  4.21072E+05 -3.82887E+05 -3.13308E+05  1.47588E+04  3.06349E+06 -1.44907E+05 -3.91554E+05  0.00000E+00  0.00000E+00  0.00000E+00 -6.98877E+03  0.00000E+00  0.00000E+00  0.00000E+00 -9.45950E+03  9.06705E+03  0.00000E+00  0.00000E+00  0.00000E+00 -4.90182E+03  1.42503E+04  6.54919E+03
 OMEGA(3,2)    7.98119E+00  1.00978E+03 -8.63940E+01  9.04959E+05  1.88868E+04 -4.62189E+05 -8.68691E+05 -1.44907E+05  8.09354E+06 -8.72874E+05  0.00000E+00  0.00000E+00  0.00000E+00  9.77705E+03  0.00000E+00  0.00000E+00  0.00000E+00 -9.59963E+03 -8.25751E+03  0.00000E+00  0.00000E+00  0.00000E+00  4.92757E+03  1.87573E+04  6.46485E+02
 OMEGA(3,3)    4.92166E+02 -7.12453E+01  5.64130E-01  5.41815E+05  6.64739E+04  4.33959E+04  9.49614E+04 -3.91554E+05 -8.72874E+05  4.02608E+06  0.00000E+00  0.00000E+00  0.00000E+00  1.25639E+03  0.00000E+00  0.00000E+00  0.00000E+00 -1.26920E+04  1.24317E+03  0.00000E+00  0.00000E+00  0.00000E+00  6.54690E+03  1.26476E+04  1.93553E+03
 OMEGA(4,1)    0.00000E+00  0.00000E+00  0.00000E+00  0.00000E+00  0.00000E+00  0.00000E+00  0.00000E+00  0.00000E+00  0.00000E+00  0.00000E+00  0.00000E+00  0.00000E+00  0.00000E+00  0.00000E+00  0.00000E+00  0.00000E+00  0.00000E+00  0.00000E+00  0.00000E+00  0.00000E+00  0.00000E+00  0.00000E+00  0.00000E+00  0.00000E+00  0.00000E+00
 OMEGA(4,2)    0.00000E+00  0.00000E+00  0.00000E+00  0.00000E+00  0.00000E+00  0.00000E+00  0.00000E+00  0.00000E+00  0.00000E+00  0.00000E+00  0.00000E+00  0.00000E+00  0.00000E+00  0.00000E+00  0.00000E+00  0.00000E+00  0.00000E+00  0.00000E+00  0.00000E+00  0.00000E+00  0.00000E+00  0.00000E+00  0.00000E+00  0.00000E+00  0.00000E+00
 OMEGA(4,3)    0.00000E+00  0.00000E+00  0.00000E+00  0.00000E+00  0.00000E+00  0.00000E+00  0.00000E+00  0.00000E+00  0.00000E+00  0.00000E+00  0.00000E+00  0.00000E+00  0.00000E+00  0.00000E+00  0.00000E+00  0.00000E+00  0.00000E+00  0.00000E+00  0.00000E+00  0.00000E+00  0.00000E+00  0.00000E+00  0.00000E+00  0.00000E+00  0.00000E+00
 OMEGA(4,4)    1.57101E+02  9.59401E+01  8.62072E+01 -1.35243E+04  1.91120E+04 -4.56643E+03  1.11923E+04 -6.98877E+03  9.77705E+03  1.25639E+03  0.00000E+00  0.00000E+00  0.00000E+00  1.96497E+04  0.00000E+00  0.00000E+00  0.00000E+00 -2.12875E+03 -1.15270E+03  0.00000E+00  0.00000E+00  0.00000E+00 -1.66180E+04 -2.95844E+02  4.17728E+03
 OMEGA(5,1)    0.00000E+00  0.00000E+00  0.00000E+00  0.00000E+00  0.00000E+00  0.00000E+00  0.00000E+00  0.00000E+00  0.00000E+00  0.00000E+00  0.00000E+00  0.00000E+00  0.00000E+00  0.00000E+00  0.00000E+00  0.00000E+00  0.00000E+00  0.00000E+00  0.00000E+00  0.00000E+00  0.00000E+00  0.00000E+00  0.00000E+00  0.00000E+00  0.00000E+00
 OMEGA(5,2)    0.00000E+00  0.00000E+00  0.00000E+00  0.00000E+00  0.00000E+00  0.00000E+00  0.00000E+00  0.00000E+00  0.00000E+00  0.00000E+00  0.00000E+00  0.00000E+00  0.00000E+00  0.00000E+00  0.00000E+00  0.00000E+00  0.00000E+00  0.00000E+00  0.00000E+00  0.00000E+00  0.00000E+00  0.00000E+00  0.00000E+00  0.00000E+00  0.00000E+00
 OMEGA(5,3)    0.00000E+00  0.00000E+00  0.00000E+00  0.00000E+00  0.00000E+00  0.00000E+00  0.00000E+00  0.00000E+00  0.00000E+00  0.00000E+00  0.00000E+00  0.00000E+00  0.00000E+00  0.00000E+00  0.00000E+00  0.00000E+00  0.00000E+00  0.00000E+00  0.00000E+00  0.00000E+00  0.00000E+00  0.00000E+00  0.00000E+00  0.00000E+00  0.00000E+00
 OMEGA(5,4)    3.50619E+02 -3.27911E+02 -4.09978E+02 -5.68434E+04 -9.84419E+03  1.97780E+03  5.04249E+03 -9.45950E+03 -9.59963E+03 -1.26920E+04  0.00000E+00  0.00000E+00  0.00000E+00 -2.12875E+03  0.00000E+00  0.00000E+00  0.00000E+00  3.22349E+04  4.32145E+03  0.00000E+00  0.00000E+00  0.00000E+00  3.88890E+03 -2.07915E+04 -3.07681E+03
 OMEGA(5,5)    8.40869E+01 -6.14895E+00 -2.65745E+01 -6.69316E+04  2.99846E+03  4.91822E+02  4.11302E+03  9.06705E+03 -8.25751E+03  1.24317E+03  0.00000E+00  0.00000E+00  0.00000E+00 -1.15270E+03  0.00000E+00  0.00000E+00  0.00000E+00  4.32145E+03  7.69254E+03  0.00000E+00  0.00000E+00  0.00000E+00 -7.56922E+02  2.08945E+03  1.55748E+03
 OMEGA(6,1)    0.00000E+00  0.00000E+00  0.00000E+00  0.00000E+00  0.00000E+00  0.00000E+00  0.00000E+00  0.00000E+00  0.00000E+00  0.00000E+00  0.00000E+00  0.00000E+00  0.00000E+00  0.00000E+00  0.00000E+00  0.00000E+00  0.00000E+00  0.00000E+00  0.00000E+00  0.00000E+00  0.00000E+00  0.00000E+00  0.00000E+00  0.00000E+00  0.00000E+00
 OMEGA(6,2)    0.00000E+00  0.00000E+00  0.00000E+00  0.00000E+00  0.00000E+00  0.00000E+00  0.00000E+00  0.00000E+00  0.00000E+00  0.00000E+00  0.00000E+00  0.00000E+00  0.00000E+00  0.00000E+00  0.00000E+00  0.00000E+00  0.00000E+00  0.00000E+00  0.00000E+00  0.00000E+00  0.00000E+00  0.00000E+00  0.00000E+00  0.00000E+00  0.00000E+00
 OMEGA(6,3)    0.00000E+00  0.00000E+00  0.00000E+00  0.00000E+00  0.00000E+00  0.00000E+00  0.00000E+00  0.00000E+00  0.00000E+00  0.00000E+00  0.00000E+00  0.00000E+00  0.00000E+00  0.00000E+00  0.00000E+00  0.00000E+00  0.00000E+00  0.00000E+00  0.00000E+00  0.00000E+00  0.00000E+00  0.00000E+00  0.00000E+00  0.00000E+00  0.00000E+00
 OMEGA(6,4)   -8.98556E+02 -5.84220E+02 -6.21245E+02 -1.53552E+05 -1.30354E+04 -1.36300E+04 -1.89406E+04 -4.90182E+03  4.92757E+03  6.54690E+03  0.00000E+00  0.00000E+00  0.00000E+00 -1.66180E+04  0.00000E+00  0.00000E+00  0.00000E+00  3.88890E+03 -7.56922E+02  0.00000E+00  0.00000E+00  0.00000E+00  3.53067E+04 -2.15156E+03 -1.46763E+04
 OMEGA(6,5)   -7.15310E+02 -2.47727E+01 -1.71567E+01 -1.03506E+04  7.48378E+03  3.86151E+03 -1.50332E+04  1.42503E+04  1.87573E+04  1.26476E+04  0.00000E+00  0.00000E+00  0.00000E+00 -2.95844E+02  0.00000E+00  0.00000E+00  0.00000E+00 -2.07915E+04  2.08945E+03  0.00000E+00  0.00000E+00  0.00000E+00 -2.15156E+03  2.84652E+04  5.62431E+03
 OMEGA(6,6)    3.50420E+02  1.88413E+02  2.00744E+02  8.08273E+04  4.38048E+03  1.07481E+04  3.09698E+03  6.54919E+03  6.46485E+02  1.93553E+03  0.00000E+00  0.00000E+00  0.00000E+00  4.17728E+03  0.00000E+00  0.00000E+00  0.00000E+00 -3.07681E+03  1.55748E+03  0.00000E+00  0.00000E+00  0.00000E+00 -1.46763E+04  5.62431E+03  9.05998E+03
TABLE NO.     3: MCMC Bayesian Analysis: Problem=1 Subproblem=0 Superproblem1=0 Iteration1=0 Superproblem2=0 Iteration2=0
 NAME         THETA1       THETA2       THETA3       SIGMA(1,1)   OMEGA(1,1)   OMEGA(2,1)   OMEGA(2,2)   OMEGA(3,1)   OMEGA(3,2)   OMEGA(3,3)   OMEGA(4,1)   OMEGA(4,2)   OMEGA(4,3)   OMEGA(4,4)   OMEGA(5,1)   OMEGA(5,2)   OMEGA(5,3)   OMEGA(5,4)   OMEGA(5,5)   OMEGA(6,1)   OMEGA(6,2)   OMEGA(6,3)   OMEGA(6,4)   OMEGA(6,5)   OMEGA(6,6)
 THETA1        3.31843E+04 -3.76831E+03 -6.54681E+03  5.58991E+03  8.18416E+03  8.46479E+03  2.30533E+04  2.88187E+04 -2.35500E+04 -5.75553E+03  0.00000E+00  0.00000E+00  0.00000E+00  1.57082E+03  0.00000E+00  0.00000E+00  0.00000E+00 -1.22577E+03  2.38989E+02  0.00000E+00  0.00000E+00  0.00000E+00 -1.63190E+03  1.92047E+03  6.68143E+02
 THETA2       -3.76831E+03  7.62179E+04 -6.06064E+03 -1.71740E+05 -8.83614E+03 -3.01051E+04 -1.40550E+04 -7.58342E+03  1.49157E+04 -1.79285E+04  0.00000E+00  0.00000E+00  0.00000E+00  1.86705E+02  0.00000E+00  0.00000E+00  0.00000E+00  1.26492E+03 -1.48611E+03  0.00000E+00  0.00000E+00  0.00000E+00 -1.08444E+03 -9.50422E+02 -1.12215E+02
 THETA3       -6.54681E+03 -6.06064E+03  8.01668E+04  1.05722E+05 -4.50081E+04 -9.12423E+03 -2.47837E+04 -1.56191E+04  3.36121E+04 -2.13172E+04  0.00000E+00  0.00000E+00  0.00000E+00  4.54011E+02  0.00000E+00  0.00000E+00  0.00000E+00 -1.18465E+02 -1.65058E+03  0.00000E+00  0.00000E+00  0.00000E+00  1.14153E+03 -7.74339E+02 -1.06968E+02
 SIGMA(1,1)    5.58991E+03 -1.71740E+05  1.05722E+05  3.43099E+08 -3.15229E+05  1.47008E+06 -1.85507E+05 -4.35685E+05  2.72630E+06  9.23648E+05  0.00000E+00  0.00000E+00  0.00000E+00 -6.68592E+04  0.00000E+00  0.00000E+00  0.00000E+00  9.22260E+04 -3.33686E+04  0.00000E+00  0.00000E+00  0.00000E+00  1.05648E+05 -5.82053E+04  2.22522E+04
 OMEGA(1,1)    8.18416E+03 -8.83614E+03 -4.50081E+04 -3.15229E+05  1.51454E+06  2.90559E+04  1.75067E+05 -2.54842E+05 -1.28693E+05 -2.04733E+04  0.00000E+00  0.00000E+00  0.00000E+00  1.98266E+03  0.00000E+00  0.00000E+00  0.00000E+00 -2.22869E+03  5.67262E+03  0.00000E+00  0.00000E+00  0.00000E+00  3.87331E+03  1.80853E+03 -3.74297E+03
 OMEGA(2,1)    8.46479E+03 -3.01051E+04 -9.12423E+03  1.47008E+06  2.90559E+04  4.41211E+06 -3.95450E+05 -6.31102E+05 -4.46325E+05  4.51384E+04  0.00000E+00  0.00000E+00  0.00000E+00  8.07961E+03  0.00000E+00  0.00000E+00  0.00000E+00 -9.92213E+03  3.89158E+02  0.00000E+00  0.00000E+00  0.00000E+00  7.75998E+03  3.23682E+03 -4.34801E+03
 OMEGA(2,2)    2.30533E+04 -1.40550E+04 -2.47837E+04 -1.85507E+05  1.75067E+05 -3.95450E+05  3.71870E+06  2.73639E+05 -1.15023E+06 -2.12197E+04  0.00000E+00  0.00000E+00  0.00000E+00 -1.30335E+04  0.00000E+00  0.00000E+00  0.00000E+00  4.58851E+03  4.16596E+03  0.00000E+00  0.00000E+00  0.00000E+00  4.01911E+03  6.36339E+03  5.84326E+03
 OMEGA(3,1)    2.88187E+04 -7.58342E+03 -1.56191E+04 -4.35685E+05 -2.54842E+05 -6.31102E+05  2.73639E+05  3.22070E+06  1.14423E+04 -4.95797E+05  0.00000E+00  0.00000E+00  0.00000E+00 -1.82204E+04  0.00000E+00  0.00000E+00  0.00000E+00 -8.67370E+03  1.47158E+04  0.00000E+00  0.00000E+00  0.00000E+00  1.07946E+04  8.51244E+03  7.22756E+03
 OMEGA(3,2)   -2.35500E+04  1.49157E+04  3.36121E+04  2.72630E+06 -1.28693E+05 -4.46325E+05 -1.15023E+06  1.14423E+04  8.17522E+06 -1.59755E+05  0.00000E+00  0.00000E+00  0.00000E+00 -2.46246E+03  0.00000E+00  0.00000E+00  0.00000E+00 -3.20420E+03 -2.13614E+03  0.00000E+00  0.00000E+00  0.00000E+00  9.95073E+03 -7.21561E+03  1.23553E+03
 OMEGA(3,3)   -5.75553E+03 -1.79285E+04 -2.13172E+04  9.23648E+05 -2.04733E+04  4.51384E+04 -2.12197E+04 -4.95797E+05 -1.59755E+05  3.67109E+06  0.00000E+00  0.00000E+00  0.00000E+00 -2.20656E+02  0.00000E+00  0.00000E+00  0.00000E+00 -1.98794E+03 -1.07386E+04  0.00000E+00  0.00000E+00  0.00000E+00  5.77076E+03 -7.10949E+03 -5.40534E+03
 OMEGA(4,1)    0.00000E+00  0.00000E+00  0.00000E+00  0.00000E+00  0.00000E+00  0.00000E+00  0.00000E+00  0.00000E+00  0.00000E+00  0.00000E+00  0.00000E+00  0.00000E+00  0.00000E+00  0.00000E+00  0.00000E+00  0.00000E+00  0.00000E+00  0.00000E+00  0.00000E+00  0.00000E+00  0.00000E+00  0.00000E+00  0.00000E+00  0.00000E+00  0.00000E+00
 OMEGA(4,2)    0.00000E+00  0.00000E+00  0.00000E+00  0.00000E+00  0.00000E+00  0.00000E+00  0.00000E+00  0.00000E+00  0.00000E+00  0.00000E+00  0.00000E+00  0.00000E+00  0.00000E+00  0.00000E+00  0.00000E+00  0.00000E+00  0.00000E+00  0.00000E+00  0.00000E+00  0.00000E+00  0.00000E+00  0.00000E+00  0.00000E+00  0.00000E+00  0.00000E+00
 OMEGA(4,3)    0.00000E+00  0.00000E+00  0.00000E+00  0.00000E+00  0.00000E+00  0.00000E+00  0.00000E+00  0.00000E+00  0.00000E+00  0.00000E+00  0.00000E+00  0.00000E+00  0.00000E+00  0.00000E+00  0.00000E+00  0.00000E+00  0.00000E+00  0.00000E+00  0.00000E+00  0.00000E+00  0.00000E+00  0.00000E+00  0.00000E+00  0.00000E+00  0.00000E+00
 OMEGA(4,4)    1.57082E+03  1.86705E+02  4.54011E+02 -6.68592E+04  1.98266E+03  8.07961E+03 -1.30335E+04 -1.82204E+04 -2.46246E+03 -2.20656E+02  0.00000E+00  0.00000E+00  0.00000E+00  1.23523E+04  0.00000E+00  0.00000E+00  0.00000E+00  1.70138E+03 -8.23937E+02  0.00000E+00  0.00000E+00  0.00000E+00 -1.13796E+04 -1.27145E+03  2.32770E+03
 OMEGA(5,1)    0.00000E+00  0.00000E+00  0.00000E+00  0.00000E+00  0.00000E+00  0.00000E+00  0.00000E+00  0.00000E+00  0.00000E+00  0.00000E+00  0.00000E+00  0.00000E+00  0.00000E+00  0.00000E+00  0.00000E+00  0.00000E+00  0.00000E+00  0.00000E+00  0.00000E+00  0.00000E+00  0.00000E+00  0.00000E+00  0.00000E+00  0.00000E+00  0.00000E+00
 OMEGA(5,2)    0.00000E+00  0.00000E+00  0.00000E+00  0.00000E+00  0.00000E+00  0.00000E+00  0.00000E+00  0.00000E+00  0.00000E+00  0.00000E+00  0.00000E+00  0.00000E+00  0.00000E+00  0.00000E+00  0.00000E+00  0.00000E+00  0.00000E+00  0.00000E+00  0.00000E+00  0.00000E+00  0.00000E+00  0.00000E+00  0.00000E+00  0.00000E+00  0.00000E+00
 OMEGA(5,3)    0.00000E+00  0.00000E+00  0.00000E+00  0.00000E+00  0.00000E+00  0.00000E+00  0.00000E+00  0.00000E+00  0.00000E+00  0.00000E+00  0.00000E+00  0.00000E+00  0.00000E+00  0.00000E+00  0.00000E+00  0.00000E+00  0.00000E+00  0.00000E+00  0.00000E+00  0.00000E+00  0.00000E+00  0.00000E+00  0.00000E+00  0.00000E+00  0.00000E+00
 OMEGA(5,4)   -1.22577E+03  1.26492E+03 -1.18465E+02  9.22260E+04 -2.22869E+03 -9.92213E+03  4.58851E+03 -8.67370E+03 -3.20420E+03 -1.98794E+03  0.00000E+00  0.00000E+00  0.00000E+00  1.70138E+03  0.00000E+00  0.00000E+00  0.00000E+00  1.86208E+04  5.27857E+02  0.00000E+00  0.00000E+00  0.00000E+00 -8.70443E+02 -9.53269E+03 -2.09887E+02
 OMEGA(5,5)    2.38989E+02 -1.48611E+03 -1.65058E+03 -3.33686E+04  5.67262E+03  3.89158E+02  4.16596E+03  1.47158E+04 -2.13614E+03 -1.07386E+04  0.00000E+00  0.00000E+00  0.00000E+00 -8.23937E+02  0.00000E+00  0.00000E+00  0.00000E+00  5.27857E+02  6.82751E+03  0.00000E+00  0.00000E+00  0.00000E+00  1.17727E+03  8.07235E+02 -2.72852E+02
 OMEGA(6,1)    0.00000E+00  0.00000E+00  0.00000E+00  0.00000E+00  0.00000E+00  0.00000E+00  0.00000E+00  0.00000E+00  0.00000E+00  0.00000E+00  0.00000E+00  0.00000E+00  0.00000E+00  0.00000E+00  0.00000E+00  0.00000E+00  0.00000E+00  0.00000E+00  0.00000E+00  0.00000E+00  0.00000E+00  0.00000E+00  0.00000E+00  0.00000E+00  0.00000E+00
 OMEGA(6,2)    0.00000E+00  0.00000E+00  0.00000E+00  0.00000E+00  0.00000E+00  0.00000E+00  0.00000E+00  0.00000E+00  0.00000E+00  0.00000E+00  0.00000E+00  0.00000E+00  0.00000E+00  0.00000E+00  0.00000E+00  0.00000E+00  0.00000E+00  0.00000E+00  0.00000E+00  0.00000E+00  0.00000E+00  0.00000E+00  0.00000E+00  0.00000E+00  0.00000E+00
 OMEGA(6,3)    0.00000E+00  0.00000E+00  0.00000E+00  0.00000E+00  0.00000E+00  0.00000E+00  0.00000E+00  0.00000E+00  0.00000E+00  0.00000E+00  0.00000E+00  0.00000E+00  0.00000E+00  0.00000E+00  0.00000E+00  0.00000E+00  0.00000E+00  0.00000E+00  0.00000E+00  0.00000E+00  0.00000E+00  0.00000E+00  0.00000E+00  0.00000E+00  0.00000E+00
 OMEGA(6,4)   -1.63190E+03 -1.08444E+03  1.14153E+03  1.05648E+05  3.87331E+03  7.75998E+03  4.01911E+03  1.07946E+04  9.95073E+03  5.77076E+03  0.00000E+00  0.00000E+00  0.00000E+00 -1.13796E+04  0.00000E+00  0.00000E+00  0.00000E+00 -8.70443E+02  1.17727E+03  0.00000E+00  0.00000E+00  0.00000E+00  1.96162E+04  1.28485E+03 -6.10893E+03
 OMEGA(6,5)    1.92047E+03 -9.50422E+02 -7.74339E+02 -5.82053E+04  1.80853E+03  3.23682E+03  6.36339E+03  8.51244E+03 -7.21561E+03 -7.10949E+03  0.00000E+00  0.00000E+00  0.00000E+00 -1.27145E+03  0.00000E+00  0.00000E+00  0.00000E+00 -9.53269E+03  8.07235E+02  0.00000E+00  0.00000E+00  0.00000E+00  1.28485E+03  1.27334E+04  9.78013E+01
 OMEGA(6,6)    6.68143E+02 -1.12215E+02 -1.06968E+02  2.22522E+04 -3.74297E+03 -4.34801E+03  5.84326E+03  7.22756E+03  1.23553E+03 -5.40534E+03  0.00000E+00  0.00000E+00  0.00000E+00  2.32770E+03  0.00000E+00  0.00000E+00  0.00000E+00 -2.09887E+02 -2.72852E+02  0.00000E+00  0.00000E+00  0.00000E+00 -6.10893E+03  9.78013E+01  4.14551E+03
TABLE NO.     4: First Order Conditional Estimation with Interaction (No Prior): Problem=1 Subproblem=0 Superproblem1=0 Iteration1=0 Superproblem2=0 Iteration2=0
 NAME         THETA1       THETA2       THETA3       SIGMA(1,1)   OMEGA(1,1)   OMEGA(2,1)   OMEGA(2,2)   OMEGA(3,1)   OMEGA(3,2)   OMEGA(3,3)   OMEGA(4,1)   OMEGA(4,2)   OMEGA(4,3)   OMEGA(4,4)   OMEGA(5,1)   OMEGA(5,2)   OMEGA(5,3)   OMEGA(5,4)   OMEGA(5,5)   OMEGA(6,1)   OMEGA(6,2)   OMEGA(6,3)   OMEGA(6,4)   OMEGA(6,5)   OMEGA(6,6)
 THETA1        3.19520E+04 -2.42842E+03 -4.36602E+03  9.17975E+03 -2.15675E+03  8.23790E+03 -6.10257E+02 -9.83348E+03 -3.20891E+02  3.06929E+02  0.00000E+00  0.00000E+00  0.00000E+00 -1.64460E+01  0.00000E+00  0.00000E+00  0.00000E+00  6.91012E+00  1.26502E+00  0.00000E+00  0.00000E+00  0.00000E+00 -3.08044E+00 -5.94090E+00  5.04734E+00
 THETA2       -2.42842E+03  7.90788E+04 -8.64074E+03 -6.91515E+04 -2.19905E+02 -1.74834E+03 -8.14095E+02  3.81457E+02 -1.74720E+02  6.54099E+01  0.00000E+00  0.00000E+00  0.00000E+00 -2.74086E+00  0.00000E+00  0.00000E+00  0.00000E+00  2.61181E+00 -1.25024E+00  0.00000E+00  0.00000E+00  0.00000E+00 -2.81509E+00 -1.67431E+00  2.53874E+00
 THETA3       -4.36602E+03 -8.64074E+03  7.89967E+04 -6.81258E+04 -1.00102E+02 -4.45184E+02 -7.09498E+02 -7.39183E+02 -1.09388E+02 -2.01030E+02  0.00000E+00  0.00000E+00  0.00000E+00  6.78793E+00  0.00000E+00  0.00000E+00  0.00000E+00  1.07399E-01 -1.06136E+00  0.00000E+00  0.00000E+00  0.00000E+00 -1.93509E+00  1.06756E+00 -5.45628E-01
 SIGMA(1,1)    9.17975E+03 -6.91515E+04 -6.81258E+04  3.34740E+08  6.44883E+05  4.16241E+05  3.80466E+05  3.00629E+05  7.92635E+05  4.61851E+05  0.00000E+00  0.00000E+00  0.00000E+00 -1.07474E+04  0.00000E+00  0.00000E+00  0.00000E+00 -2.53461E+04 -1.27964E+04  0.00000E+00  0.00000E+00  0.00000E+00 -1.43824E+04 -8.71386E+03  1.60510E+03
 OMEGA(1,1)   -2.15675E+03 -2.19905E+02 -1.00102E+02  6.44883E+05  1.23679E+06 -1.87362E+05  6.66361E+03 -3.28589E+05  2.53401E+04  2.26024E+04  0.00000E+00  0.00000E+00  0.00000E+00 -1.70517E+03  0.00000E+00  0.00000E+00  0.00000E+00 -3.40029E+02 -9.02382E+00  0.00000E+00  0.00000E+00  0.00000E+00  1.68816E+03  1.73989E+02 -4.17008E+02
 OMEGA(2,1)    8.23790E+03 -1.74834E+03 -4.45184E+02  4.16241E+05 -1.87362E+05  3.37644E+06 -2.56865E+05 -2.78958E+05 -4.34263E+05  4.34711E+04  0.00000E+00  0.00000E+00  0.00000E+00 -6.76973E+02  0.00000E+00  0.00000E+00  0.00000E+00 -1.89938E+03 -2.81875E+02  0.00000E+00  0.00000E+00  0.00000E+00  5.15996E+02  8.96584E+02 -9.11783E+01
 OMEGA(2,2)   -6.10257E+02 -8.14095E+02 -7.09498E+02  3.80466E+05  6.66361E+03 -2.56865E+05  3.82653E+06  2.38348E+04 -8.39696E+05  4.46809E+04  0.00000E+00  0.00000E+00  0.00000E+00 -1.36134E+01  0.00000E+00  0.00000E+00  0.00000E+00 -5.38058E+02 -3.31481E+02  0.00000E+00  0.00000E+00  0.00000E+00 -2.02760E+01  9.07384E+01  1.83580E+00
 OMEGA(3,1)   -9.83348E+03  3.81457E+02 -7.39183E+02  3.00629E+05 -3.28589E+05 -2.78958E+05  2.38348E+04  2.79685E+06 -1.65623E+05 -3.72259E+05  0.00000E+00  0.00000E+00  0.00000E+00  1.31257E+03  0.00000E+00  0.00000E+00  0.00000E+00  1.19565E+02 -7.79222E+00  0.00000E+00  0.00000E+00  0.00000E+00 -2.26738E+03 -2.19582E+02  7.84930E+02
 OMEGA(3,2)   -3.20891E+02 -1.74720E+02 -1.09388E+02  7.92635E+05  2.53401E+04 -4.34263E+05 -8.39696E+05 -1.65623E+05  7.74168E+06 -8.27612E+05  0.00000E+00  0.00000E+00  0.00000E+00  3.48281E+02  0.00000E+00  0.00000E+00  0.00000E+00  5.60999E+02 -1.03750E+02  0.00000E+00  0.00000E+00  0.00000E+00 -5.79248E+02 -5.80874E+02  1.06206E+02
 OMEGA(3,3)    3.06929E+02  6.54099E+01 -2.01030E+02  4.61851E+05  2.26024E+04  4.34711E+04  4.46809E+04 -3.72259E+05 -8.27612E+05  3.83040E+06  0.00000E+00  0.00000E+00  0.00000E+00 -2.20584E+02  0.00000E+00  0.00000E+00  0.00000E+00  1.84579E+01 -8.03830E+00  0.00000E+00  0.00000E+00  0.00000E+00  4.98897E+02 -6.60840E+01 -2.46939E+02
 OMEGA(4,1)    0.00000E+00  0.00000E+00  0.00000E+00  0.00000E+00  0.00000E+00  0.00000E+00  0.00000E+00  0.00000E+00  0.00000E+00  0.00000E+00  0.00000E+00  0.00000E+00  0.00000E+00  0.00000E+00  0.00000E+00  0.00000E+00  0.00000E+00  0.00000E+00  0.00000E+00  0.00000E+00  0.00000E+00  0.00000E+00  0.00000E+00  0.00000E+00  0.00000E+00
 OMEGA(4,2)    0.00000E+00  0.00000E+00  0.00000E+00  0.00000E+00  0.00000E+00  0.00000E+00  0.00000E+00  0.00000E+00  0.00000E+00  0.00000E+00  0.00000E+00  0.00000E+00  0.00000E+00  0.00000E+00  0.00000E+00  0.00000E+00  0.00000E+00  0.00000E+00  0.00000E+00  0.00000E+00  0.00000E+00  0.00000E+00  0.00000E+00  0.00000E+00  0.00000E+00
 OMEGA(4,3)    0.00000E+00  0.00000E+00  0.00000E+00  0.00000E+00  0.00000E+00  0.00000E+00  0.00000E+00  0.00000E+00  0.00000E+00  0.00000E+00  0.00000E+00  0.00000E+00  0.00000E+00  0.00000E+00  0.00000E+00  0.00000E+00  0.00000E+00  0.00000E+00  0.00000E+00  0.00000E+00  0.00000E+00  0.00000E+00  0.00000E+00  0.00000E+00  0.00000E+00
 OMEGA(4,4)   -1.64460E+01 -2.74086E+00  6.78793E+00 -1.07474E+04 -1.70517E+03 -6.76973E+02 -1.36134E+01  1.31257E+03  3.48281E+02 -2.20584E+02  0.00000E+00  0.00000E+00  0.00000E+00  2.49479E+04  0.00000E+00  0.00000E+00  0.00000E+00  1.77483E+03 -3.63487E+00  0.00000E+00  0.00000E+00  0.00000E+00 -2.81771E+04 -7.76668E+02  8.25747E+03
 OMEGA(5,1)    0.00000E+00  0.00000E+00  0.00000E+00  0.00000E+00  0.00000E+00  0.00000E+00  0.00000E+00  0.00000E+00  0.00000E+00  0.00000E+00  0.00000E+00  0.00000E+00  0.00000E+00  0.00000E+00  0.00000E+00  0.00000E+00  0.00000E+00  0.00000E+00  0.00000E+00  0.00000E+00  0.00000E+00  0.00000E+00  0.00000E+00  0.00000E+00  0.00000E+00
 OMEGA(5,2)    0.00000E+00  0.00000E+00  0.00000E+00  0.00000E+00  0.00000E+00  0.00000E+00  0.00000E+00  0.00000E+00  0.00000E+00  0.00000E+00  0.00000E+00  0.00000E+00  0.00000E+00  0.00000E+00  0.00000E+00  0.00000E+00  0.00000E+00  0.00000E+00  0.00000E+00  0.00000E+00  0.00000E+00  0.00000E+00  0.00000E+00  0.00000E+00  0.00000E+00
 OMEGA(5,3)    0.00000E+00  0.00000E+00  0.00000E+00  0.00000E+00  0.00000E+00  0.00000E+00  0.00000E+00  0.00000E+00  0.00000E+00  0.00000E+00  0.00000E+00  0.00000E+00  0.00000E+00  0.00000E+00  0.00000E+00  0.00000E+00  0.00000E+00  0.00000E+00  0.00000E+00  0.00000E+00  0.00000E+00  0.00000E+00  0.00000E+00  0.00000E+00  0.00000E+00
 OMEGA(5,4)    6.91012E+00  2.61181E+00  1.07399E-01 -2.53461E+04 -3.40029E+02 -1.89938E+03 -5.38058E+02  1.19565E+02  5.60999E+02  1.84579E+01  0.00000E+00  0.00000E+00  0.00000E+00  1.77483E+03  0.00000E+00  0.00000E+00  0.00000E+00  3.48238E+04  9.72987E+02  0.00000E+00  0.00000E+00  0.00000E+00  1.39053E+03 -1.98827E+04 -1.24783E+03
 OMEGA(5,5)    1.26502E+00 -1.25024E+00 -1.06136E+00 -1.27964E+04 -9.02382E+00 -2.81875E+02 -3.31481E+02 -7.79222E+00 -1.03750E+02 -8.03830E+00  0.00000E+00  0.00000E+00  0.00000E+00 -3.63487E+00  0.00000E+00  0.00000E+00  0.00000E+00  9.72987E+02  1.27913E+04  0.00000E+00  0.00000E+00  0.00000E+00  7.42041E+01  1.47948E+03  4.03310E+01
 OMEGA(6,1)    0.00000E+00  0.00000E+00  0.00000E+00  0.00000E+00  0.00000E+00  0.00000E+00  0.00000E+00  0.00000E+00  0.00000E+00  0.00000E+00  0.00000E+00  0.00000E+00  0.00000E+00  0.00000E+00  0.00000E+00  0.00000E+00  0.00000E+00  0.00000E+00  0.00000E+00  0.00000E+00  0.00000E+00  0.00000E+00  0.00000E+00  0.00000E+00  0.00000E+00
 OMEGA(6,2)    0.00000E+00  0.00000E+00  0.00000E+00  0.00000E+00  0.00000E+00  0.00000E+00  0.00000E+00  0.00000E+00  0.00000E+00  0.00000E+00  0.00000E+00  0.00000E+00  0.00000E+00  0.00000E+00  0.00000E+00  0.00000E+00  0.00000E+00  0.00000E+00  0.00000E+00  0.00000E+00  0.00000E+00  0.00000E+00  0.00000E+00  0.00000E+00  0.00000E+00
 OMEGA(6,3)    0.00000E+00  0.00000E+00  0.00000E+00  0.00000E+00  0.00000E+00  0.00000E+00  0.00000E+00  0.00000E+00  0.00000E+00  0.00000E+00  0.00000E+00  0.00000E+00  0.00000E+00  0.00000E+00  0.00000E+00  0.00000E+00  0.00000E+00  0.00000E+00  0.00000E+00  0.00000E+00  0.00000E+00  0.00000E+00  0.00000E+00  0.00000E+00  0.00000E+00
 OMEGA(6,4)   -3.08044E+00 -2.81509E+00 -1.93509E+00 -1.43824E+04  1.68816E+03  5.15996E+02 -2.02760E+01 -2.26738E+03 -5.79248E+02  4.98897E+02  0.00000E+00  0.00000E+00  0.00000E+00 -2.81771E+04  0.00000E+00  0.00000E+00  0.00000E+00  1.39053E+03  7.42041E+01  0.00000E+00  0.00000E+00  0.00000E+00  5.00228E+04 -3.91181E+02 -1.96888E+04
 OMEGA(6,5)   -5.94090E+00 -1.67431E+00  1.06756E+00 -8.71386E+03  1.73989E+02  8.96584E+02  9.07384E+01 -2.19582E+02 -5.80874E+02 -6.60840E+01  0.00000E+00  0.00000E+00  0.00000E+00 -7.76668E+02  0.00000E+00  0.00000E+00  0.00000E+00 -1.98827E+04  1.47948E+03  0.00000E+00  0.00000E+00  0.00000E+00 -3.91181E+02  2.41109E+04  1.47041E+03
 OMEGA(6,6)    5.04734E+00  2.53874E+00 -5.45628E-01  1.60510E+03 -4.17008E+02 -9.11783E+01  1.83580E+00  7.84930E+02  1.06206E+02 -2.46939E+02  0.00000E+00  0.00000E+00  0.00000E+00  8.25747E+03  0.00000E+00  0.00000E+00  0.00000E+00 -1.24783E+03  4.03310E+01  0.00000E+00  0.00000E+00  0.00000E+00 -1.96888E+04  1.47041E+03  1.18329E+04
