TABLE NO.     1: Iterative Two Stage (No Prior): Problem=1 Subproblem=0 Superproblem1=0 Iteration1=0 Superproblem2=0 Iteration2=0
 NAME         THETA1       THETA2       THETA3       SIGMA(1,1)   OMEGA(1,1)   OMEGA(2,1)   OMEGA(2,2)   OMEGA(3,1)   OMEGA(3,2)   OMEGA(3,3)   OMEGA(4,1)   OMEGA(4,2)   OMEGA(4,3)   OMEGA(4,4)   OMEGA(5,1)   OMEGA(5,2)   OMEGA(5,3)   OMEGA(5,4)   OMEGA(5,5)   OMEGA(6,1)   OMEGA(6,2)   OMEGA(6,3)   OMEGA(6,4)   OMEGA(6,5)   OMEGA(6,6)
 THETA1        3.34323E-03 -5.38442E-04  3.17801E-03  4.99709E-08 -3.67998E-08 -2.26200E-06 -2.10479E-06 -2.06593E-06 -7.48461E-07  1.69568E-06  0.00000E+00  0.00000E+00  0.00000E+00  2.90564E-04  0.00000E+00  0.00000E+00  0.00000E+00  2.21435E-04 -4.93301E-05  0.00000E+00  0.00000E+00  0.00000E+00  1.31166E-04  3.21536E-04 -1.62899E-05
 THETA2       -5.38442E-04  3.53301E-03 -2.80719E-04  1.22418E-07 -3.40869E-06 -7.02319E-08  8.71470E-07 -6.74211E-07  7.55103E-07 -1.96695E-06  0.00000E+00  0.00000E+00  0.00000E+00  1.52252E-04  0.00000E+00  0.00000E+00  0.00000E+00 -5.43424E-05  1.12521E-04  0.00000E+00  0.00000E+00  0.00000E+00  6.84057E-04 -2.60158E-04  8.30217E-04
 THETA3        3.17801E-03 -2.80719E-04  8.36021E-03 -1.56451E-07 -1.75573E-06 -2.36173E-06  1.49705E-06 -7.42738E-07  8.35111E-07  7.13218E-07  0.00000E+00  0.00000E+00  0.00000E+00  4.48096E-04  0.00000E+00  0.00000E+00  0.00000E+00  9.49287E-04 -7.90357E-04  0.00000E+00  0.00000E+00  0.00000E+00  2.58060E-04  5.10509E-04  3.16850E-04
 SIGMA(1,1)    4.99709E-08  1.22418E-07 -1.56451E-07  3.11030E-09 -3.28330E-09 -4.82071E-10 -1.66513E-09 -2.82299E-09 -1.46692E-09 -2.11846E-09  0.00000E+00  0.00000E+00  0.00000E+00  3.61712E-08  0.00000E+00  0.00000E+00  0.00000E+00 -3.22874E-08  8.07538E-08  0.00000E+00  0.00000E+00  0.00000E+00  4.73811E-08 -9.99111E-09  7.95362E-09
 OMEGA(1,1)   -3.67998E-08 -3.40869E-06 -1.75573E-06 -3.28330E-09  8.01839E-07  3.39565E-08  3.39067E-09  7.36394E-08  1.03064E-08  3.96309E-08  0.00000E+00  0.00000E+00  0.00000E+00 -8.92406E-07  0.00000E+00  0.00000E+00  0.00000E+00  8.99878E-08 -1.57380E-07  0.00000E+00  0.00000E+00  0.00000E+00 -7.69551E-07  3.01596E-08 -6.29402E-07
 OMEGA(2,1)   -2.26200E-06 -7.02319E-08 -2.36173E-06 -4.82071E-10  3.39565E-08  2.85177E-07  1.90474E-08  5.52901E-08  2.55016E-08  1.14689E-08  0.00000E+00  0.00000E+00  0.00000E+00 -7.13175E-08  0.00000E+00  0.00000E+00  0.00000E+00 -2.54048E-07  1.91393E-07  0.00000E+00  0.00000E+00  0.00000E+00 -1.50744E-07 -2.52077E-07 -5.46395E-07
 OMEGA(2,2)   -2.10479E-06  8.71470E-07  1.49705E-06 -1.66513E-09  3.39067E-09  1.90474E-08  2.60684E-07  1.39676E-08  4.14929E-08  1.10858E-08  0.00000E+00  0.00000E+00  0.00000E+00  8.02678E-08  0.00000E+00  0.00000E+00  0.00000E+00  4.00568E-07 -5.03081E-07  0.00000E+00  0.00000E+00  0.00000E+00  4.53873E-07 -1.92983E-08  8.73771E-07
 OMEGA(3,1)   -2.06593E-06 -6.74211E-07 -7.42738E-07 -2.82299E-09  7.36394E-08  5.52901E-08  1.39676E-08  4.44674E-07  2.65136E-08  6.78344E-08  0.00000E+00  0.00000E+00  0.00000E+00 -4.73455E-08  0.00000E+00  0.00000E+00  0.00000E+00  3.49369E-07 -8.84449E-07  0.00000E+00  0.00000E+00  0.00000E+00 -3.36193E-07 -2.69201E-08 -5.77395E-07
 OMEGA(3,2)   -7.48461E-07  7.55103E-07  8.35111E-07 -1.46692E-09  1.03064E-08  2.55016E-08  4.14929E-08  2.65136E-08  1.42380E-07  2.41109E-08  0.00000E+00  0.00000E+00  0.00000E+00 -1.51983E-07  0.00000E+00  0.00000E+00  0.00000E+00  5.79413E-08  5.51105E-08  0.00000E+00  0.00000E+00  0.00000E+00 -2.95774E-08 -2.20476E-07  4.83816E-08
 OMEGA(3,3)    1.69568E-06 -1.96695E-06  7.13218E-07 -2.11846E-09  3.96309E-08  1.14689E-08  1.10858E-08  6.78344E-08  2.41109E-08  2.67485E-07  0.00000E+00  0.00000E+00  0.00000E+00 -7.69124E-08  0.00000E+00  0.00000E+00  0.00000E+00  1.54096E-07  8.18311E-08  0.00000E+00  0.00000E+00  0.00000E+00 -6.47687E-07  2.15643E-07 -9.01678E-07
 OMEGA(4,1)    0.00000E+00  0.00000E+00  0.00000E+00  0.00000E+00  0.00000E+00  0.00000E+00  0.00000E+00  0.00000E+00  0.00000E+00  0.00000E+00  0.00000E+00  0.00000E+00  0.00000E+00  0.00000E+00  0.00000E+00  0.00000E+00  0.00000E+00  0.00000E+00  0.00000E+00  0.00000E+00  0.00000E+00  0.00000E+00  0.00000E+00  0.00000E+00  0.00000E+00
 OMEGA(4,2)    0.00000E+00  0.00000E+00  0.00000E+00  0.00000E+00  0.00000E+00  0.00000E+00  0.00000E+00  0.00000E+00  0.00000E+00  0.00000E+00  0.00000E+00  0.00000E+00  0.00000E+00  0.00000E+00  0.00000E+00  0.00000E+00  0.00000E+00  0.00000E+00  0.00000E+00  0.00000E+00  0.00000E+00  0.00000E+00  0.00000E+00  0.00000E+00  0.00000E+00
 OMEGA(4,3)    0.00000E+00  0.00000E+00  0.00000E+00  0.00000E+00  0.00000E+00  0.00000E+00  0.00000E+00  0.00000E+00  0.00000E+00  0.00000E+00  0.00000E+00  0.00000E+00  0.00000E+00  0.00000E+00  0.00000E+00  0.00000E+00  0.00000E+00  0.00000E+00  0.00000E+00  0.00000E+00  0.00000E+00  0.00000E+00  0.00000E+00  0.00000E+00  0.00000E+00
 OMEGA(4,4)    2.90564E-04  1.52252E-04  4.48096E-04  3.61712E-08 -8.92406E-07 -7.13175E-08  8.02678E-08 -4.73455E-08 -1.51983E-07 -7.69124E-08  0.00000E+00  0.00000E+00  0.00000E+00  1.75213E-04  0.00000E+00  0.00000E+00  0.00000E+00  2.23105E-05  8.89995E-06  0.00000E+00  0.00000E+00  0.00000E+00  1.87603E-04 -1.62312E-05  2.30454E-04
 OMEGA(5,1)    0.00000E+00  0.00000E+00  0.00000E+00  0.00000E+00  0.00000E+00  0.00000E+00  0.00000E+00  0.00000E+00  0.00000E+00  0.00000E+00  0.00000E+00  0.00000E+00  0.00000E+00  0.00000E+00  0.00000E+00  0.00000E+00  0.00000E+00  0.00000E+00  0.00000E+00  0.00000E+00  0.00000E+00  0.00000E+00  0.00000E+00  0.00000E+00  0.00000E+00
 OMEGA(5,2)    0.00000E+00  0.00000E+00  0.00000E+00  0.00000E+00  0.00000E+00  0.00000E+00  0.00000E+00  0.00000E+00  0.00000E+00  0.00000E+00  0.00000E+00  0.00000E+00  0.00000E+00  0.00000E+00  0.00000E+00  0.00000E+00  0.00000E+00  0.00000E+00  0.00000E+00  0.00000E+00  0.00000E+00  0.00000E+00  0.00000E+00  0.00000E+00  0.00000E+00
 OMEGA(5,3)    0.00000E+00  0.00000E+00  0.00000E+00  0.00000E+00  0.00000E+00  0.00000E+00  0.00000E+00  0.00000E+00  0.00000E+00  0.00000E+00  0.00000E+00  0.00000E+00  0.00000E+00  0.00000E+00  0.00000E+00  0.00000E+00  0.00000E+00  0.00000E+00  0.00000E+00  0.00000E+00  0.00000E+00  0.00000E+00  0.00000E+00  0.00000E+00  0.00000E+00
 OMEGA(5,4)    2.21435E-04 -5.43424E-05  9.49287E-04 -3.22874E-08  8.99878E-08 -2.54048E-07  4.00568E-07  3.49369E-07  5.79413E-08  1.54096E-07  0.00000E+00  0.00000E+00  0.00000E+00  2.23105E-05  0.00000E+00  0.00000E+00  0.00000E+00  2.20159E-04 -1.89801E-04  0.00000E+00  0.00000E+00  0.00000E+00 -3.57111E-05  1.47216E-04 -5.73525E-05
 OMEGA(5,5)   -4.93301E-05  1.12521E-04 -7.90357E-04  8.07538E-08 -1.57380E-07  1.91393E-07 -5.03081E-07 -8.84449E-07  5.51105E-08  8.18311E-08  0.00000E+00  0.00000E+00  0.00000E+00  8.89995E-06  0.00000E+00  0.00000E+00  0.00000E+00 -1.89801E-04  3.43670E-04  0.00000E+00  0.00000E+00  0.00000E+00  3.50694E-05 -1.19388E-04  6.08491E-06
 OMEGA(6,1)    0.00000E+00  0.00000E+00  0.00000E+00  0.00000E+00  0.00000E+00  0.00000E+00  0.00000E+00  0.00000E+00  0.00000E+00  0.00000E+00  0.00000E+00  0.00000E+00  0.00000E+00  0.00000E+00  0.00000E+00  0.00000E+00  0.00000E+00  0.00000E+00  0.00000E+00  0.00000E+00  0.00000E+00  0.00000E+00  0.00000E+00  0.00000E+00  0.00000E+00
 OMEGA(6,2)    0.00000E+00  0.00000E+00  0.00000E+00  0.00000E+00  0.00000E+00  0.00000E+00  0.00000E+00  0.00000E+00  0.00000E+00  0.00000E+00  0.00000E+00  0.00000E+00  0.00000E+00  0.00000E+00  0.00000E+00  0.00000E+00  0.00000E+00  0.00000E+00  0.00000E+00  0.00000E+00  0.00000E+00  0.00000E+00  0.00000E+00  0.00000E+00  0.00000E+00
 OMEGA(6,3)    0.00000E+00  0.00000E+00  0.00000E+00  0.00000E+00  0.00000E+00  0.00000E+00  0.00000E+00  0.00000E+00  0.00000E+00  0.00000E+00  0.00000E+00  0.00000E+00  0.00000E+00  0.00000E+00  0.00000E+00  0.00000E+00  0.00000E+00  0.00000E+00  0.00000E+00  0.00000E+00  0.00000E+00  0.00000E+00  0.00000E+00  0.00000E+00  0.00000E+00
 OMEGA(6,4)    1.31166E-04  6.84057E-04  2.58060E-04  4.73811E-08 -7.69551E-07 -1.50744E-07  4.53873E-07 -3.36193E-07 -2.95774E-08 -6.47687E-07  0.00000E+00  0.00000E+00  0.00000E+00  1.87603E-04  0.00000E+00  0.00000E+00  0.00000E+00 -3.57111E-05  3.50694E-05  0.00000E+00  0.00000E+00  0.00000E+00  4.17896E-04 -1.29429E-04  5.97294E-04
 OMEGA(6,5)    3.21536E-04 -2.60158E-04  5.10509E-04 -9.99111E-09  3.01596E-08 -2.52077E-07 -1.92983E-08 -2.69201E-08 -2.20476E-07  2.15643E-07  0.00000E+00  0.00000E+00  0.00000E+00 -1.62312E-05  0.00000E+00  0.00000E+00  0.00000E+00  1.47216E-04 -1.19388E-04  0.00000E+00  0.00000E+00  0.00000E+00 -1.29429E-04  1.95878E-04 -2.40453E-04
 OMEGA(6,6)   -1.62899E-05  8.30217E-04  3.16850E-04  7.95362E-09 -6.29402E-07 -5.46395E-07  8.73771E-07 -5.77395E-07  4.83816E-08 -9.01678E-07  0.00000E+00  0.00000E+00  0.00000E+00  2.30454E-04  0.00000E+00  0.00000E+00  0.00000E+00 -5.73525E-05  6.08491E-06  0.00000E+00  0.00000E+00  0.00000E+00  5.97294E-04 -2.40453E-04  1.04979E-03
TABLE NO.     2: Importance Sampling (No Prior): Problem=1 Subproblem=0 Superproblem1=0 Iteration1=0 Superproblem2=0 Iteration2=0
 NAME         THETA1       THETA2       THETA3       SIGMA(1,1)   OMEGA(1,1)   OMEGA(2,1)   OMEGA(2,2)   OMEGA(3,1)   OMEGA(3,2)   OMEGA(3,3)   OMEGA(4,1)   OMEGA(4,2)   OMEGA(4,3)   OMEGA(4,4)   OMEGA(5,1)   OMEGA(5,2)   OMEGA(5,3)   OMEGA(5,4)   OMEGA(5,5)   OMEGA(6,1)   OMEGA(6,2)   OMEGA(6,3)   OMEGA(6,4)   OMEGA(6,5)   OMEGA(6,6)
 THETA1        3.18705E-03 -4.94136E-04  2.87559E-03  3.18673E-08 -6.79764E-07 -2.18244E-06 -2.34933E-06 -1.75464E-06 -4.67963E-07  1.62199E-06  0.00000E+00  0.00000E+00  0.00000E+00  2.46653E-04  0.00000E+00  0.00000E+00  0.00000E+00  1.68989E-04 -3.38620E-05  0.00000E+00  0.00000E+00  0.00000E+00  1.22505E-04  2.75230E-04 -1.27100E-05
 THETA2       -4.94136E-04  3.19488E-03 -2.82111E-04  9.18794E-08 -3.17117E-06 -1.92222E-07  7.18627E-07 -7.13009E-07  5.93102E-07 -1.46133E-06  0.00000E+00  0.00000E+00  0.00000E+00  1.22797E-04  0.00000E+00  0.00000E+00  0.00000E+00 -3.56373E-05  9.33447E-05  0.00000E+00  0.00000E+00  0.00000E+00  5.43252E-04 -2.02736E-04  6.35300E-04
 THETA3        2.87559E-03 -2.82111E-04  7.02154E-03 -1.21727E-07 -1.67899E-06 -2.00774E-06  7.02247E-07 -1.27233E-06  7.58298E-07  6.35499E-07  0.00000E+00  0.00000E+00  0.00000E+00  3.51596E-04  0.00000E+00  0.00000E+00  0.00000E+00  6.84695E-04 -5.32476E-04  0.00000E+00  0.00000E+00  0.00000E+00  2.11581E-04  3.76034E-04  2.30757E-04
 SIGMA(1,1)    3.18673E-08  9.18794E-08 -1.21727E-07  3.04535E-09 -2.64342E-09 -7.01314E-10 -5.77396E-10 -1.01165E-09 -5.55055E-10 -6.31458E-10  0.00000E+00  0.00000E+00  0.00000E+00  3.19142E-08  0.00000E+00  0.00000E+00  0.00000E+00 -1.76257E-08  5.83172E-08  0.00000E+00  0.00000E+00  0.00000E+00  3.81594E-08 -3.56868E-09  3.44746E-09
 OMEGA(1,1)   -6.79764E-07 -3.17117E-06 -1.67899E-06 -2.64342E-09  7.68592E-07  4.98851E-08  2.93117E-09  1.06701E-07  4.13286E-09  9.12654E-09  0.00000E+00  0.00000E+00  0.00000E+00 -1.07982E-06  0.00000E+00  0.00000E+00  0.00000E+00  2.24050E-07 -6.24895E-07  0.00000E+00  0.00000E+00  0.00000E+00 -9.39829E-07  1.55430E-07 -1.03485E-06
 OMEGA(2,1)   -2.18244E-06 -1.92222E-07 -2.00774E-06 -7.01314E-10  4.98851E-08  2.84188E-07  2.24208E-08  3.99832E-08  1.97784E-08  3.50279E-09  0.00000E+00  0.00000E+00  0.00000E+00 -6.70894E-08  0.00000E+00  0.00000E+00  0.00000E+00 -1.73843E-07  8.49871E-08  0.00000E+00  0.00000E+00  0.00000E+00 -1.38671E-07 -2.03745E-07 -4.90986E-07
 OMEGA(2,2)   -2.34933E-06  7.18627E-07  7.02247E-07 -5.77396E-10  2.93117E-09  2.24208E-08  2.57481E-07  4.18881E-09  2.96600E-08  7.83036E-10  0.00000E+00  0.00000E+00  0.00000E+00 -7.76166E-08  0.00000E+00  0.00000E+00  0.00000E+00  3.22621E-07 -4.95718E-07  0.00000E+00  0.00000E+00  0.00000E+00  2.49346E-07  4.13654E-08  4.64857E-07
 OMEGA(3,1)   -1.75464E-06 -7.13009E-07 -1.27233E-06 -1.01165E-09  1.06701E-07  3.99832E-08  4.18881E-09  3.59689E-07  1.28626E-08  3.72403E-08  0.00000E+00  0.00000E+00  0.00000E+00 -1.21433E-07  0.00000E+00  0.00000E+00  0.00000E+00  1.58822E-07 -5.67968E-07  0.00000E+00  0.00000E+00  0.00000E+00 -2.68417E-07 -9.12600E-08 -4.40800E-07
 OMEGA(3,2)   -4.67963E-07  5.93102E-07  7.58298E-07 -5.55055E-10  4.13286E-09  1.97784E-08  2.96600E-08  1.28626E-08  1.30493E-07  2.88340E-08  0.00000E+00  0.00000E+00  0.00000E+00 -1.53344E-07  0.00000E+00  0.00000E+00  0.00000E+00  4.10406E-08  7.24773E-08  0.00000E+00  0.00000E+00  0.00000E+00 -8.18033E-08 -1.62927E-07 -6.85310E-08
 OMEGA(3,3)    1.62199E-06 -1.46133E-06  6.35499E-07 -6.31458E-10  9.12654E-09  3.50279E-09  7.83036E-10  3.72403E-08  2.88340E-08  2.59875E-07  0.00000E+00  0.00000E+00  0.00000E+00 -1.92489E-07  0.00000E+00  0.00000E+00  0.00000E+00  1.36932E-07 -2.03842E-08  0.00000E+00  0.00000E+00  0.00000E+00 -6.26614E-07  2.21578E-07 -9.48095E-07
 OMEGA(4,1)    0.00000E+00  0.00000E+00  0.00000E+00  0.00000E+00  0.00000E+00  0.00000E+00  0.00000E+00  0.00000E+00  0.00000E+00  0.00000E+00  0.00000E+00  0.00000E+00  0.00000E+00  0.00000E+00  0.00000E+00  0.00000E+00  0.00000E+00  0.00000E+00  0.00000E+00  0.00000E+00  0.00000E+00  0.00000E+00  0.00000E+00  0.00000E+00  0.00000E+00
 OMEGA(4,2)    0.00000E+00  0.00000E+00  0.00000E+00  0.00000E+00  0.00000E+00  0.00000E+00  0.00000E+00  0.00000E+00  0.00000E+00  0.00000E+00  0.00000E+00  0.00000E+00  0.00000E+00  0.00000E+00  0.00000E+00  0.00000E+00  0.00000E+00  0.00000E+00  0.00000E+00  0.00000E+00  0.00000E+00  0.00000E+00  0.00000E+00  0.00000E+00  0.00000E+00
 OMEGA(4,3)    0.00000E+00  0.00000E+00  0.00000E+00  0.00000E+00  0.00000E+00  0.00000E+00  0.00000E+00  0.00000E+00  0.00000E+00  0.00000E+00  0.00000E+00  0.00000E+00  0.00000E+00  0.00000E+00  0.00000E+00  0.00000E+00  0.00000E+00  0.00000E+00  0.00000E+00  0.00000E+00  0.00000E+00  0.00000E+00  0.00000E+00  0.00000E+00  0.00000E+00
 OMEGA(4,4)    2.46653E-04  1.22797E-04  3.51596E-04  3.19142E-08 -1.07982E-06 -6.70894E-08 -7.76166E-08 -1.21433E-07 -1.53344E-07 -1.92489E-07  0.00000E+00  0.00000E+00  0.00000E+00  1.47504E-04  0.00000E+00  0.00000E+00  0.00000E+00  1.38862E-05  3.87826E-06  0.00000E+00  0.00000E+00  0.00000E+00  1.53548E-04 -1.14071E-05  1.76894E-04
 OMEGA(5,1)    0.00000E+00  0.00000E+00  0.00000E+00  0.00000E+00  0.00000E+00  0.00000E+00  0.00000E+00  0.00000E+00  0.00000E+00  0.00000E+00  0.00000E+00  0.00000E+00  0.00000E+00  0.00000E+00  0.00000E+00  0.00000E+00  0.00000E+00  0.00000E+00  0.00000E+00  0.00000E+00  0.00000E+00  0.00000E+00  0.00000E+00  0.00000E+00  0.00000E+00
 OMEGA(5,2)    0.00000E+00  0.00000E+00  0.00000E+00  0.00000E+00  0.00000E+00  0.00000E+00  0.00000E+00  0.00000E+00  0.00000E+00  0.00000E+00  0.00000E+00  0.00000E+00  0.00000E+00  0.00000E+00  0.00000E+00  0.00000E+00  0.00000E+00  0.00000E+00  0.00000E+00  0.00000E+00  0.00000E+00  0.00000E+00  0.00000E+00  0.00000E+00  0.00000E+00
 OMEGA(5,3)    0.00000E+00  0.00000E+00  0.00000E+00  0.00000E+00  0.00000E+00  0.00000E+00  0.00000E+00  0.00000E+00  0.00000E+00  0.00000E+00  0.00000E+00  0.00000E+00  0.00000E+00  0.00000E+00  0.00000E+00  0.00000E+00  0.00000E+00  0.00000E+00  0.00000E+00  0.00000E+00  0.00000E+00  0.00000E+00  0.00000E+00  0.00000E+00  0.00000E+00
 OMEGA(5,4)    1.68989E-04 -3.56373E-05  6.84695E-04 -1.76257E-08  2.24050E-07 -1.73843E-07  3.22621E-07  1.58822E-07  4.10406E-08  1.36932E-07  0.00000E+00  0.00000E+00  0.00000E+00  1.38862E-05  0.00000E+00  0.00000E+00  0.00000E+00  1.61900E-04 -1.27145E-04  0.00000E+00  0.00000E+00  0.00000E+00 -2.74460E-05  1.11285E-04 -4.62605E-05
 OMEGA(5,5)   -3.38620E-05  9.33447E-05 -5.32476E-04  5.83172E-08 -6.24895E-07  8.49871E-08 -4.95718E-07 -5.67968E-07  7.24773E-08 -2.03842E-08  0.00000E+00  0.00000E+00  0.00000E+00  3.87826E-06  0.00000E+00  0.00000E+00  0.00000E+00 -1.27145E-04  2.48392E-04  0.00000E+00  0.00000E+00  0.00000E+00  2.00713E-05 -8.17325E-05 -8.31050E-06
 OMEGA(6,1)    0.00000E+00  0.00000E+00  0.00000E+00  0.00000E+00  0.00000E+00  0.00000E+00  0.00000E+00  0.00000E+00  0.00000E+00  0.00000E+00  0.00000E+00  0.00000E+00  0.00000E+00  0.00000E+00  0.00000E+00  0.00000E+00  0.00000E+00  0.00000E+00  0.00000E+00  0.00000E+00  0.00000E+00  0.00000E+00  0.00000E+00  0.00000E+00  0.00000E+00
 OMEGA(6,2)    0.00000E+00  0.00000E+00  0.00000E+00  0.00000E+00  0.00000E+00  0.00000E+00  0.00000E+00  0.00000E+00  0.00000E+00  0.00000E+00  0.00000E+00  0.00000E+00  0.00000E+00  0.00000E+00  0.00000E+00  0.00000E+00  0.00000E+00  0.00000E+00  0.00000E+00  0.00000E+00  0.00000E+00  0.00000E+00  0.00000E+00  0.00000E+00  0.00000E+00
 OMEGA(6,3)    0.00000E+00  0.00000E+00  0.00000E+00  0.00000E+00  0.00000E+00  0.00000E+00  0.00000E+00  0.00000E+00  0.00000E+00  0.00000E+00  0.00000E+00  0.00000E+00  0.00000E+00  0.00000E+00  0.00000E+00  0.00000E+00  0.00000E+00  0.00000E+00  0.00000E+00  0.00000E+00  0.00000E+00  0.00000E+00  0.00000E+00  0.00000E+00  0.00000E+00
 OMEGA(6,4)    1.22505E-04  5.43252E-04  2.11581E-04  3.81594E-08 -9.39829E-07 -1.38671E-07  2.49346E-07 -2.68417E-07 -8.18033E-08 -6.26614E-07  0.00000E+00  0.00000E+00  0.00000E+00  1.53548E-04  0.00000E+00  0.00000E+00  0.00000E+00 -2.74460E-05  2.00713E-05  0.00000E+00  0.00000E+00  0.00000E+00  3.34071E-04 -9.71769E-05  4.66474E-04
 OMEGA(6,5)    2.75230E-04 -2.02736E-04  3.76034E-04 -3.56868E-09  1.55430E-07 -2.03745E-07  4.13654E-08 -9.12600E-08 -1.62927E-07  2.21578E-07  0.00000E+00  0.00000E+00  0.00000E+00 -1.14071E-05  0.00000E+00  0.00000E+00  0.00000E+00  1.11285E-04 -8.17325E-05  0.00000E+00  0.00000E+00  0.00000E+00 -9.71769E-05  1.58764E-04 -1.84547E-04
 OMEGA(6,6)   -1.27100E-05  6.35300E-04  2.30757E-04  3.44746E-09 -1.03485E-06 -4.90986E-07  4.64857E-07 -4.40800E-07 -6.85310E-08 -9.48095E-07  0.00000E+00  0.00000E+00  0.00000E+00  1.76894E-04  0.00000E+00  0.00000E+00  0.00000E+00 -4.62605E-05 -8.31050E-06  0.00000E+00  0.00000E+00  0.00000E+00  4.66474E-04 -1.84547E-04  8.26225E-04
TABLE NO.     3: MCMC Bayesian Analysis: Problem=1 Subproblem=0 Superproblem1=0 Iteration1=0 Superproblem2=0 Iteration2=0
 NAME         THETA1       THETA2       THETA3       SIGMA(1,1)   OMEGA(1,1)   OMEGA(2,1)   OMEGA(2,2)   OMEGA(3,1)   OMEGA(3,2)   OMEGA(3,3)   OMEGA(4,1)   OMEGA(4,2)   OMEGA(4,3)   OMEGA(4,4)   OMEGA(5,1)   OMEGA(5,2)   OMEGA(5,3)   OMEGA(5,4)   OMEGA(5,5)   OMEGA(6,1)   OMEGA(6,2)   OMEGA(6,3)   OMEGA(6,4)   OMEGA(6,5)   OMEGA(6,6)
 THETA1        2.47440E-03 -3.14261E-04  1.78367E-03  7.95737E-08  1.14157E-07  2.71978E-07 -1.32683E-07  7.27955E-07  1.34590E-07  4.15140E-07  0.00000E+00  0.00000E+00  0.00000E+00  6.16578E-06  0.00000E+00  0.00000E+00  0.00000E+00  4.01126E-06  3.04562E-05  0.00000E+00  0.00000E+00  0.00000E+00 -6.12214E-06  4.11336E-06 -1.24856E-05
 THETA2       -3.14261E-04  2.03999E-03 -3.33805E-04 -1.87191E-08  6.43226E-07 -7.86432E-08  7.34274E-08  4.03958E-07  3.77062E-07  4.17193E-07  0.00000E+00  0.00000E+00  0.00000E+00  2.80921E-05  0.00000E+00  0.00000E+00  0.00000E+00 -2.25278E-05 -1.05075E-05  0.00000E+00  0.00000E+00  0.00000E+00  2.78444E-05 -2.14123E-05  1.92865E-05
 THETA3        1.78367E-03 -3.33805E-04  3.90553E-03 -8.33864E-08  1.09406E-06  6.33533E-07 -1.13703E-06  2.98959E-07 -4.11232E-07 -1.12988E-07  0.00000E+00  0.00000E+00  0.00000E+00  3.05654E-05  0.00000E+00  0.00000E+00  0.00000E+00 -1.67548E-05  2.95488E-05  0.00000E+00  0.00000E+00  0.00000E+00 -1.89405E-06 -2.82049E-05 -2.71307E-05
 SIGMA(1,1)    7.95737E-08 -1.87191E-08 -8.33864E-08  3.05280E-09 -1.20260E-09 -1.30788E-09  9.92598E-10 -2.29520E-10  1.02220E-10 -2.27832E-11  0.00000E+00  0.00000E+00  0.00000E+00  7.18735E-09  0.00000E+00  0.00000E+00  0.00000E+00 -1.12700E-08  2.13288E-08  0.00000E+00  0.00000E+00  0.00000E+00 -8.86814E-09 -3.88272E-09 -1.71479E-08
 OMEGA(1,1)    1.14157E-07  6.43226E-07  1.09406E-06 -1.20260E-09  6.21491E-07  4.29532E-08 -4.75885E-10  9.75109E-08 -8.36901E-09  1.21496E-08  0.00000E+00  0.00000E+00  0.00000E+00 -1.16473E-07  0.00000E+00  0.00000E+00  0.00000E+00  1.24069E-08 -2.05585E-07  0.00000E+00  0.00000E+00  0.00000E+00  5.24801E-08 -1.11801E-07  5.25144E-07
 OMEGA(2,1)    2.71978E-07 -7.86432E-08  6.33533E-07 -1.30788E-09  4.29532E-08  2.79365E-07  1.04577E-08  3.06640E-08  1.45917E-08 -3.51540E-09  0.00000E+00  0.00000E+00  0.00000E+00 -2.33658E-08  0.00000E+00  0.00000E+00  0.00000E+00  1.65437E-07  7.17754E-08  0.00000E+00  0.00000E+00  0.00000E+00 -4.92401E-08  1.93040E-07  1.25398E-07
 OMEGA(2,2)   -1.32683E-07  7.34274E-08 -1.13703E-06  9.92598E-10 -4.75885E-10  1.04577E-08  2.38097E-07 -5.73621E-09  2.82599E-08  2.16542E-09  0.00000E+00  0.00000E+00  0.00000E+00  2.88094E-07  0.00000E+00  0.00000E+00  0.00000E+00  1.85466E-07 -1.19915E-07  0.00000E+00  0.00000E+00  0.00000E+00  1.21427E-07  1.04292E-07  2.26399E-07
 OMEGA(3,1)    7.27955E-07  4.03958E-07  2.98959E-07 -2.29520E-10  9.75109E-08  3.06640E-08 -5.73621E-09  3.10923E-07 -5.44227E-10  1.74309E-08  0.00000E+00  0.00000E+00  0.00000E+00 -1.75221E-07  0.00000E+00  0.00000E+00  0.00000E+00 -8.32502E-09  1.00784E-07  0.00000E+00  0.00000E+00  0.00000E+00 -4.37105E-08  5.13416E-08 -4.24369E-07
 OMEGA(3,2)    1.34590E-07  3.77062E-07 -4.11232E-07  1.02220E-10 -8.36901E-09  1.45917E-08  2.82599E-08 -5.44227E-10  1.31347E-07  2.13402E-08  0.00000E+00  0.00000E+00  0.00000E+00  1.53446E-07  0.00000E+00  0.00000E+00  0.00000E+00  9.99430E-08 -2.82674E-07  0.00000E+00  0.00000E+00  0.00000E+00  2.39692E-08  2.06426E-07 -9.72209E-08
 OMEGA(3,3)    4.15140E-07  4.17193E-07 -1.12988E-07 -2.27832E-11  1.21496E-08 -3.51540E-09  2.16542E-09  1.74309E-08  2.13402E-08  2.77622E-07  0.00000E+00  0.00000E+00  0.00000E+00  4.30409E-07  0.00000E+00  0.00000E+00  0.00000E+00 -1.31725E-07  2.69744E-09  0.00000E+00  0.00000E+00  0.00000E+00  5.57797E-07 -1.28268E-07  7.94144E-07
 OMEGA(4,1)    0.00000E+00  0.00000E+00  0.00000E+00  0.00000E+00  0.00000E+00  0.00000E+00  0.00000E+00  0.00000E+00  0.00000E+00  0.00000E+00  0.00000E+00  0.00000E+00  0.00000E+00  0.00000E+00  0.00000E+00  0.00000E+00  0.00000E+00  0.00000E+00  0.00000E+00  0.00000E+00  0.00000E+00  0.00000E+00  0.00000E+00  0.00000E+00  0.00000E+00
 OMEGA(4,2)    0.00000E+00  0.00000E+00  0.00000E+00  0.00000E+00  0.00000E+00  0.00000E+00  0.00000E+00  0.00000E+00  0.00000E+00  0.00000E+00  0.00000E+00  0.00000E+00  0.00000E+00  0.00000E+00  0.00000E+00  0.00000E+00  0.00000E+00  0.00000E+00  0.00000E+00  0.00000E+00  0.00000E+00  0.00000E+00  0.00000E+00  0.00000E+00  0.00000E+00
 OMEGA(4,3)    0.00000E+00  0.00000E+00  0.00000E+00  0.00000E+00  0.00000E+00  0.00000E+00  0.00000E+00  0.00000E+00  0.00000E+00  0.00000E+00  0.00000E+00  0.00000E+00  0.00000E+00  0.00000E+00  0.00000E+00  0.00000E+00  0.00000E+00  0.00000E+00  0.00000E+00  0.00000E+00  0.00000E+00  0.00000E+00  0.00000E+00  0.00000E+00  0.00000E+00
 OMEGA(4,4)    6.16578E-06  2.80921E-05  3.05654E-05  7.18735E-09 -1.16473E-07 -2.33658E-08  2.88094E-07 -1.75221E-07  1.53446E-07  4.30409E-07  0.00000E+00  0.00000E+00  0.00000E+00  2.31684E-04  0.00000E+00  0.00000E+00  0.00000E+00 -3.36963E-05  1.64466E-05  0.00000E+00  0.00000E+00  0.00000E+00  1.72488E-04 -2.73693E-05  1.40972E-04
 OMEGA(5,1)    0.00000E+00  0.00000E+00  0.00000E+00  0.00000E+00  0.00000E+00  0.00000E+00  0.00000E+00  0.00000E+00  0.00000E+00  0.00000E+00  0.00000E+00  0.00000E+00  0.00000E+00  0.00000E+00  0.00000E+00  0.00000E+00  0.00000E+00  0.00000E+00  0.00000E+00  0.00000E+00  0.00000E+00  0.00000E+00  0.00000E+00  0.00000E+00  0.00000E+00
 OMEGA(5,2)    0.00000E+00  0.00000E+00  0.00000E+00  0.00000E+00  0.00000E+00  0.00000E+00  0.00000E+00  0.00000E+00  0.00000E+00  0.00000E+00  0.00000E+00  0.00000E+00  0.00000E+00  0.00000E+00  0.00000E+00  0.00000E+00  0.00000E+00  0.00000E+00  0.00000E+00  0.00000E+00  0.00000E+00  0.00000E+00  0.00000E+00  0.00000E+00  0.00000E+00
 OMEGA(5,3)    0.00000E+00  0.00000E+00  0.00000E+00  0.00000E+00  0.00000E+00  0.00000E+00  0.00000E+00  0.00000E+00  0.00000E+00  0.00000E+00  0.00000E+00  0.00000E+00  0.00000E+00  0.00000E+00  0.00000E+00  0.00000E+00  0.00000E+00  0.00000E+00  0.00000E+00  0.00000E+00  0.00000E+00  0.00000E+00  0.00000E+00  0.00000E+00  0.00000E+00
 OMEGA(5,4)    4.01126E-06 -2.25278E-05 -1.67548E-05 -1.12700E-08  1.24069E-08  1.65437E-07  1.85466E-07 -8.32502E-09  9.99430E-08 -1.31725E-07  0.00000E+00  0.00000E+00  0.00000E+00 -3.36963E-05  0.00000E+00  0.00000E+00  0.00000E+00  9.36789E-05 -2.87000E-05  0.00000E+00  0.00000E+00  0.00000E+00 -3.18080E-05  7.12789E-05 -2.96085E-05
 OMEGA(5,5)    3.04562E-05 -1.05075E-05  2.95488E-05  2.13288E-08 -2.05585E-07  7.17754E-08 -1.19915E-07  1.00784E-07 -2.82674E-07  2.69744E-09  0.00000E+00  0.00000E+00  0.00000E+00  1.64466E-05  0.00000E+00  0.00000E+00  0.00000E+00 -2.87000E-05  1.78732E-04  0.00000E+00  0.00000E+00  0.00000E+00  7.83770E-06 -3.55199E-05  1.54247E-05
 OMEGA(6,1)    0.00000E+00  0.00000E+00  0.00000E+00  0.00000E+00  0.00000E+00  0.00000E+00  0.00000E+00  0.00000E+00  0.00000E+00  0.00000E+00  0.00000E+00  0.00000E+00  0.00000E+00  0.00000E+00  0.00000E+00  0.00000E+00  0.00000E+00  0.00000E+00  0.00000E+00  0.00000E+00  0.00000E+00  0.00000E+00  0.00000E+00  0.00000E+00  0.00000E+00
 OMEGA(6,2)    0.00000E+00  0.00000E+00  0.00000E+00  0.00000E+00  0.00000E+00  0.00000E+00  0.00000E+00  0.00000E+00  0.00000E+00  0.00000E+00  0.00000E+00  0.00000E+00  0.00000E+00  0.00000E+00  0.00000E+00  0.00000E+00  0.00000E+00  0.00000E+00  0.00000E+00  0.00000E+00  0.00000E+00  0.00000E+00  0.00000E+00  0.00000E+00  0.00000E+00
 OMEGA(6,3)    0.00000E+00  0.00000E+00  0.00000E+00  0.00000E+00  0.00000E+00  0.00000E+00  0.00000E+00  0.00000E+00  0.00000E+00  0.00000E+00  0.00000E+00  0.00000E+00  0.00000E+00  0.00000E+00  0.00000E+00  0.00000E+00  0.00000E+00  0.00000E+00  0.00000E+00  0.00000E+00  0.00000E+00  0.00000E+00  0.00000E+00  0.00000E+00  0.00000E+00
 OMEGA(6,4)   -6.12214E-06  2.78444E-05 -1.89405E-06 -8.86814E-09  5.24801E-08 -4.92401E-08  1.21427E-07 -4.37105E-08  2.39692E-08  5.57797E-07  0.00000E+00  0.00000E+00  0.00000E+00  1.72488E-04  0.00000E+00  0.00000E+00  0.00000E+00 -3.18080E-05  7.83770E-06  0.00000E+00  0.00000E+00  0.00000E+00  2.45802E-04 -3.75091E-05  2.82687E-04
 OMEGA(6,5)    4.11336E-06 -2.14123E-05 -2.82049E-05 -3.88272E-09 -1.11801E-07  1.93040E-07  1.04292E-07  5.13416E-08  2.06426E-07 -1.28268E-07  0.00000E+00  0.00000E+00  0.00000E+00 -2.73693E-05  0.00000E+00  0.00000E+00  0.00000E+00  7.12789E-05 -3.55199E-05  0.00000E+00  0.00000E+00  0.00000E+00 -3.75091E-05  1.46393E-04 -5.13851E-05
 OMEGA(6,6)   -1.24856E-05  1.92865E-05 -2.71307E-05 -1.71479E-08  5.25144E-07  1.25398E-07  2.26399E-07 -4.24369E-07 -9.72209E-08  7.94144E-07  0.00000E+00  0.00000E+00  0.00000E+00  1.40972E-04  0.00000E+00  0.00000E+00  0.00000E+00 -2.96085E-05  1.54247E-05  0.00000E+00  0.00000E+00  0.00000E+00  2.82687E-04 -5.13851E-05  6.01612E-04
TABLE NO.     4: First Order Conditional Estimation with Interaction (No Prior): Problem=1 Subproblem=0 Superproblem1=0 Iteration1=0 Superproblem2=0 Iteration2=0
 NAME         THETA1       THETA2       THETA3       SIGMA(1,1)   OMEGA(1,1)   OMEGA(2,1)   OMEGA(2,2)   OMEGA(3,1)   OMEGA(3,2)   OMEGA(3,3)   OMEGA(4,1)   OMEGA(4,2)   OMEGA(4,3)   OMEGA(4,4)   OMEGA(5,1)   OMEGA(5,2)   OMEGA(5,3)   OMEGA(5,4)   OMEGA(5,5)   OMEGA(6,1)   OMEGA(6,2)   OMEGA(6,3)   OMEGA(6,4)   OMEGA(6,5)   OMEGA(6,6)
 THETA1        1.86785E-03 -3.56441E-04  1.55897E-03  4.44145E-09 -2.54146E-08 -1.75983E-07  5.60266E-09  2.49641E-07 -3.37675E-10  1.99380E-08  0.00000E+00  0.00000E+00  0.00000E+00  1.08707E-05  0.00000E+00  0.00000E+00  0.00000E+00 -9.29620E-07 -1.57235E-07  0.00000E+00  0.00000E+00  0.00000E+00  5.94587E-06  1.48148E-07  1.60825E-06
 THETA2       -3.56441E-04  1.54276E-03 -3.90224E-04  4.10671E-09  1.38979E-08 -4.85432E-08  6.18563E-09  7.43563E-08  3.09503E-10  5.51875E-09  0.00000E+00  0.00000E+00  0.00000E+00 -1.19884E-06  0.00000E+00  0.00000E+00  0.00000E+00  3.26088E-06  8.34395E-07  0.00000E+00  0.00000E+00  0.00000E+00 -8.34819E-07  4.87427E-07 -4.82400E-07
 THETA3        1.55897E-03 -3.90224E-04  2.98472E-03  5.54169E-09  8.62634E-09 -9.50162E-08  8.10491E-09  1.42906E-07  1.89938E-10  1.00969E-08  0.00000E+00  0.00000E+00  0.00000E+00  7.79756E-06  0.00000E+00  0.00000E+00  0.00000E+00 -1.01386E-06 -3.20452E-08  0.00000E+00  0.00000E+00  0.00000E+00  7.95383E-06  3.34346E-07  2.55464E-06
 SIGMA(1,1)    4.44145E-09  4.10671E-09  5.54169E-09  3.00255E-09 -1.97157E-09 -6.69205E-10 -4.38025E-10 -7.64404E-10 -4.66098E-10 -5.21482E-10  0.00000E+00  0.00000E+00  0.00000E+00  8.79040E-09  0.00000E+00  0.00000E+00  0.00000E+00  4.47713E-09  2.16268E-09  0.00000E+00  0.00000E+00  0.00000E+00  8.75354E-09  4.52178E-09  8.43608E-09
 OMEGA(1,1)   -2.54146E-08  1.38979E-08  8.62634E-09 -1.97157E-09  7.38864E-07  5.09268E-08  2.46368E-09  9.47922E-08  3.47076E-09  5.16964E-09  0.00000E+00  0.00000E+00  0.00000E+00  5.68372E-08  0.00000E+00  0.00000E+00  0.00000E+00  4.30193E-09 -3.02550E-10  0.00000E+00  0.00000E+00  0.00000E+00  6.88212E-09 -1.46711E-09 -6.02710E-09
 OMEGA(2,1)   -1.75983E-07 -4.85432E-08 -9.50162E-08 -6.69205E-10  5.09268E-08  2.81590E-07  2.27596E-08  3.63356E-08  1.91614E-08  3.94427E-09  0.00000E+00  0.00000E+00  0.00000E+00  9.09357E-09  0.00000E+00  0.00000E+00  0.00000E+00  1.68780E-08  4.82407E-09  0.00000E+00  0.00000E+00  0.00000E+00  1.10402E-09  3.34783E-09 -1.53513E-09
 OMEGA(2,2)    5.60266E-09  6.18563E-09  8.10491E-09 -4.38025E-10  2.46368E-09  2.27596E-08  2.53468E-07  2.68274E-09  2.90046E-08  3.35709E-09  0.00000E+00  0.00000E+00  0.00000E+00 -7.67887E-10  0.00000E+00  0.00000E+00  0.00000E+00  6.47282E-09  6.08092E-09  0.00000E+00  0.00000E+00  0.00000E+00 -6.98287E-10  3.60903E-09 -5.98585E-10
 OMEGA(3,1)    2.49641E-07  7.43563E-08  1.42906E-07 -7.64404E-10  9.47922E-08  3.63356E-08  2.68274E-09  3.48945E-07  1.32823E-08  3.53742E-08  0.00000E+00  0.00000E+00  0.00000E+00  9.76215E-09  0.00000E+00  0.00000E+00  0.00000E+00  1.61777E-09  5.08576E-12  0.00000E+00  0.00000E+00  0.00000E+00  2.08071E-08  2.70222E-09  7.98082E-09
 OMEGA(3,2)   -3.37675E-10  3.09503E-10  1.89938E-10 -4.66098E-10  3.47076E-09  1.91614E-08  2.90046E-08  1.32823E-08  1.28962E-07  2.83866E-08  0.00000E+00  0.00000E+00  0.00000E+00  6.83497E-10  0.00000E+00  0.00000E+00  0.00000E+00  1.97135E-10  1.48401E-09  0.00000E+00  0.00000E+00  0.00000E+00  3.14593E-09  2.26932E-09  3.18132E-09
 OMEGA(3,3)    1.99380E-08  5.51875E-09  1.00969E-08 -5.21482E-10  5.16964E-09  3.94427E-09  3.35709E-09  3.53742E-08  2.83866E-08  2.54796E-07  0.00000E+00  0.00000E+00  0.00000E+00 -1.51891E-09  0.00000E+00  0.00000E+00  0.00000E+00  3.57097E-11 -7.96683E-11  0.00000E+00  0.00000E+00  0.00000E+00 -8.26368E-10  1.14310E-09  2.50322E-09
 OMEGA(4,1)    0.00000E+00  0.00000E+00  0.00000E+00  0.00000E+00  0.00000E+00  0.00000E+00  0.00000E+00  0.00000E+00  0.00000E+00  0.00000E+00  0.00000E+00  0.00000E+00  0.00000E+00  0.00000E+00  0.00000E+00  0.00000E+00  0.00000E+00  0.00000E+00  0.00000E+00  0.00000E+00  0.00000E+00  0.00000E+00  0.00000E+00  0.00000E+00  0.00000E+00
 OMEGA(4,2)    0.00000E+00  0.00000E+00  0.00000E+00  0.00000E+00  0.00000E+00  0.00000E+00  0.00000E+00  0.00000E+00  0.00000E+00  0.00000E+00  0.00000E+00  0.00000E+00  0.00000E+00  0.00000E+00  0.00000E+00  0.00000E+00  0.00000E+00  0.00000E+00  0.00000E+00  0.00000E+00  0.00000E+00  0.00000E+00  0.00000E+00  0.00000E+00  0.00000E+00
 OMEGA(4,3)    0.00000E+00  0.00000E+00  0.00000E+00  0.00000E+00  0.00000E+00  0.00000E+00  0.00000E+00  0.00000E+00  0.00000E+00  0.00000E+00  0.00000E+00  0.00000E+00  0.00000E+00  0.00000E+00  0.00000E+00  0.00000E+00  0.00000E+00  0.00000E+00  0.00000E+00  0.00000E+00  0.00000E+00  0.00000E+00  0.00000E+00  0.00000E+00  0.00000E+00
 OMEGA(4,4)    1.08707E-05 -1.19884E-06  7.79756E-06  8.79040E-09  5.68372E-08  9.09357E-09 -7.67887E-10  9.76215E-09  6.83497E-10 -1.51891E-09  0.00000E+00  0.00000E+00  0.00000E+00  1.53002E-04  0.00000E+00  0.00000E+00  0.00000E+00 -1.58825E-05  1.65806E-06  0.00000E+00  0.00000E+00  0.00000E+00  1.25992E-04 -1.25220E-05  1.02850E-04
 OMEGA(5,1)    0.00000E+00  0.00000E+00  0.00000E+00  0.00000E+00  0.00000E+00  0.00000E+00  0.00000E+00  0.00000E+00  0.00000E+00  0.00000E+00  0.00000E+00  0.00000E+00  0.00000E+00  0.00000E+00  0.00000E+00  0.00000E+00  0.00000E+00  0.00000E+00  0.00000E+00  0.00000E+00  0.00000E+00  0.00000E+00  0.00000E+00  0.00000E+00  0.00000E+00
 OMEGA(5,2)    0.00000E+00  0.00000E+00  0.00000E+00  0.00000E+00  0.00000E+00  0.00000E+00  0.00000E+00  0.00000E+00  0.00000E+00  0.00000E+00  0.00000E+00  0.00000E+00  0.00000E+00  0.00000E+00  0.00000E+00  0.00000E+00  0.00000E+00  0.00000E+00  0.00000E+00  0.00000E+00  0.00000E+00  0.00000E+00  0.00000E+00  0.00000E+00  0.00000E+00
 OMEGA(5,3)    0.00000E+00  0.00000E+00  0.00000E+00  0.00000E+00  0.00000E+00  0.00000E+00  0.00000E+00  0.00000E+00  0.00000E+00  0.00000E+00  0.00000E+00  0.00000E+00  0.00000E+00  0.00000E+00  0.00000E+00  0.00000E+00  0.00000E+00  0.00000E+00  0.00000E+00  0.00000E+00  0.00000E+00  0.00000E+00  0.00000E+00  0.00000E+00  0.00000E+00
 OMEGA(5,4)   -9.29620E-07  3.26088E-06 -1.01386E-06  4.47713E-09  4.30193E-09  1.68780E-08  6.47282E-09  1.61777E-09  1.97135E-10  3.57097E-11  0.00000E+00  0.00000E+00  0.00000E+00 -1.58825E-05  0.00000E+00  0.00000E+00  0.00000E+00  6.01212E-05 -9.32487E-06  0.00000E+00  0.00000E+00  0.00000E+00 -1.66941E-05  4.89720E-05 -1.63963E-05
 OMEGA(5,5)   -1.57235E-07  8.34395E-07 -3.20452E-08  2.16268E-09 -3.02550E-10  4.82407E-09  6.08092E-09  5.08576E-12  1.48401E-09 -7.96683E-11  0.00000E+00  0.00000E+00  0.00000E+00  1.65806E-06  0.00000E+00  0.00000E+00  0.00000E+00 -9.32487E-06  8.24710E-05  0.00000E+00  0.00000E+00  0.00000E+00  1.85373E-06 -1.27823E-05  2.25655E-06
 OMEGA(6,1)    0.00000E+00  0.00000E+00  0.00000E+00  0.00000E+00  0.00000E+00  0.00000E+00  0.00000E+00  0.00000E+00  0.00000E+00  0.00000E+00  0.00000E+00  0.00000E+00  0.00000E+00  0.00000E+00  0.00000E+00  0.00000E+00  0.00000E+00  0.00000E+00  0.00000E+00  0.00000E+00  0.00000E+00  0.00000E+00  0.00000E+00  0.00000E+00  0.00000E+00
 OMEGA(6,2)    0.00000E+00  0.00000E+00  0.00000E+00  0.00000E+00  0.00000E+00  0.00000E+00  0.00000E+00  0.00000E+00  0.00000E+00  0.00000E+00  0.00000E+00  0.00000E+00  0.00000E+00  0.00000E+00  0.00000E+00  0.00000E+00  0.00000E+00  0.00000E+00  0.00000E+00  0.00000E+00  0.00000E+00  0.00000E+00  0.00000E+00  0.00000E+00  0.00000E+00
 OMEGA(6,3)    0.00000E+00  0.00000E+00  0.00000E+00  0.00000E+00  0.00000E+00  0.00000E+00  0.00000E+00  0.00000E+00  0.00000E+00  0.00000E+00  0.00000E+00  0.00000E+00  0.00000E+00  0.00000E+00  0.00000E+00  0.00000E+00  0.00000E+00  0.00000E+00  0.00000E+00  0.00000E+00  0.00000E+00  0.00000E+00  0.00000E+00  0.00000E+00  0.00000E+00
 OMEGA(6,4)    5.94587E-06 -8.34819E-07  7.95383E-06  8.75354E-09  6.88212E-09  1.10402E-09 -6.98287E-10  2.08071E-08  3.14593E-09 -8.26368E-10  0.00000E+00  0.00000E+00  0.00000E+00  1.25992E-04  0.00000E+00  0.00000E+00  0.00000E+00 -1.66941E-05  1.85373E-06  0.00000E+00  0.00000E+00  0.00000E+00  1.66038E-04 -1.80766E-05  1.85952E-04
 OMEGA(6,5)    1.48148E-07  4.87427E-07  3.34346E-07  4.52178E-09 -1.46711E-09  3.34783E-09  3.60903E-09  2.70222E-09  2.26932E-09  1.14310E-09  0.00000E+00  0.00000E+00  0.00000E+00 -1.25220E-05  0.00000E+00  0.00000E+00  0.00000E+00  4.89720E-05 -1.27823E-05  0.00000E+00  0.00000E+00  0.00000E+00 -1.80766E-05  8.39437E-05 -2.65954E-05
 OMEGA(6,6)    1.60825E-06 -4.82400E-07  2.55464E-06  8.43608E-09 -6.02710E-09 -1.53513E-09 -5.98585E-10  7.98082E-09  3.18132E-09  2.50322E-09  0.00000E+00  0.00000E+00  0.00000E+00  1.02850E-04  0.00000E+00  0.00000E+00  0.00000E+00 -1.63963E-05  2.25655E-06  0.00000E+00  0.00000E+00  0.00000E+00  1.85952E-04 -2.65954E-05  3.23564E-04
