TABLE NO.     1: Iterative Two Stage: Problem=1 Subproblem=0 Superproblem1=0 Iteration1=0 Superproblem2=0 Iteration2=0
 NAME         THETA1       THETA2       SIGMA(1,1)   OMEGA(1,1)   OMEGA(2,1)   OMEGA(2,2)   OMEGA(3,1)   OMEGA(3,2)   OMEGA(3,3)   OMEGA(4,1)   OMEGA(4,2)   OMEGA(4,3)   OMEGA(4,4)   OMEGA(5,1)   OMEGA(5,2)   OMEGA(5,3)   OMEGA(5,4)   OMEGA(5,5)   OMEGA(6,1)   OMEGA(6,2)   OMEGA(6,3)   OMEGA(6,4)   OMEGA(6,5)   OMEGA(6,6)
 THETA1        6.88090E-02 -1.49720E-01  7.48309E-03 -1.17702E-02  2.55291E-03  4.73772E-02  0.00000E+00  0.00000E+00  3.06599E-02  0.00000E+00  0.00000E+00  5.55184E-02 -1.07623E-02  0.00000E+00  0.00000E+00  0.00000E+00  0.00000E+00  1.31467E-02  0.00000E+00  0.00000E+00  0.00000E+00  0.00000E+00  2.64720E-01 -4.30670E-02
 THETA2       -1.49720E-01  6.40515E-02  7.59241E-03  3.31686E-02 -1.15065E-02  1.10451E-02  0.00000E+00  0.00000E+00  1.79317E-01  0.00000E+00  0.00000E+00  5.35280E-02  2.53154E-02  0.00000E+00  0.00000E+00  0.00000E+00  0.00000E+00  2.87498E-01  0.00000E+00  0.00000E+00  0.00000E+00  0.00000E+00 -1.95815E-01  3.42545E-01
 SIGMA(1,1)    7.48309E-03  7.59241E-03  1.28352E-04 -4.80095E-02 -1.32150E-02 -5.30131E-02  0.00000E+00  0.00000E+00  7.70417E-03  0.00000E+00  0.00000E+00 -1.38816E-03 -7.41443E-03  0.00000E+00  0.00000E+00  0.00000E+00  0.00000E+00 -2.69065E-02  0.00000E+00  0.00000E+00  0.00000E+00  0.00000E+00  9.03447E-03 -2.89502E-03
 OMEGA(1,1)   -1.17702E-02  3.31686E-02 -4.80095E-02  3.04912E-04  1.00535E-01 -2.17335E-02  0.00000E+00  0.00000E+00  2.79069E-02  0.00000E+00  0.00000E+00 -1.07423E-02  1.91517E-02  0.00000E+00  0.00000E+00  0.00000E+00  0.00000E+00  2.65601E-02  0.00000E+00  0.00000E+00  0.00000E+00  0.00000E+00 -1.76411E-02  1.72273E-02
 OMEGA(2,1)    2.55291E-03 -1.15065E-02 -1.32150E-02  1.00535E-01  2.27855E-04 -2.23574E-03  0.00000E+00  0.00000E+00  8.19147E-03  0.00000E+00  0.00000E+00 -4.26356E-02  7.94340E-03  0.00000E+00  0.00000E+00  0.00000E+00  0.00000E+00  7.10614E-04  0.00000E+00  0.00000E+00  0.00000E+00  0.00000E+00  1.85589E-02 -1.38071E-02
 OMEGA(2,2)    4.73772E-02  1.10451E-02 -5.30131E-02 -2.17335E-02 -2.23574E-03  3.42209E-04  0.00000E+00  0.00000E+00 -1.03559E-02  0.00000E+00  0.00000E+00  1.94623E-02 -1.09522E-02  0.00000E+00  0.00000E+00  0.00000E+00  0.00000E+00 -1.48728E-02  0.00000E+00  0.00000E+00  0.00000E+00  0.00000E+00  1.21199E-02 -3.42765E-02
 OMEGA(3,1)    0.00000E+00  0.00000E+00  0.00000E+00  0.00000E+00  0.00000E+00  0.00000E+00  0.00000E+00  0.00000E+00  0.00000E+00  0.00000E+00  0.00000E+00  0.00000E+00  0.00000E+00  0.00000E+00  0.00000E+00  0.00000E+00  0.00000E+00  0.00000E+00  0.00000E+00  0.00000E+00  0.00000E+00  0.00000E+00  0.00000E+00  0.00000E+00
 OMEGA(3,2)    0.00000E+00  0.00000E+00  0.00000E+00  0.00000E+00  0.00000E+00  0.00000E+00  0.00000E+00  0.00000E+00  0.00000E+00  0.00000E+00  0.00000E+00  0.00000E+00  0.00000E+00  0.00000E+00  0.00000E+00  0.00000E+00  0.00000E+00  0.00000E+00  0.00000E+00  0.00000E+00  0.00000E+00  0.00000E+00  0.00000E+00  0.00000E+00
 OMEGA(3,3)    3.06599E-02  1.79317E-01  7.70417E-03  2.79069E-02  8.19147E-03 -1.03559E-02  0.00000E+00  0.00000E+00  2.08029E-03  0.00000E+00  0.00000E+00 -4.20934E-02 -1.20816E-02  0.00000E+00  0.00000E+00  0.00000E+00  0.00000E+00  1.26317E-01  0.00000E+00  0.00000E+00  0.00000E+00  0.00000E+00 -9.48092E-02  5.06662E-02
 OMEGA(4,1)    0.00000E+00  0.00000E+00  0.00000E+00  0.00000E+00  0.00000E+00  0.00000E+00  0.00000E+00  0.00000E+00  0.00000E+00  0.00000E+00  0.00000E+00  0.00000E+00  0.00000E+00  0.00000E+00  0.00000E+00  0.00000E+00  0.00000E+00  0.00000E+00  0.00000E+00  0.00000E+00  0.00000E+00  0.00000E+00  0.00000E+00  0.00000E+00
 OMEGA(4,2)    0.00000E+00  0.00000E+00  0.00000E+00  0.00000E+00  0.00000E+00  0.00000E+00  0.00000E+00  0.00000E+00  0.00000E+00  0.00000E+00  0.00000E+00  0.00000E+00  0.00000E+00  0.00000E+00  0.00000E+00  0.00000E+00  0.00000E+00  0.00000E+00  0.00000E+00  0.00000E+00  0.00000E+00  0.00000E+00  0.00000E+00  0.00000E+00
 OMEGA(4,3)    5.55184E-02  5.35280E-02 -1.38816E-03 -1.07423E-02 -4.26356E-02  1.94623E-02  0.00000E+00  0.00000E+00 -4.20934E-02  0.00000E+00  0.00000E+00  1.66001E-03  2.13385E-02  0.00000E+00  0.00000E+00  0.00000E+00  0.00000E+00  5.85034E-02  0.00000E+00  0.00000E+00  0.00000E+00  0.00000E+00  4.28736E-02 -8.05611E-02
 OMEGA(4,4)   -1.07623E-02  2.53154E-02 -7.41443E-03  1.91517E-02  7.94340E-03 -1.09522E-02  0.00000E+00  0.00000E+00 -1.20816E-02  0.00000E+00  0.00000E+00  2.13385E-02  2.44614E-03  0.00000E+00  0.00000E+00  0.00000E+00  0.00000E+00  6.11923E-02  0.00000E+00  0.00000E+00  0.00000E+00  0.00000E+00 -2.37836E-02  1.89383E-02
 OMEGA(5,1)    0.00000E+00  0.00000E+00  0.00000E+00  0.00000E+00  0.00000E+00  0.00000E+00  0.00000E+00  0.00000E+00  0.00000E+00  0.00000E+00  0.00000E+00  0.00000E+00  0.00000E+00  0.00000E+00  0.00000E+00  0.00000E+00  0.00000E+00  0.00000E+00  0.00000E+00  0.00000E+00  0.00000E+00  0.00000E+00  0.00000E+00  0.00000E+00
 OMEGA(5,2)    0.00000E+00  0.00000E+00  0.00000E+00  0.00000E+00  0.00000E+00  0.00000E+00  0.00000E+00  0.00000E+00  0.00000E+00  0.00000E+00  0.00000E+00  0.00000E+00  0.00000E+00  0.00000E+00  0.00000E+00  0.00000E+00  0.00000E+00  0.00000E+00  0.00000E+00  0.00000E+00  0.00000E+00  0.00000E+00  0.00000E+00  0.00000E+00
 OMEGA(5,3)    0.00000E+00  0.00000E+00  0.00000E+00  0.00000E+00  0.00000E+00  0.00000E+00  0.00000E+00  0.00000E+00  0.00000E+00  0.00000E+00  0.00000E+00  0.00000E+00  0.00000E+00  0.00000E+00  0.00000E+00  0.00000E+00  0.00000E+00  0.00000E+00  0.00000E+00  0.00000E+00  0.00000E+00  0.00000E+00  0.00000E+00  0.00000E+00
 OMEGA(5,4)    0.00000E+00  0.00000E+00  0.00000E+00  0.00000E+00  0.00000E+00  0.00000E+00  0.00000E+00  0.00000E+00  0.00000E+00  0.00000E+00  0.00000E+00  0.00000E+00  0.00000E+00  0.00000E+00  0.00000E+00  0.00000E+00  0.00000E+00  0.00000E+00  0.00000E+00  0.00000E+00  0.00000E+00  0.00000E+00  0.00000E+00  0.00000E+00
 OMEGA(5,5)    1.31467E-02  2.87498E-01 -2.69065E-02  2.65601E-02  7.10614E-04 -1.48728E-02  0.00000E+00  0.00000E+00  1.26317E-01  0.00000E+00  0.00000E+00  5.85034E-02  6.11923E-02  0.00000E+00  0.00000E+00  0.00000E+00  0.00000E+00  3.31190E-02  0.00000E+00  0.00000E+00  0.00000E+00  0.00000E+00 -6.32707E-01  2.67986E-01
 OMEGA(6,1)    0.00000E+00  0.00000E+00  0.00000E+00  0.00000E+00  0.00000E+00  0.00000E+00  0.00000E+00  0.00000E+00  0.00000E+00  0.00000E+00  0.00000E+00  0.00000E+00  0.00000E+00  0.00000E+00  0.00000E+00  0.00000E+00  0.00000E+00  0.00000E+00  0.00000E+00  0.00000E+00  0.00000E+00  0.00000E+00  0.00000E+00  0.00000E+00
 OMEGA(6,2)    0.00000E+00  0.00000E+00  0.00000E+00  0.00000E+00  0.00000E+00  0.00000E+00  0.00000E+00  0.00000E+00  0.00000E+00  0.00000E+00  0.00000E+00  0.00000E+00  0.00000E+00  0.00000E+00  0.00000E+00  0.00000E+00  0.00000E+00  0.00000E+00  0.00000E+00  0.00000E+00  0.00000E+00  0.00000E+00  0.00000E+00  0.00000E+00
 OMEGA(6,3)    0.00000E+00  0.00000E+00  0.00000E+00  0.00000E+00  0.00000E+00  0.00000E+00  0.00000E+00  0.00000E+00  0.00000E+00  0.00000E+00  0.00000E+00  0.00000E+00  0.00000E+00  0.00000E+00  0.00000E+00  0.00000E+00  0.00000E+00  0.00000E+00  0.00000E+00  0.00000E+00  0.00000E+00  0.00000E+00  0.00000E+00  0.00000E+00
 OMEGA(6,4)    0.00000E+00  0.00000E+00  0.00000E+00  0.00000E+00  0.00000E+00  0.00000E+00  0.00000E+00  0.00000E+00  0.00000E+00  0.00000E+00  0.00000E+00  0.00000E+00  0.00000E+00  0.00000E+00  0.00000E+00  0.00000E+00  0.00000E+00  0.00000E+00  0.00000E+00  0.00000E+00  0.00000E+00  0.00000E+00  0.00000E+00  0.00000E+00
 OMEGA(6,5)    2.64720E-01 -1.95815E-01  9.03447E-03 -1.76411E-02  1.85589E-02  1.21199E-02  0.00000E+00  0.00000E+00 -9.48092E-02  0.00000E+00  0.00000E+00  4.28736E-02 -2.37836E-02  0.00000E+00  0.00000E+00  0.00000E+00  0.00000E+00 -6.32707E-01  0.00000E+00  0.00000E+00  0.00000E+00  0.00000E+00  2.53836E-02 -3.10659E-01
 OMEGA(6,6)   -4.30670E-02  3.42545E-01 -2.89502E-03  1.72273E-02 -1.38071E-02 -3.42765E-02  0.00000E+00  0.00000E+00  5.06662E-02  0.00000E+00  0.00000E+00 -8.05611E-02  1.89383E-02  0.00000E+00  0.00000E+00  0.00000E+00  0.00000E+00  2.67986E-01  0.00000E+00  0.00000E+00  0.00000E+00  0.00000E+00 -3.10659E-01  2.85412E-02
TABLE NO.     2: First Order Conditional Estimation with Interaction: Problem=1 Subproblem=0 Superproblem1=0 Iteration1=0 Superproblem2=0 Iteration2=0
 NAME         THETA1       THETA2       SIGMA(1,1)   OMEGA(1,1)   OMEGA(2,1)   OMEGA(2,2)   OMEGA(3,1)   OMEGA(3,2)   OMEGA(3,3)   OMEGA(4,1)   OMEGA(4,2)   OMEGA(4,3)   OMEGA(4,4)   OMEGA(5,1)   OMEGA(5,2)   OMEGA(5,3)   OMEGA(5,4)   OMEGA(5,5)   OMEGA(6,1)   OMEGA(6,2)   OMEGA(6,3)   OMEGA(6,4)   OMEGA(6,5)   OMEGA(6,6)
 THETA1        5.39898E-02 -2.33246E-01 -2.60172E-02  2.17622E-02  1.32757E-02  7.49487E-04  0.00000E+00  0.00000E+00 -2.95827E-02  0.00000E+00  0.00000E+00  3.97316E-02 -1.73415E-02  0.00000E+00  0.00000E+00  0.00000E+00  0.00000E+00 -2.40259E-02  0.00000E+00  0.00000E+00  0.00000E+00  0.00000E+00  2.06980E-02 -9.57246E-03
 THETA2       -2.33246E-01  5.00174E-02  1.32806E-02  4.31220E-03  6.82061E-03  5.33793E-04  0.00000E+00  0.00000E+00  2.05754E-02  0.00000E+00  0.00000E+00 -1.77833E-02  3.61789E-03  0.00000E+00  0.00000E+00  0.00000E+00  0.00000E+00  1.12524E-02  0.00000E+00  0.00000E+00  0.00000E+00  0.00000E+00 -1.56406E-02  1.23546E-02
 SIGMA(1,1)   -2.60172E-02  1.32806E-02  1.26362E-04 -7.56965E-02 -3.18397E-02 -8.96024E-02  0.00000E+00  0.00000E+00 -2.37244E-03  0.00000E+00  0.00000E+00 -2.80717E-03 -9.82862E-04  0.00000E+00  0.00000E+00  0.00000E+00  0.00000E+00  5.68374E-02  0.00000E+00  0.00000E+00  0.00000E+00  0.00000E+00 -1.47207E-02  4.08448E-02
 OMEGA(1,1)    2.17622E-02  4.31220E-03 -7.56965E-02  3.07572E-04  9.08905E-02  1.42648E-03  0.00000E+00  0.00000E+00  1.11708E-03  0.00000E+00  0.00000E+00  1.10784E-03 -1.40571E-04  0.00000E+00  0.00000E+00  0.00000E+00  0.00000E+00 -4.27361E-03  0.00000E+00  0.00000E+00  0.00000E+00  0.00000E+00  1.46210E-03 -3.17458E-03
 OMEGA(2,1)    1.32757E-02  6.82061E-03 -3.18397E-02  9.08905E-02  2.30456E-04  6.67043E-02  0.00000E+00  0.00000E+00  1.83396E-04  0.00000E+00  0.00000E+00  2.19675E-03  2.77118E-04  0.00000E+00  0.00000E+00  0.00000E+00  0.00000E+00 -1.97855E-03  0.00000E+00  0.00000E+00  0.00000E+00  0.00000E+00  1.01213E-03 -1.20548E-03
 OMEGA(2,2)    7.49487E-04  5.33793E-04 -8.96024E-02  1.42648E-03  6.67043E-02  3.40595E-04  0.00000E+00  0.00000E+00  3.55187E-04  0.00000E+00  0.00000E+00  7.21549E-04  1.60960E-03  0.00000E+00  0.00000E+00  0.00000E+00  0.00000E+00 -5.07674E-03  0.00000E+00  0.00000E+00  0.00000E+00  0.00000E+00  1.37356E-03 -3.17636E-03
 OMEGA(3,1)    0.00000E+00  0.00000E+00  0.00000E+00  0.00000E+00  0.00000E+00  0.00000E+00  0.00000E+00  0.00000E+00  0.00000E+00  0.00000E+00  0.00000E+00  0.00000E+00  0.00000E+00  0.00000E+00  0.00000E+00  0.00000E+00  0.00000E+00  0.00000E+00  0.00000E+00  0.00000E+00  0.00000E+00  0.00000E+00  0.00000E+00  0.00000E+00
 OMEGA(3,2)    0.00000E+00  0.00000E+00  0.00000E+00  0.00000E+00  0.00000E+00  0.00000E+00  0.00000E+00  0.00000E+00  0.00000E+00  0.00000E+00  0.00000E+00  0.00000E+00  0.00000E+00  0.00000E+00  0.00000E+00  0.00000E+00  0.00000E+00  0.00000E+00  0.00000E+00  0.00000E+00  0.00000E+00  0.00000E+00  0.00000E+00  0.00000E+00
 OMEGA(3,3)   -2.95827E-02  2.05754E-02 -2.37244E-03  1.11708E-03  1.83396E-04  3.55187E-04  0.00000E+00  0.00000E+00  2.20366E-03  0.00000E+00  0.00000E+00  8.80420E-02  5.49692E-03  0.00000E+00  0.00000E+00  0.00000E+00  0.00000E+00  3.60632E-03  0.00000E+00  0.00000E+00  0.00000E+00  0.00000E+00 -2.97638E-04  2.03587E-04
 OMEGA(4,1)    0.00000E+00  0.00000E+00  0.00000E+00  0.00000E+00  0.00000E+00  0.00000E+00  0.00000E+00  0.00000E+00  0.00000E+00  0.00000E+00  0.00000E+00  0.00000E+00  0.00000E+00  0.00000E+00  0.00000E+00  0.00000E+00  0.00000E+00  0.00000E+00  0.00000E+00  0.00000E+00  0.00000E+00  0.00000E+00  0.00000E+00  0.00000E+00
 OMEGA(4,2)    0.00000E+00  0.00000E+00  0.00000E+00  0.00000E+00  0.00000E+00  0.00000E+00  0.00000E+00  0.00000E+00  0.00000E+00  0.00000E+00  0.00000E+00  0.00000E+00  0.00000E+00  0.00000E+00  0.00000E+00  0.00000E+00  0.00000E+00  0.00000E+00  0.00000E+00  0.00000E+00  0.00000E+00  0.00000E+00  0.00000E+00  0.00000E+00
 OMEGA(4,3)    3.97316E-02 -1.77833E-02 -2.80717E-03  1.10784E-03  2.19675E-03  7.21549E-04  0.00000E+00  0.00000E+00  8.80420E-02  0.00000E+00  0.00000E+00  1.69341E-03  9.24940E-02  0.00000E+00  0.00000E+00  0.00000E+00  0.00000E+00 -7.17485E-04  0.00000E+00  0.00000E+00  0.00000E+00  0.00000E+00  3.90131E-03  2.34633E-04
 OMEGA(4,4)   -1.73415E-02  3.61789E-03 -9.82862E-04 -1.40571E-04  2.77118E-04  1.60960E-03  0.00000E+00  0.00000E+00  5.49692E-03  0.00000E+00  0.00000E+00  9.24940E-02  2.58551E-03  0.00000E+00  0.00000E+00  0.00000E+00  0.00000E+00  1.61290E-04  0.00000E+00  0.00000E+00  0.00000E+00  0.00000E+00  5.08052E-04  3.56024E-03
 OMEGA(5,1)    0.00000E+00  0.00000E+00  0.00000E+00  0.00000E+00  0.00000E+00  0.00000E+00  0.00000E+00  0.00000E+00  0.00000E+00  0.00000E+00  0.00000E+00  0.00000E+00  0.00000E+00  0.00000E+00  0.00000E+00  0.00000E+00  0.00000E+00  0.00000E+00  0.00000E+00  0.00000E+00  0.00000E+00  0.00000E+00  0.00000E+00  0.00000E+00
 OMEGA(5,2)    0.00000E+00  0.00000E+00  0.00000E+00  0.00000E+00  0.00000E+00  0.00000E+00  0.00000E+00  0.00000E+00  0.00000E+00  0.00000E+00  0.00000E+00  0.00000E+00  0.00000E+00  0.00000E+00  0.00000E+00  0.00000E+00  0.00000E+00  0.00000E+00  0.00000E+00  0.00000E+00  0.00000E+00  0.00000E+00  0.00000E+00  0.00000E+00
 OMEGA(5,3)    0.00000E+00  0.00000E+00  0.00000E+00  0.00000E+00  0.00000E+00  0.00000E+00  0.00000E+00  0.00000E+00  0.00000E+00  0.00000E+00  0.00000E+00  0.00000E+00  0.00000E+00  0.00000E+00  0.00000E+00  0.00000E+00  0.00000E+00  0.00000E+00  0.00000E+00  0.00000E+00  0.00000E+00  0.00000E+00  0.00000E+00  0.00000E+00
 OMEGA(5,4)    0.00000E+00  0.00000E+00  0.00000E+00  0.00000E+00  0.00000E+00  0.00000E+00  0.00000E+00  0.00000E+00  0.00000E+00  0.00000E+00  0.00000E+00  0.00000E+00  0.00000E+00  0.00000E+00  0.00000E+00  0.00000E+00  0.00000E+00  0.00000E+00  0.00000E+00  0.00000E+00  0.00000E+00  0.00000E+00  0.00000E+00  0.00000E+00
 OMEGA(5,5)   -2.40259E-02  1.12524E-02  5.68374E-02 -4.27361E-03 -1.97855E-03 -5.07674E-03  0.00000E+00  0.00000E+00  3.60632E-03  0.00000E+00  0.00000E+00 -7.17485E-04  1.61290E-04  0.00000E+00  0.00000E+00  0.00000E+00  0.00000E+00  3.07847E-02  0.00000E+00  0.00000E+00  0.00000E+00  0.00000E+00 -2.39713E-01  2.93018E-02
 OMEGA(6,1)    0.00000E+00  0.00000E+00  0.00000E+00  0.00000E+00  0.00000E+00  0.00000E+00  0.00000E+00  0.00000E+00  0.00000E+00  0.00000E+00  0.00000E+00  0.00000E+00  0.00000E+00  0.00000E+00  0.00000E+00  0.00000E+00  0.00000E+00  0.00000E+00  0.00000E+00  0.00000E+00  0.00000E+00  0.00000E+00  0.00000E+00  0.00000E+00
 OMEGA(6,2)    0.00000E+00  0.00000E+00  0.00000E+00  0.00000E+00  0.00000E+00  0.00000E+00  0.00000E+00  0.00000E+00  0.00000E+00  0.00000E+00  0.00000E+00  0.00000E+00  0.00000E+00  0.00000E+00  0.00000E+00  0.00000E+00  0.00000E+00  0.00000E+00  0.00000E+00  0.00000E+00  0.00000E+00  0.00000E+00  0.00000E+00  0.00000E+00
 OMEGA(6,3)    0.00000E+00  0.00000E+00  0.00000E+00  0.00000E+00  0.00000E+00  0.00000E+00  0.00000E+00  0.00000E+00  0.00000E+00  0.00000E+00  0.00000E+00  0.00000E+00  0.00000E+00  0.00000E+00  0.00000E+00  0.00000E+00  0.00000E+00  0.00000E+00  0.00000E+00  0.00000E+00  0.00000E+00  0.00000E+00  0.00000E+00  0.00000E+00
 OMEGA(6,4)    0.00000E+00  0.00000E+00  0.00000E+00  0.00000E+00  0.00000E+00  0.00000E+00  0.00000E+00  0.00000E+00  0.00000E+00  0.00000E+00  0.00000E+00  0.00000E+00  0.00000E+00  0.00000E+00  0.00000E+00  0.00000E+00  0.00000E+00  0.00000E+00  0.00000E+00  0.00000E+00  0.00000E+00  0.00000E+00  0.00000E+00  0.00000E+00
 OMEGA(6,5)    2.06980E-02 -1.56406E-02 -1.47207E-02  1.46210E-03  1.01213E-03  1.37356E-03  0.00000E+00  0.00000E+00 -2.97638E-04  0.00000E+00  0.00000E+00  3.90131E-03  5.08052E-04  0.00000E+00  0.00000E+00  0.00000E+00  0.00000E+00 -2.39713E-01  0.00000E+00  0.00000E+00  0.00000E+00  0.00000E+00  1.97431E-02 -2.29962E-01
 OMEGA(6,6)   -9.57246E-03  1.23546E-02  4.08448E-02 -3.17458E-03 -1.20548E-03 -3.17636E-03  0.00000E+00  0.00000E+00  2.03587E-04  0.00000E+00  0.00000E+00  2.34633E-04  3.56024E-03  0.00000E+00  0.00000E+00  0.00000E+00  0.00000E+00  2.93018E-02  0.00000E+00  0.00000E+00  0.00000E+00  0.00000E+00 -2.29962E-01  2.47127E-02
