TABLE NO.     1: Iterative Two Stage: Problem=1 Subproblem=0 Superproblem1=0 Iteration1=0 Superproblem2=0 Iteration2=0
 NAME         THETA1       THETA2       SIGMA(1,1)   OMEGA(1,1)   OMEGA(2,1)   OMEGA(2,2)   OMEGA(3,1)   OMEGA(3,2)   OMEGA(3,3)   OMEGA(4,1)   OMEGA(4,2)   OMEGA(4,3)   OMEGA(4,4)   OMEGA(5,1)   OMEGA(5,2)   OMEGA(5,3)   OMEGA(5,4)   OMEGA(5,5)   OMEGA(6,1)   OMEGA(6,2)   OMEGA(6,3)   OMEGA(6,4)   OMEGA(6,5)   OMEGA(6,6)
 THETA1        6.52062E-02 -1.54201E-01 -6.53407E-02 -1.12458E-02  3.03593E-02  2.79739E-02  0.00000E+00  0.00000E+00  1.00097E-02  0.00000E+00  0.00000E+00  9.35193E-02 -1.36291E-02  0.00000E+00  0.00000E+00  0.00000E+00  0.00000E+00  4.16839E-02  0.00000E+00  0.00000E+00  0.00000E+00  0.00000E+00  2.89239E-01 -7.03822E-02
 THETA2       -1.54201E-01  5.94846E-02  3.34397E-02  2.64975E-02 -2.16780E-02  1.55085E-02  0.00000E+00  0.00000E+00  1.88709E-01  0.00000E+00  0.00000E+00  2.46993E-02  2.78179E-02  0.00000E+00  0.00000E+00  0.00000E+00  0.00000E+00  2.60821E-01  0.00000E+00  0.00000E+00  0.00000E+00  0.00000E+00 -1.58263E-01  4.15359E-01
 SIGMA(1,1)   -6.53407E-02  3.34397E-02  3.05447E-04 -2.01471E-01 -2.49764E-01 -2.10493E-01  0.00000E+00  0.00000E+00  2.99061E-02  0.00000E+00  0.00000E+00 -9.46823E-03  5.26548E-02  0.00000E+00  0.00000E+00  0.00000E+00  0.00000E+00  6.58413E-02  0.00000E+00  0.00000E+00  0.00000E+00  0.00000E+00 -6.76555E-02  9.91879E-02
 OMEGA(1,1)   -1.12458E-02  2.64975E-02 -2.01471E-01  4.79603E-04  5.53168E-01  7.94118E-02  0.00000E+00  0.00000E+00  2.78492E-02  0.00000E+00  0.00000E+00 -2.25453E-02  1.30352E-02  0.00000E+00  0.00000E+00  0.00000E+00  0.00000E+00  3.00049E-03  0.00000E+00  0.00000E+00  0.00000E+00  0.00000E+00 -2.23572E-03  6.68580E-05
 OMEGA(2,1)    3.03593E-02 -2.16780E-02 -2.49764E-01  5.53168E-01  3.70663E-04  4.34144E-01  0.00000E+00  0.00000E+00  1.19283E-02  0.00000E+00  0.00000E+00 -3.72502E-02  8.94946E-04  0.00000E+00  0.00000E+00  0.00000E+00  0.00000E+00 -7.09059E-03  0.00000E+00  0.00000E+00  0.00000E+00  0.00000E+00  1.51051E-02 -2.61849E-02
 OMEGA(2,2)    2.79739E-02  1.55085E-02 -2.10493E-01  7.94118E-02  4.34144E-01  5.26099E-04  0.00000E+00  0.00000E+00 -1.22063E-02  0.00000E+00  0.00000E+00  9.40951E-03 -1.67861E-02  0.00000E+00  0.00000E+00  0.00000E+00  0.00000E+00 -1.75479E-02  0.00000E+00  0.00000E+00  0.00000E+00  0.00000E+00  1.94898E-02 -5.15265E-02
 OMEGA(3,1)    0.00000E+00  0.00000E+00  0.00000E+00  0.00000E+00  0.00000E+00  0.00000E+00  0.00000E+00  0.00000E+00  0.00000E+00  0.00000E+00  0.00000E+00  0.00000E+00  0.00000E+00  0.00000E+00  0.00000E+00  0.00000E+00  0.00000E+00  0.00000E+00  0.00000E+00  0.00000E+00  0.00000E+00  0.00000E+00  0.00000E+00  0.00000E+00
 OMEGA(3,2)    0.00000E+00  0.00000E+00  0.00000E+00  0.00000E+00  0.00000E+00  0.00000E+00  0.00000E+00  0.00000E+00  0.00000E+00  0.00000E+00  0.00000E+00  0.00000E+00  0.00000E+00  0.00000E+00  0.00000E+00  0.00000E+00  0.00000E+00  0.00000E+00  0.00000E+00  0.00000E+00  0.00000E+00  0.00000E+00  0.00000E+00  0.00000E+00
 OMEGA(3,3)    1.00097E-02  1.88709E-01  2.99061E-02  2.78492E-02  1.19283E-02 -1.22063E-02  0.00000E+00  0.00000E+00  1.70743E-03  0.00000E+00  0.00000E+00 -6.51199E-02 -8.83973E-03  0.00000E+00  0.00000E+00  0.00000E+00  0.00000E+00  1.42453E-01  0.00000E+00  0.00000E+00  0.00000E+00  0.00000E+00 -1.10799E-01  6.31737E-02
 OMEGA(4,1)    0.00000E+00  0.00000E+00  0.00000E+00  0.00000E+00  0.00000E+00  0.00000E+00  0.00000E+00  0.00000E+00  0.00000E+00  0.00000E+00  0.00000E+00  0.00000E+00  0.00000E+00  0.00000E+00  0.00000E+00  0.00000E+00  0.00000E+00  0.00000E+00  0.00000E+00  0.00000E+00  0.00000E+00  0.00000E+00  0.00000E+00  0.00000E+00
 OMEGA(4,2)    0.00000E+00  0.00000E+00  0.00000E+00  0.00000E+00  0.00000E+00  0.00000E+00  0.00000E+00  0.00000E+00  0.00000E+00  0.00000E+00  0.00000E+00  0.00000E+00  0.00000E+00  0.00000E+00  0.00000E+00  0.00000E+00  0.00000E+00  0.00000E+00  0.00000E+00  0.00000E+00  0.00000E+00  0.00000E+00  0.00000E+00  0.00000E+00
 OMEGA(4,3)    9.35193E-02  2.46993E-02 -9.46823E-03 -2.25453E-02 -3.72502E-02  9.40951E-03  0.00000E+00  0.00000E+00 -6.51199E-02  0.00000E+00  0.00000E+00  1.34238E-03 -1.80309E-02  0.00000E+00  0.00000E+00  0.00000E+00  0.00000E+00  3.90730E-02  0.00000E+00  0.00000E+00  0.00000E+00  0.00000E+00  5.89831E-02 -8.74973E-02
 OMEGA(4,4)   -1.36291E-02  2.78179E-02  5.26548E-02  1.30352E-02  8.94946E-04 -1.67861E-02  0.00000E+00  0.00000E+00 -8.83973E-03  0.00000E+00  0.00000E+00 -1.80309E-02  1.93200E-03  0.00000E+00  0.00000E+00  0.00000E+00  0.00000E+00  6.13710E-02  0.00000E+00  0.00000E+00  0.00000E+00  0.00000E+00 -2.99216E-02  2.49950E-02
 OMEGA(5,1)    0.00000E+00  0.00000E+00  0.00000E+00  0.00000E+00  0.00000E+00  0.00000E+00  0.00000E+00  0.00000E+00  0.00000E+00  0.00000E+00  0.00000E+00  0.00000E+00  0.00000E+00  0.00000E+00  0.00000E+00  0.00000E+00  0.00000E+00  0.00000E+00  0.00000E+00  0.00000E+00  0.00000E+00  0.00000E+00  0.00000E+00  0.00000E+00
 OMEGA(5,2)    0.00000E+00  0.00000E+00  0.00000E+00  0.00000E+00  0.00000E+00  0.00000E+00  0.00000E+00  0.00000E+00  0.00000E+00  0.00000E+00  0.00000E+00  0.00000E+00  0.00000E+00  0.00000E+00  0.00000E+00  0.00000E+00  0.00000E+00  0.00000E+00  0.00000E+00  0.00000E+00  0.00000E+00  0.00000E+00  0.00000E+00  0.00000E+00
 OMEGA(5,3)    0.00000E+00  0.00000E+00  0.00000E+00  0.00000E+00  0.00000E+00  0.00000E+00  0.00000E+00  0.00000E+00  0.00000E+00  0.00000E+00  0.00000E+00  0.00000E+00  0.00000E+00  0.00000E+00  0.00000E+00  0.00000E+00  0.00000E+00  0.00000E+00  0.00000E+00  0.00000E+00  0.00000E+00  0.00000E+00  0.00000E+00  0.00000E+00
 OMEGA(5,4)    0.00000E+00  0.00000E+00  0.00000E+00  0.00000E+00  0.00000E+00  0.00000E+00  0.00000E+00  0.00000E+00  0.00000E+00  0.00000E+00  0.00000E+00  0.00000E+00  0.00000E+00  0.00000E+00  0.00000E+00  0.00000E+00  0.00000E+00  0.00000E+00  0.00000E+00  0.00000E+00  0.00000E+00  0.00000E+00  0.00000E+00  0.00000E+00
 OMEGA(5,5)    4.16839E-02  2.60821E-01  6.58413E-02  3.00049E-03 -7.09059E-03 -1.75479E-02  0.00000E+00  0.00000E+00  1.42453E-01  0.00000E+00  0.00000E+00  3.90730E-02  6.13710E-02  0.00000E+00  0.00000E+00  0.00000E+00  0.00000E+00  2.83848E-02  0.00000E+00  0.00000E+00  0.00000E+00  0.00000E+00 -6.76997E-01  3.01632E-01
 OMEGA(6,1)    0.00000E+00  0.00000E+00  0.00000E+00  0.00000E+00  0.00000E+00  0.00000E+00  0.00000E+00  0.00000E+00  0.00000E+00  0.00000E+00  0.00000E+00  0.00000E+00  0.00000E+00  0.00000E+00  0.00000E+00  0.00000E+00  0.00000E+00  0.00000E+00  0.00000E+00  0.00000E+00  0.00000E+00  0.00000E+00  0.00000E+00  0.00000E+00
 OMEGA(6,2)    0.00000E+00  0.00000E+00  0.00000E+00  0.00000E+00  0.00000E+00  0.00000E+00  0.00000E+00  0.00000E+00  0.00000E+00  0.00000E+00  0.00000E+00  0.00000E+00  0.00000E+00  0.00000E+00  0.00000E+00  0.00000E+00  0.00000E+00  0.00000E+00  0.00000E+00  0.00000E+00  0.00000E+00  0.00000E+00  0.00000E+00  0.00000E+00
 OMEGA(6,3)    0.00000E+00  0.00000E+00  0.00000E+00  0.00000E+00  0.00000E+00  0.00000E+00  0.00000E+00  0.00000E+00  0.00000E+00  0.00000E+00  0.00000E+00  0.00000E+00  0.00000E+00  0.00000E+00  0.00000E+00  0.00000E+00  0.00000E+00  0.00000E+00  0.00000E+00  0.00000E+00  0.00000E+00  0.00000E+00  0.00000E+00  0.00000E+00
 OMEGA(6,4)    0.00000E+00  0.00000E+00  0.00000E+00  0.00000E+00  0.00000E+00  0.00000E+00  0.00000E+00  0.00000E+00  0.00000E+00  0.00000E+00  0.00000E+00  0.00000E+00  0.00000E+00  0.00000E+00  0.00000E+00  0.00000E+00  0.00000E+00  0.00000E+00  0.00000E+00  0.00000E+00  0.00000E+00  0.00000E+00  0.00000E+00  0.00000E+00
 OMEGA(6,5)    2.89239E-01 -1.58263E-01 -6.76555E-02 -2.23572E-03  1.51051E-02  1.94898E-02  0.00000E+00  0.00000E+00 -1.10799E-01  0.00000E+00  0.00000E+00  5.89831E-02 -2.99216E-02  0.00000E+00  0.00000E+00  0.00000E+00  0.00000E+00 -6.76997E-01  0.00000E+00  0.00000E+00  0.00000E+00  0.00000E+00  2.14848E-02 -3.79400E-01
 OMEGA(6,6)   -7.03822E-02  4.15359E-01  9.91879E-02  6.68580E-05 -2.61849E-02 -5.15265E-02  0.00000E+00  0.00000E+00  6.31737E-02  0.00000E+00  0.00000E+00 -8.74973E-02  2.49950E-02  0.00000E+00  0.00000E+00  0.00000E+00  0.00000E+00  3.01632E-01  0.00000E+00  0.00000E+00  0.00000E+00  0.00000E+00 -3.79400E-01  2.34025E-02
TABLE NO.     2: Importance Sampling: Problem=1 Subproblem=0 Superproblem1=0 Iteration1=0 Superproblem2=0 Iteration2=0
 NAME         THETA1       THETA2       SIGMA(1,1)   OMEGA(1,1)   OMEGA(2,1)   OMEGA(2,2)   OMEGA(3,1)   OMEGA(3,2)   OMEGA(3,3)   OMEGA(4,1)   OMEGA(4,2)   OMEGA(4,3)   OMEGA(4,4)   OMEGA(5,1)   OMEGA(5,2)   OMEGA(5,3)   OMEGA(5,4)   OMEGA(5,5)   OMEGA(6,1)   OMEGA(6,2)   OMEGA(6,3)   OMEGA(6,4)   OMEGA(6,5)   OMEGA(6,6)
 THETA1        6.92667E-02 -1.57792E-01  4.63140E-03 -1.56577E-02  1.98624E-03  4.49412E-02  0.00000E+00  0.00000E+00  3.46816E-02  0.00000E+00  0.00000E+00  4.80414E-02 -1.16313E-02  0.00000E+00  0.00000E+00  0.00000E+00  0.00000E+00  2.10535E-02  0.00000E+00  0.00000E+00  0.00000E+00  0.00000E+00  2.51779E-01 -4.26272E-02
 THETA2       -1.57792E-01  6.32988E-02  6.78596E-03  2.57597E-02 -1.11040E-02  2.44467E-03  0.00000E+00  0.00000E+00  1.61829E-01  0.00000E+00  0.00000E+00  6.07843E-02  1.55300E-02  0.00000E+00  0.00000E+00  0.00000E+00  0.00000E+00  2.56621E-01  0.00000E+00  0.00000E+00  0.00000E+00  0.00000E+00 -1.71061E-01  3.16511E-01
 SIGMA(1,1)    4.63140E-03  6.78596E-03  1.26109E-04 -7.88823E-02 -4.00658E-02 -9.18785E-02  0.00000E+00  0.00000E+00  9.06743E-03  0.00000E+00  0.00000E+00  1.41174E-03 -4.00739E-03  0.00000E+00  0.00000E+00  0.00000E+00  0.00000E+00 -2.23871E-02  0.00000E+00  0.00000E+00  0.00000E+00  0.00000E+00  7.38633E-03  1.51066E-03
 OMEGA(1,1)   -1.56577E-02  2.57597E-02 -7.88823E-02  3.10230E-04  8.96269E-02 -4.00987E-04  0.00000E+00  0.00000E+00  2.70131E-02  0.00000E+00  0.00000E+00 -1.10657E-02  1.69048E-02  0.00000E+00  0.00000E+00  0.00000E+00  0.00000E+00  1.28033E-02  0.00000E+00  0.00000E+00  0.00000E+00  0.00000E+00 -9.86470E-03 -1.14881E-03
 OMEGA(2,1)    1.98624E-03 -1.11040E-02 -4.00658E-02  8.96269E-02  2.32974E-04  6.34096E-02  0.00000E+00  0.00000E+00  7.14616E-03  0.00000E+00  0.00000E+00 -4.33709E-02  7.53743E-03  0.00000E+00  0.00000E+00  0.00000E+00  0.00000E+00 -2.34703E-03  0.00000E+00  0.00000E+00  0.00000E+00  0.00000E+00  1.96341E-02 -1.96575E-02
 OMEGA(2,2)    4.49412E-02  2.44467E-03 -9.18785E-02 -4.00987E-04  6.34096E-02  3.43967E-04  0.00000E+00  0.00000E+00 -1.01998E-02  0.00000E+00  0.00000E+00  1.65716E-02 -9.81185E-03  0.00000E+00  0.00000E+00  0.00000E+00  0.00000E+00 -2.64892E-02  0.00000E+00  0.00000E+00  0.00000E+00  0.00000E+00  1.95269E-02 -5.11151E-02
 OMEGA(3,1)    0.00000E+00  0.00000E+00  0.00000E+00  0.00000E+00  0.00000E+00  0.00000E+00  0.00000E+00  0.00000E+00  0.00000E+00  0.00000E+00  0.00000E+00  0.00000E+00  0.00000E+00  0.00000E+00  0.00000E+00  0.00000E+00  0.00000E+00  0.00000E+00  0.00000E+00  0.00000E+00  0.00000E+00  0.00000E+00  0.00000E+00  0.00000E+00
 OMEGA(3,2)    0.00000E+00  0.00000E+00  0.00000E+00  0.00000E+00  0.00000E+00  0.00000E+00  0.00000E+00  0.00000E+00  0.00000E+00  0.00000E+00  0.00000E+00  0.00000E+00  0.00000E+00  0.00000E+00  0.00000E+00  0.00000E+00  0.00000E+00  0.00000E+00  0.00000E+00  0.00000E+00  0.00000E+00  0.00000E+00  0.00000E+00  0.00000E+00
 OMEGA(3,3)    3.46816E-02  1.61829E-01  9.06743E-03  2.70131E-02  7.14616E-03 -1.01998E-02  0.00000E+00  0.00000E+00  2.12049E-03  0.00000E+00  0.00000E+00 -6.77371E-02 -1.51208E-02  0.00000E+00  0.00000E+00  0.00000E+00  0.00000E+00  1.06359E-01  0.00000E+00  0.00000E+00  0.00000E+00  0.00000E+00 -8.10749E-02  3.04943E-02
 OMEGA(4,1)    0.00000E+00  0.00000E+00  0.00000E+00  0.00000E+00  0.00000E+00  0.00000E+00  0.00000E+00  0.00000E+00  0.00000E+00  0.00000E+00  0.00000E+00  0.00000E+00  0.00000E+00  0.00000E+00  0.00000E+00  0.00000E+00  0.00000E+00  0.00000E+00  0.00000E+00  0.00000E+00  0.00000E+00  0.00000E+00  0.00000E+00  0.00000E+00
 OMEGA(4,2)    0.00000E+00  0.00000E+00  0.00000E+00  0.00000E+00  0.00000E+00  0.00000E+00  0.00000E+00  0.00000E+00  0.00000E+00  0.00000E+00  0.00000E+00  0.00000E+00  0.00000E+00  0.00000E+00  0.00000E+00  0.00000E+00  0.00000E+00  0.00000E+00  0.00000E+00  0.00000E+00  0.00000E+00  0.00000E+00  0.00000E+00  0.00000E+00
 OMEGA(4,3)    4.80414E-02  6.07843E-02  1.41174E-03 -1.10657E-02 -4.33709E-02  1.65716E-02  0.00000E+00  0.00000E+00 -6.77371E-02  0.00000E+00  0.00000E+00  1.67644E-03 -3.78824E-04  0.00000E+00  0.00000E+00  0.00000E+00  0.00000E+00  5.92788E-02  0.00000E+00  0.00000E+00  0.00000E+00  0.00000E+00  4.05490E-02 -7.80302E-02
 OMEGA(4,4)   -1.16313E-02  1.55300E-02 -4.00739E-03  1.69048E-02  7.53743E-03 -9.81185E-03  0.00000E+00  0.00000E+00 -1.51208E-02  0.00000E+00  0.00000E+00 -3.78824E-04  2.44648E-03  0.00000E+00  0.00000E+00  0.00000E+00  0.00000E+00  4.59836E-02  0.00000E+00  0.00000E+00  0.00000E+00  0.00000E+00 -1.44085E-02  2.39734E-03
 OMEGA(5,1)    0.00000E+00  0.00000E+00  0.00000E+00  0.00000E+00  0.00000E+00  0.00000E+00  0.00000E+00  0.00000E+00  0.00000E+00  0.00000E+00  0.00000E+00  0.00000E+00  0.00000E+00  0.00000E+00  0.00000E+00  0.00000E+00  0.00000E+00  0.00000E+00  0.00000E+00  0.00000E+00  0.00000E+00  0.00000E+00  0.00000E+00  0.00000E+00
 OMEGA(5,2)    0.00000E+00  0.00000E+00  0.00000E+00  0.00000E+00  0.00000E+00  0.00000E+00  0.00000E+00  0.00000E+00  0.00000E+00  0.00000E+00  0.00000E+00  0.00000E+00  0.00000E+00  0.00000E+00  0.00000E+00  0.00000E+00  0.00000E+00  0.00000E+00  0.00000E+00  0.00000E+00  0.00000E+00  0.00000E+00  0.00000E+00  0.00000E+00
 OMEGA(5,3)    0.00000E+00  0.00000E+00  0.00000E+00  0.00000E+00  0.00000E+00  0.00000E+00  0.00000E+00  0.00000E+00  0.00000E+00  0.00000E+00  0.00000E+00  0.00000E+00  0.00000E+00  0.00000E+00  0.00000E+00  0.00000E+00  0.00000E+00  0.00000E+00  0.00000E+00  0.00000E+00  0.00000E+00  0.00000E+00  0.00000E+00  0.00000E+00
 OMEGA(5,4)    0.00000E+00  0.00000E+00  0.00000E+00  0.00000E+00  0.00000E+00  0.00000E+00  0.00000E+00  0.00000E+00  0.00000E+00  0.00000E+00  0.00000E+00  0.00000E+00  0.00000E+00  0.00000E+00  0.00000E+00  0.00000E+00  0.00000E+00  0.00000E+00  0.00000E+00  0.00000E+00  0.00000E+00  0.00000E+00  0.00000E+00  0.00000E+00
 OMEGA(5,5)    2.10535E-02  2.56621E-01 -2.23871E-02  1.28033E-02 -2.34703E-03 -2.64892E-02  0.00000E+00  0.00000E+00  1.06359E-01  0.00000E+00  0.00000E+00  5.92788E-02  4.59836E-02  0.00000E+00  0.00000E+00  0.00000E+00  0.00000E+00  3.23999E-02  0.00000E+00  0.00000E+00  0.00000E+00  0.00000E+00 -6.22193E-01  2.30528E-01
 OMEGA(6,1)    0.00000E+00  0.00000E+00  0.00000E+00  0.00000E+00  0.00000E+00  0.00000E+00  0.00000E+00  0.00000E+00  0.00000E+00  0.00000E+00  0.00000E+00  0.00000E+00  0.00000E+00  0.00000E+00  0.00000E+00  0.00000E+00  0.00000E+00  0.00000E+00  0.00000E+00  0.00000E+00  0.00000E+00  0.00000E+00  0.00000E+00  0.00000E+00
 OMEGA(6,2)    0.00000E+00  0.00000E+00  0.00000E+00  0.00000E+00  0.00000E+00  0.00000E+00  0.00000E+00  0.00000E+00  0.00000E+00  0.00000E+00  0.00000E+00  0.00000E+00  0.00000E+00  0.00000E+00  0.00000E+00  0.00000E+00  0.00000E+00  0.00000E+00  0.00000E+00  0.00000E+00  0.00000E+00  0.00000E+00  0.00000E+00  0.00000E+00
 OMEGA(6,3)    0.00000E+00  0.00000E+00  0.00000E+00  0.00000E+00  0.00000E+00  0.00000E+00  0.00000E+00  0.00000E+00  0.00000E+00  0.00000E+00  0.00000E+00  0.00000E+00  0.00000E+00  0.00000E+00  0.00000E+00  0.00000E+00  0.00000E+00  0.00000E+00  0.00000E+00  0.00000E+00  0.00000E+00  0.00000E+00  0.00000E+00  0.00000E+00
 OMEGA(6,4)    0.00000E+00  0.00000E+00  0.00000E+00  0.00000E+00  0.00000E+00  0.00000E+00  0.00000E+00  0.00000E+00  0.00000E+00  0.00000E+00  0.00000E+00  0.00000E+00  0.00000E+00  0.00000E+00  0.00000E+00  0.00000E+00  0.00000E+00  0.00000E+00  0.00000E+00  0.00000E+00  0.00000E+00  0.00000E+00  0.00000E+00  0.00000E+00
 OMEGA(6,5)    2.51779E-01 -1.71061E-01  7.38633E-03 -9.86470E-03  1.96341E-02  1.95269E-02  0.00000E+00  0.00000E+00 -8.10749E-02  0.00000E+00  0.00000E+00  4.05490E-02 -1.44085E-02  0.00000E+00  0.00000E+00  0.00000E+00  0.00000E+00 -6.22193E-01  0.00000E+00  0.00000E+00  0.00000E+00  0.00000E+00  2.45693E-02 -3.01374E-01
 OMEGA(6,6)   -4.26272E-02  3.16511E-01  1.51066E-03 -1.14881E-03 -1.96575E-02 -5.11151E-02  0.00000E+00  0.00000E+00  3.04943E-02  0.00000E+00  0.00000E+00 -7.80302E-02  2.39734E-03  0.00000E+00  0.00000E+00  0.00000E+00  0.00000E+00  2.30528E-01  0.00000E+00  0.00000E+00  0.00000E+00  0.00000E+00 -3.01374E-01  2.71844E-02
