TABLE NO.     1: Iterative Two Stage (No Prior): Problem=1 Subproblem=0 Superproblem1=0 Iteration1=0 Superproblem2=0 Iteration2=0
 NAME         THETA1       THETA2       THETA3       SIGMA(1,1)   OMEGA(1,1)   OMEGA(2,1)   OMEGA(2,2)   OMEGA(3,1)   OMEGA(3,2)   OMEGA(3,3)   OMEGA(4,1)   OMEGA(4,2)   OMEGA(4,3)   OMEGA(4,4)   OMEGA(5,1)   OMEGA(5,2)   OMEGA(5,3)   OMEGA(5,4)   OMEGA(5,5)   OMEGA(6,1)   OMEGA(6,2)   OMEGA(6,3)   OMEGA(6,4)   OMEGA(6,5)   OMEGA(6,6)
 THETA1        8.95235E+02  8.17877E+01 -4.58503E+02  8.42164E+01 -1.74111E+03  2.98226E+03  5.85525E+03  5.18192E+02  2.45363E+02 -4.75857E+03  0.00000E+00  0.00000E+00  0.00000E+00 -2.61835E+02  0.00000E+00  0.00000E+00  0.00000E+00  2.38207E+03 -4.71794E+02  0.00000E+00  0.00000E+00  0.00000E+00 -6.71416E+02 -2.64147E+03  4.67579E+01
 THETA2        8.17877E+01  5.95692E+02  2.90669E+01  1.39586E+03  2.00777E+03  1.08098E+03  1.16471E+03  4.28057E+02 -1.98437E+03  4.22140E+02  0.00000E+00  0.00000E+00  0.00000E+00  1.19105E+03  0.00000E+00  0.00000E+00  0.00000E+00 -9.43571E+02 -2.26659E+02  0.00000E+00  0.00000E+00  0.00000E+00 -2.64148E+03  5.29594E+02  8.35388E+02
 THETA3       -4.58503E+02  2.90669E+01  5.31104E+02  7.87034E+03  1.17797E+03 -3.06753E+02 -2.17798E+03  1.42981E+03 -2.40533E+03  2.01558E+03  0.00000E+00  0.00000E+00  0.00000E+00 -3.35702E+02  0.00000E+00  0.00000E+00  0.00000E+00 -2.64147E+03  2.64805E+02  0.00000E+00  0.00000E+00  0.00000E+00  9.35170E+01  1.67077E+03  7.18555E+01
 SIGMA(1,1)    8.42164E+01  1.39586E+03  7.87034E+03  3.30759E+08  1.01999E+06 -7.73078E+04  1.47763E+06  1.38423E+06  2.24839E+06  1.81526E+06  0.00000E+00  0.00000E+00  0.00000E+00 -2.51715E+04  0.00000E+00  0.00000E+00  0.00000E+00 -4.65975E+04 -7.08602E+04  0.00000E+00  0.00000E+00  0.00000E+00 -1.36029E+05 -1.07302E+04  7.39031E+04
 OMEGA(1,1)   -1.74111E+03  2.00777E+03  1.17797E+03  1.01999E+06  1.29879E+06 -1.19322E+05  7.89640E+03 -1.75048E+05 -8.92616E+03 -1.21576E+05  0.00000E+00  0.00000E+00  0.00000E+00  1.34724E+04  0.00000E+00  0.00000E+00  0.00000E+00 -1.16276E+04 -1.74194E+03  0.00000E+00  0.00000E+00  0.00000E+00 -7.36095E+03  7.12840E+03  7.69818E+02
 OMEGA(2,1)    2.98226E+03  1.08098E+03 -3.06753E+02 -7.73078E+04 -1.19322E+05  3.69237E+06 -1.55621E+05 -3.87049E+05 -5.31880E+05 -1.92215E+03  0.00000E+00  0.00000E+00  0.00000E+00 -3.90146E+03  0.00000E+00  0.00000E+00  0.00000E+00  3.17344E+03  1.79184E+02  0.00000E+00  0.00000E+00  0.00000E+00 -1.40510E+04  2.71670E+03  1.07199E+04
 OMEGA(2,2)    5.85525E+03  1.16471E+03 -2.17798E+03  1.47763E+06  7.89640E+03 -1.55621E+05  4.11085E+06 -1.09686E+04 -1.12370E+06 -9.26268E+04  0.00000E+00  0.00000E+00  0.00000E+00  3.86485E+03  0.00000E+00  0.00000E+00  0.00000E+00  3.87851E+03 -8.22163E+02  0.00000E+00  0.00000E+00  0.00000E+00 -1.15052E+04 -1.56822E+04 -1.39339E+03
 OMEGA(3,1)    5.18192E+02  4.28057E+02  1.42981E+03  1.38423E+06 -1.75048E+05 -3.87049E+05 -1.09686E+04  2.47293E+06 -2.66334E+05 -5.53068E+05  0.00000E+00  0.00000E+00  0.00000E+00 -7.84989E+03  0.00000E+00  0.00000E+00  0.00000E+00 -8.91922E+03  9.99451E+03  0.00000E+00  0.00000E+00  0.00000E+00 -5.32874E+03  1.36593E+04  7.16612E+03
 OMEGA(3,2)    2.45363E+02 -1.98437E+03 -2.40533E+03  2.24839E+06 -8.92616E+03 -5.31880E+05 -1.12370E+06 -2.66334E+05  7.68556E+06 -5.37101E+05  0.00000E+00  0.00000E+00  0.00000E+00  1.11990E+04  0.00000E+00  0.00000E+00  0.00000E+00 -9.64510E+03 -7.92031E+03  0.00000E+00  0.00000E+00  0.00000E+00  4.10613E+03  1.91499E+04  1.08371E+03
 OMEGA(3,3)   -4.75857E+03  4.22140E+02  2.01558E+03  1.81526E+06 -1.21576E+05 -1.92215E+03 -9.26268E+04 -5.53068E+05 -5.37101E+05  4.01560E+06  0.00000E+00  0.00000E+00  0.00000E+00 -6.26868E+03  0.00000E+00  0.00000E+00  0.00000E+00 -1.47498E+04 -4.21965E+03  0.00000E+00  0.00000E+00  0.00000E+00  1.46933E+04  1.24071E+04 -2.78036E+03
 OMEGA(4,1)    0.00000E+00  0.00000E+00  0.00000E+00  0.00000E+00  0.00000E+00  0.00000E+00  0.00000E+00  0.00000E+00  0.00000E+00  0.00000E+00  0.00000E+00  0.00000E+00  0.00000E+00  0.00000E+00  0.00000E+00  0.00000E+00  0.00000E+00  0.00000E+00  0.00000E+00  0.00000E+00  0.00000E+00  0.00000E+00  0.00000E+00  0.00000E+00  0.00000E+00
 OMEGA(4,2)    0.00000E+00  0.00000E+00  0.00000E+00  0.00000E+00  0.00000E+00  0.00000E+00  0.00000E+00  0.00000E+00  0.00000E+00  0.00000E+00  0.00000E+00  0.00000E+00  0.00000E+00  0.00000E+00  0.00000E+00  0.00000E+00  0.00000E+00  0.00000E+00  0.00000E+00  0.00000E+00  0.00000E+00  0.00000E+00  0.00000E+00  0.00000E+00  0.00000E+00
 OMEGA(4,3)    0.00000E+00  0.00000E+00  0.00000E+00  0.00000E+00  0.00000E+00  0.00000E+00  0.00000E+00  0.00000E+00  0.00000E+00  0.00000E+00  0.00000E+00  0.00000E+00  0.00000E+00  0.00000E+00  0.00000E+00  0.00000E+00  0.00000E+00  0.00000E+00  0.00000E+00  0.00000E+00  0.00000E+00  0.00000E+00  0.00000E+00  0.00000E+00  0.00000E+00
 OMEGA(4,4)   -2.61835E+02  1.19105E+03 -3.35702E+02 -2.51715E+04  1.34724E+04 -3.90146E+03  3.86485E+03 -7.84989E+03  1.11990E+04 -6.26868E+03  0.00000E+00  0.00000E+00  0.00000E+00  1.74690E+04  0.00000E+00  0.00000E+00  0.00000E+00 -2.65755E+03 -1.77069E+03  0.00000E+00  0.00000E+00  0.00000E+00 -1.43464E+04 -1.60888E+02  3.30412E+03
 OMEGA(5,1)    0.00000E+00  0.00000E+00  0.00000E+00  0.00000E+00  0.00000E+00  0.00000E+00  0.00000E+00  0.00000E+00  0.00000E+00  0.00000E+00  0.00000E+00  0.00000E+00  0.00000E+00  0.00000E+00  0.00000E+00  0.00000E+00  0.00000E+00  0.00000E+00  0.00000E+00  0.00000E+00  0.00000E+00  0.00000E+00  0.00000E+00  0.00000E+00  0.00000E+00
 OMEGA(5,2)    0.00000E+00  0.00000E+00  0.00000E+00  0.00000E+00  0.00000E+00  0.00000E+00  0.00000E+00  0.00000E+00  0.00000E+00  0.00000E+00  0.00000E+00  0.00000E+00  0.00000E+00  0.00000E+00  0.00000E+00  0.00000E+00  0.00000E+00  0.00000E+00  0.00000E+00  0.00000E+00  0.00000E+00  0.00000E+00  0.00000E+00  0.00000E+00  0.00000E+00
 OMEGA(5,3)    0.00000E+00  0.00000E+00  0.00000E+00  0.00000E+00  0.00000E+00  0.00000E+00  0.00000E+00  0.00000E+00  0.00000E+00  0.00000E+00  0.00000E+00  0.00000E+00  0.00000E+00  0.00000E+00  0.00000E+00  0.00000E+00  0.00000E+00  0.00000E+00  0.00000E+00  0.00000E+00  0.00000E+00  0.00000E+00  0.00000E+00  0.00000E+00  0.00000E+00
 OMEGA(5,4)    2.38207E+03 -9.43571E+02 -2.64147E+03 -4.65975E+04 -1.16276E+04  3.17344E+03  3.87851E+03 -8.91922E+03 -9.64510E+03 -1.47498E+04  0.00000E+00  0.00000E+00  0.00000E+00 -2.65755E+03  0.00000E+00  0.00000E+00  0.00000E+00  3.02177E+04  4.06309E+03  0.00000E+00  0.00000E+00  0.00000E+00  4.17767E+03 -1.98382E+04 -3.15503E+03
 OMEGA(5,5)   -4.71794E+02 -2.26659E+02  2.64805E+02 -7.08602E+04 -1.74194E+03  1.79184E+02 -8.22163E+02  9.99451E+03 -7.92031E+03 -4.21965E+03  0.00000E+00  0.00000E+00  0.00000E+00 -1.77069E+03  0.00000E+00  0.00000E+00  0.00000E+00  4.06309E+03  6.51704E+03  0.00000E+00  0.00000E+00  0.00000E+00 -1.61660E+02  1.91184E+03  1.19731E+03
 OMEGA(6,1)    0.00000E+00  0.00000E+00  0.00000E+00  0.00000E+00  0.00000E+00  0.00000E+00  0.00000E+00  0.00000E+00  0.00000E+00  0.00000E+00  0.00000E+00  0.00000E+00  0.00000E+00  0.00000E+00  0.00000E+00  0.00000E+00  0.00000E+00  0.00000E+00  0.00000E+00  0.00000E+00  0.00000E+00  0.00000E+00  0.00000E+00  0.00000E+00  0.00000E+00
 OMEGA(6,2)    0.00000E+00  0.00000E+00  0.00000E+00  0.00000E+00  0.00000E+00  0.00000E+00  0.00000E+00  0.00000E+00  0.00000E+00  0.00000E+00  0.00000E+00  0.00000E+00  0.00000E+00  0.00000E+00  0.00000E+00  0.00000E+00  0.00000E+00  0.00000E+00  0.00000E+00  0.00000E+00  0.00000E+00  0.00000E+00  0.00000E+00  0.00000E+00  0.00000E+00
 OMEGA(6,3)    0.00000E+00  0.00000E+00  0.00000E+00  0.00000E+00  0.00000E+00  0.00000E+00  0.00000E+00  0.00000E+00  0.00000E+00  0.00000E+00  0.00000E+00  0.00000E+00  0.00000E+00  0.00000E+00  0.00000E+00  0.00000E+00  0.00000E+00  0.00000E+00  0.00000E+00  0.00000E+00  0.00000E+00  0.00000E+00  0.00000E+00  0.00000E+00  0.00000E+00
 OMEGA(6,4)   -6.71416E+02 -2.64148E+03  9.35170E+01 -1.36029E+05 -7.36095E+03 -1.40510E+04 -1.15052E+04 -5.32874E+03  4.10613E+03  1.46933E+04  0.00000E+00  0.00000E+00  0.00000E+00 -1.43464E+04  0.00000E+00  0.00000E+00  0.00000E+00  4.17767E+03 -1.61660E+02  0.00000E+00  0.00000E+00  0.00000E+00  3.20042E+04 -2.28921E+03 -1.32963E+04
 OMEGA(6,5)   -2.64147E+03  5.29594E+02  1.67077E+03 -1.07302E+04  7.12840E+03  2.71670E+03 -1.56822E+04  1.36593E+04  1.91499E+04  1.24071E+04  0.00000E+00  0.00000E+00  0.00000E+00 -1.60888E+02  0.00000E+00  0.00000E+00  0.00000E+00 -1.98382E+04  1.91184E+03  0.00000E+00  0.00000E+00  0.00000E+00 -2.28921E+03  2.71392E+04  5.53113E+03
 OMEGA(6,6)    4.67579E+01  8.35388E+02  7.18555E+01  7.39031E+04  7.69818E+02  1.07199E+04 -1.39339E+03  7.16612E+03  1.08371E+03 -2.78036E+03  0.00000E+00  0.00000E+00  0.00000E+00  3.30412E+03  0.00000E+00  0.00000E+00  0.00000E+00 -3.15503E+03  1.19731E+03  0.00000E+00  0.00000E+00  0.00000E+00 -1.32963E+04  5.53113E+03  8.20650E+03
TABLE NO.     2: Importance Sampling (No Prior): Problem=1 Subproblem=0 Superproblem1=0 Iteration1=0 Superproblem2=0 Iteration2=0
 NAME         THETA1       THETA2       THETA3       SIGMA(1,1)   OMEGA(1,1)   OMEGA(2,1)   OMEGA(2,2)   OMEGA(3,1)   OMEGA(3,2)   OMEGA(3,3)   OMEGA(4,1)   OMEGA(4,2)   OMEGA(4,3)   OMEGA(4,4)   OMEGA(5,1)   OMEGA(5,2)   OMEGA(5,3)   OMEGA(5,4)   OMEGA(5,5)   OMEGA(6,1)   OMEGA(6,2)   OMEGA(6,3)   OMEGA(6,4)   OMEGA(6,5)   OMEGA(6,6)
 THETA1        8.85484E+02  8.15384E+01 -4.53314E+02  2.47957E+02 -1.74171E+03  2.85731E+03  5.89845E+03  5.10518E+02  2.78897E+02 -4.75562E+03  0.00000E+00  0.00000E+00  0.00000E+00 -2.40011E+02  0.00000E+00  0.00000E+00  0.00000E+00  2.36141E+03 -4.68348E+02  0.00000E+00  0.00000E+00  0.00000E+00 -6.84039E+02 -2.62292E+03  4.77949E+01
 THETA2        8.15384E+01  5.95596E+02  2.98373E+01  3.55018E+03  1.99578E+03  1.15636E+03  1.14979E+03  6.38741E+02 -1.97827E+03  4.15661E+02  0.00000E+00  0.00000E+00  0.00000E+00  1.17830E+03  0.00000E+00  0.00000E+00  0.00000E+00 -9.28286E+02 -2.21706E+02  0.00000E+00  0.00000E+00  0.00000E+00 -2.61938E+03  5.25999E+02  8.28005E+02
 THETA3       -4.53314E+02  2.98373E+01  5.28886E+02  9.87498E+03  1.10847E+03 -1.75204E+02 -2.18622E+03  1.38473E+03 -2.43653E+03  2.00439E+03  0.00000E+00  0.00000E+00  0.00000E+00 -3.43460E+02  0.00000E+00  0.00000E+00  0.00000E+00 -2.62211E+03  2.64432E+02  0.00000E+00  0.00000E+00  0.00000E+00  1.01529E+02  1.65974E+03  7.04644E+01
 SIGMA(1,1)    2.47957E+02  3.55018E+03  9.87498E+03  3.33120E+08  9.22293E+05  5.98105E+05  4.64795E+05  4.29007E+05  9.25173E+05  5.42376E+05  0.00000E+00  0.00000E+00  0.00000E+00 -2.37486E+04  0.00000E+00  0.00000E+00  0.00000E+00 -5.94419E+04 -7.39790E+04  0.00000E+00  0.00000E+00  0.00000E+00 -1.42896E+05 -1.04121E+04  7.46667E+04
 OMEGA(1,1)   -1.74171E+03  1.99578E+03  1.10847E+03  9.22293E+05  1.39703E+06 -1.92905E+05  7.32895E+03 -3.83627E+05  2.48712E+04  2.43821E+04  0.00000E+00  0.00000E+00  0.00000E+00  1.76385E+04  0.00000E+00  0.00000E+00  0.00000E+00 -1.03531E+04  1.80558E+03  0.00000E+00  0.00000E+00  0.00000E+00 -1.13770E+04  7.48945E+03  3.33981E+03
 OMEGA(2,1)    2.85731E+03  1.15636E+03 -1.75204E+02  5.98105E+05 -1.92905E+05  3.68696E+06 -2.44699E+05 -3.17801E+05 -4.71483E+05  4.48494E+04  0.00000E+00  0.00000E+00  0.00000E+00 -4.53080E+03  0.00000E+00  0.00000E+00  0.00000E+00  2.06354E+03  5.43931E+02  0.00000E+00  0.00000E+00  0.00000E+00 -1.40236E+04  3.94063E+03  1.10198E+04
 OMEGA(2,2)    5.89845E+03  1.14979E+03 -2.18622E+03  4.64795E+05  7.32895E+03 -2.44699E+05  4.08310E+06  2.03343E+04 -8.94003E+05  4.64376E+04  0.00000E+00  0.00000E+00  0.00000E+00  9.47661E+03  0.00000E+00  0.00000E+00  0.00000E+00  4.84450E+03  2.83046E+03  0.00000E+00  0.00000E+00  0.00000E+00 -1.73057E+04 -1.55091E+04  1.94893E+03
 OMEGA(3,1)    5.10518E+02  6.38741E+02  1.38473E+03  4.29007E+05 -3.83627E+05 -3.17801E+05  2.03343E+04  3.01051E+06 -1.52193E+05 -3.98198E+05  0.00000E+00  0.00000E+00  0.00000E+00 -6.89291E+03  0.00000E+00  0.00000E+00  0.00000E+00 -9.58292E+03  9.40996E+03  0.00000E+00  0.00000E+00  0.00000E+00 -5.17901E+03  1.45418E+04  6.78993E+03
 OMEGA(3,2)    2.78897E+02 -1.97827E+03 -2.43653E+03  9.25173E+05  2.48712E+04 -4.71483E+05 -8.94003E+05 -1.52193E+05  8.22091E+06 -8.76611E+05  0.00000E+00  0.00000E+00  0.00000E+00  1.02628E+04  0.00000E+00  0.00000E+00  0.00000E+00 -9.74813E+03 -8.23973E+03  0.00000E+00  0.00000E+00  0.00000E+00  4.71318E+03  1.91490E+04  8.41021E+02
 OMEGA(3,3)   -4.75562E+03  4.15661E+02  2.00439E+03  5.42376E+05  2.43821E+04  4.48494E+04  4.64376E+04 -3.98198E+05 -8.76611E+05  4.04866E+06  0.00000E+00  0.00000E+00  0.00000E+00 -8.71487E+02  0.00000E+00  0.00000E+00  0.00000E+00 -1.33538E+04 -1.27006E+02  0.00000E+00  0.00000E+00  0.00000E+00  8.87003E+03  1.27832E+04  7.21956E+02
 OMEGA(4,1)    0.00000E+00  0.00000E+00  0.00000E+00  0.00000E+00  0.00000E+00  0.00000E+00  0.00000E+00  0.00000E+00  0.00000E+00  0.00000E+00  0.00000E+00  0.00000E+00  0.00000E+00  0.00000E+00  0.00000E+00  0.00000E+00  0.00000E+00  0.00000E+00  0.00000E+00  0.00000E+00  0.00000E+00  0.00000E+00  0.00000E+00  0.00000E+00  0.00000E+00
 OMEGA(4,2)    0.00000E+00  0.00000E+00  0.00000E+00  0.00000E+00  0.00000E+00  0.00000E+00  0.00000E+00  0.00000E+00  0.00000E+00  0.00000E+00  0.00000E+00  0.00000E+00  0.00000E+00  0.00000E+00  0.00000E+00  0.00000E+00  0.00000E+00  0.00000E+00  0.00000E+00  0.00000E+00  0.00000E+00  0.00000E+00  0.00000E+00  0.00000E+00  0.00000E+00
 OMEGA(4,3)    0.00000E+00  0.00000E+00  0.00000E+00  0.00000E+00  0.00000E+00  0.00000E+00  0.00000E+00  0.00000E+00  0.00000E+00  0.00000E+00  0.00000E+00  0.00000E+00  0.00000E+00  0.00000E+00  0.00000E+00  0.00000E+00  0.00000E+00  0.00000E+00  0.00000E+00  0.00000E+00  0.00000E+00  0.00000E+00  0.00000E+00  0.00000E+00  0.00000E+00
 OMEGA(4,4)   -2.40011E+02  1.17830E+03 -3.43460E+02 -2.37486E+04  1.76385E+04 -4.53080E+03  9.47661E+03 -6.89291E+03  1.02628E+04 -8.71487E+02  0.00000E+00  0.00000E+00  0.00000E+00  1.96912E+04  0.00000E+00  0.00000E+00  0.00000E+00 -2.06636E+03 -1.15357E+03  0.00000E+00  0.00000E+00  0.00000E+00 -1.66741E+04 -3.51652E+02  4.18880E+03
 OMEGA(5,1)    0.00000E+00  0.00000E+00  0.00000E+00  0.00000E+00  0.00000E+00  0.00000E+00  0.00000E+00  0.00000E+00  0.00000E+00  0.00000E+00  0.00000E+00  0.00000E+00  0.00000E+00  0.00000E+00  0.00000E+00  0.00000E+00  0.00000E+00  0.00000E+00  0.00000E+00  0.00000E+00  0.00000E+00  0.00000E+00  0.00000E+00  0.00000E+00  0.00000E+00
 OMEGA(5,2)    0.00000E+00  0.00000E+00  0.00000E+00  0.00000E+00  0.00000E+00  0.00000E+00  0.00000E+00  0.00000E+00  0.00000E+00  0.00000E+00  0.00000E+00  0.00000E+00  0.00000E+00  0.00000E+00  0.00000E+00  0.00000E+00  0.00000E+00  0.00000E+00  0.00000E+00  0.00000E+00  0.00000E+00  0.00000E+00  0.00000E+00  0.00000E+00  0.00000E+00
 OMEGA(5,3)    0.00000E+00  0.00000E+00  0.00000E+00  0.00000E+00  0.00000E+00  0.00000E+00  0.00000E+00  0.00000E+00  0.00000E+00  0.00000E+00  0.00000E+00  0.00000E+00  0.00000E+00  0.00000E+00  0.00000E+00  0.00000E+00  0.00000E+00  0.00000E+00  0.00000E+00  0.00000E+00  0.00000E+00  0.00000E+00  0.00000E+00  0.00000E+00  0.00000E+00
 OMEGA(5,4)    2.36141E+03 -9.28286E+02 -2.62211E+03 -5.94419E+04 -1.03531E+04  2.06354E+03  4.84450E+03 -9.58292E+03 -9.74813E+03 -1.33538E+04  0.00000E+00  0.00000E+00  0.00000E+00 -2.06636E+03  0.00000E+00  0.00000E+00  0.00000E+00  3.22835E+04  4.31816E+03  0.00000E+00  0.00000E+00  0.00000E+00  3.78707E+03 -2.08403E+04 -3.05269E+03
 OMEGA(5,5)   -4.68348E+02 -2.21706E+02  2.64432E+02 -7.39790E+04  1.80558E+03  5.43931E+02  2.83046E+03  9.40996E+03 -8.23973E+03 -1.27006E+02  0.00000E+00  0.00000E+00  0.00000E+00 -1.15357E+03  0.00000E+00  0.00000E+00  0.00000E+00  4.31816E+03  7.69532E+03  0.00000E+00  0.00000E+00  0.00000E+00 -7.68547E+02  2.09418E+03  1.56273E+03
 OMEGA(6,1)    0.00000E+00  0.00000E+00  0.00000E+00  0.00000E+00  0.00000E+00  0.00000E+00  0.00000E+00  0.00000E+00  0.00000E+00  0.00000E+00  0.00000E+00  0.00000E+00  0.00000E+00  0.00000E+00  0.00000E+00  0.00000E+00  0.00000E+00  0.00000E+00  0.00000E+00  0.00000E+00  0.00000E+00  0.00000E+00  0.00000E+00  0.00000E+00  0.00000E+00
 OMEGA(6,2)    0.00000E+00  0.00000E+00  0.00000E+00  0.00000E+00  0.00000E+00  0.00000E+00  0.00000E+00  0.00000E+00  0.00000E+00  0.00000E+00  0.00000E+00  0.00000E+00  0.00000E+00  0.00000E+00  0.00000E+00  0.00000E+00  0.00000E+00  0.00000E+00  0.00000E+00  0.00000E+00  0.00000E+00  0.00000E+00  0.00000E+00  0.00000E+00  0.00000E+00
 OMEGA(6,3)    0.00000E+00  0.00000E+00  0.00000E+00  0.00000E+00  0.00000E+00  0.00000E+00  0.00000E+00  0.00000E+00  0.00000E+00  0.00000E+00  0.00000E+00  0.00000E+00  0.00000E+00  0.00000E+00  0.00000E+00  0.00000E+00  0.00000E+00  0.00000E+00  0.00000E+00  0.00000E+00  0.00000E+00  0.00000E+00  0.00000E+00  0.00000E+00  0.00000E+00
 OMEGA(6,4)   -6.84039E+02 -2.61938E+03  1.01529E+02 -1.42896E+05 -1.13770E+04 -1.40236E+04 -1.73057E+04 -5.17901E+03  4.71318E+03  8.87003E+03  0.00000E+00  0.00000E+00  0.00000E+00 -1.66741E+04  0.00000E+00  0.00000E+00  0.00000E+00  3.78707E+03 -7.68547E+02  0.00000E+00  0.00000E+00  0.00000E+00  3.53773E+04 -2.09236E+03 -1.46958E+04
 OMEGA(6,5)   -2.62292E+03  5.25999E+02  1.65974E+03 -1.04121E+04  7.48945E+03  3.94063E+03 -1.55091E+04  1.45418E+04  1.91490E+04  1.27832E+04  0.00000E+00  0.00000E+00  0.00000E+00 -3.51652E+02  0.00000E+00  0.00000E+00  0.00000E+00 -2.08403E+04  2.09418E+03  0.00000E+00  0.00000E+00  0.00000E+00 -2.09236E+03  2.85033E+04  5.61354E+03
 OMEGA(6,6)    4.77949E+01  8.28005E+02  7.04644E+01  7.46667E+04  3.33981E+03  1.10198E+04  1.94893E+03  6.78993E+03  8.41021E+02  7.21956E+02  0.00000E+00  0.00000E+00  0.00000E+00  4.18880E+03  0.00000E+00  0.00000E+00  0.00000E+00 -3.05269E+03  1.56273E+03  0.00000E+00  0.00000E+00  0.00000E+00 -1.46958E+04  5.61354E+03  9.06741E+03
TABLE NO.     3: MCMC Bayesian Analysis: Problem=1 Subproblem=0 Superproblem1=0 Iteration1=0 Superproblem2=0 Iteration2=0
 NAME         THETA1       THETA2       THETA3       SIGMA(1,1)   OMEGA(1,1)   OMEGA(2,1)   OMEGA(2,2)   OMEGA(3,1)   OMEGA(3,2)   OMEGA(3,3)   OMEGA(4,1)   OMEGA(4,2)   OMEGA(4,3)   OMEGA(4,4)   OMEGA(5,1)   OMEGA(5,2)   OMEGA(5,3)   OMEGA(5,4)   OMEGA(5,5)   OMEGA(6,1)   OMEGA(6,2)   OMEGA(6,3)   OMEGA(6,4)   OMEGA(6,5)   OMEGA(6,6)
 THETA1        6.11783E+02  4.78258E+01 -2.76533E+02 -2.25879E+04  4.54844E+02  1.92140E+02 -7.64242E+02 -1.33681E+03 -1.35128E+03 -9.63798E+02  0.00000E+00  0.00000E+00  0.00000E+00  2.14814E+01  0.00000E+00  0.00000E+00  0.00000E+00 -3.90999E+01 -7.39166E+01  0.00000E+00  0.00000E+00  0.00000E+00 -8.17113E+00 -6.18607E+01 -8.49657E+00
 THETA2        4.78258E+01  5.04188E+02  2.20370E+01  2.47465E+03 -4.83884E+02  1.61034E+02  9.10007E+01 -6.41088E+02 -1.39338E+03 -5.17598E+02  0.00000E+00  0.00000E+00  0.00000E+00 -3.58228E+01  0.00000E+00  0.00000E+00  0.00000E+00  9.17727E+01  3.98739E+01  0.00000E+00  0.00000E+00  0.00000E+00 -3.19294E+01  3.35341E+01  1.60098E+01
 THETA3       -2.76533E+02  2.20370E+01  3.86804E+02  1.74172E+04 -6.65649E+02 -6.52880E+02  1.54229E+03  5.05499E+02  1.01972E+03  4.72061E+02  0.00000E+00  0.00000E+00  0.00000E+00 -8.25115E+01  0.00000E+00  0.00000E+00  0.00000E+00  1.98651E+01  7.10625E+00  0.00000E+00  0.00000E+00  0.00000E+00  4.45586E+01  7.81814E+01  1.73996E+01
 SIGMA(1,1)   -2.25879E+04  2.47465E+03  1.74172E+04  3.30520E+08  4.86061E+05  1.51372E+06 -1.39386E+06 -5.17421E+04 -9.05925E+04  6.94283E+04  0.00000E+00  0.00000E+00  0.00000E+00 -3.17075E+04  0.00000E+00  0.00000E+00  0.00000E+00  4.70403E+04 -3.35167E+04  0.00000E+00  0.00000E+00  0.00000E+00  3.84873E+04 -1.41963E+04  6.07371E+02
 OMEGA(1,1)    4.54844E+02 -4.83884E+02 -6.65649E+02  4.86061E+05  1.71443E+06 -2.10327E+05 -1.80391E+04 -5.19259E+05  1.42168E+05 -5.31623E+04  0.00000E+00  0.00000E+00  0.00000E+00 -4.54818E+02  0.00000E+00  0.00000E+00  0.00000E+00 -9.76139E+02  2.96689E+03  0.00000E+00  0.00000E+00  0.00000E+00  4.14110E+03  2.28589E+03 -3.47835E+03
 OMEGA(2,1)    1.92140E+02  1.61034E+02 -6.52880E+02  1.51372E+06 -2.10327E+05  3.68982E+06 -1.24461E+05 -3.09031E+05 -4.18860E+05  1.06929E+05  0.00000E+00  0.00000E+00  0.00000E+00 -2.10300E+03  0.00000E+00  0.00000E+00  0.00000E+00 -4.32945E+03 -3.47498E+03  0.00000E+00  0.00000E+00  0.00000E+00  4.67402E+03 -3.21535E+03 -3.05503E+03
 OMEGA(2,2)   -7.64242E+02  9.10007E+01  1.54229E+03 -1.39386E+06 -1.80391E+04 -1.24461E+05  4.34685E+06  8.34925E+04 -9.08023E+05  3.70992E+04  0.00000E+00  0.00000E+00  0.00000E+00 -9.88712E+03  0.00000E+00  0.00000E+00  0.00000E+00 -1.15100E+04  1.20750E+03  0.00000E+00  0.00000E+00  0.00000E+00  7.35785E+03  3.45602E+03 -3.16267E+03
 OMEGA(3,1)   -1.33681E+03 -6.41088E+02  5.05499E+02 -5.17421E+04 -5.19259E+05 -3.09031E+05  8.34925E+04  3.44043E+06  2.95241E+04 -2.04538E+05  0.00000E+00  0.00000E+00  0.00000E+00  8.09852E+03  0.00000E+00  0.00000E+00  0.00000E+00  2.16056E+03 -3.15457E+03  0.00000E+00  0.00000E+00  0.00000E+00 -1.31228E+04 -2.48850E+03  7.44514E+03
 OMEGA(3,2)   -1.35128E+03 -1.39338E+03  1.01972E+03 -9.05925E+04  1.42168E+05 -4.18860E+05 -9.08023E+05  2.95241E+04  8.02089E+06 -6.20962E+05  0.00000E+00  0.00000E+00  0.00000E+00 -7.68528E+03  0.00000E+00  0.00000E+00  0.00000E+00  1.88263E+03  1.13715E+04  0.00000E+00  0.00000E+00  0.00000E+00  2.55970E+03 -8.70995E+03  2.15689E+03
 OMEGA(3,3)   -9.63798E+02 -5.17598E+02  4.72061E+02  6.94283E+04 -5.31623E+04  1.06929E+05  3.70992E+04 -2.04538E+05 -6.20962E+05  3.68773E+06  0.00000E+00  0.00000E+00  0.00000E+00 -2.34583E+03  0.00000E+00  0.00000E+00  0.00000E+00  2.38790E+03  1.65544E+02  0.00000E+00  0.00000E+00  0.00000E+00 -2.65340E+03  6.80419E+02 -3.11464E+03
 OMEGA(4,1)    0.00000E+00  0.00000E+00  0.00000E+00  0.00000E+00  0.00000E+00  0.00000E+00  0.00000E+00  0.00000E+00  0.00000E+00  0.00000E+00  0.00000E+00  0.00000E+00  0.00000E+00  0.00000E+00  0.00000E+00  0.00000E+00  0.00000E+00  0.00000E+00  0.00000E+00  0.00000E+00  0.00000E+00  0.00000E+00  0.00000E+00  0.00000E+00  0.00000E+00
 OMEGA(4,2)    0.00000E+00  0.00000E+00  0.00000E+00  0.00000E+00  0.00000E+00  0.00000E+00  0.00000E+00  0.00000E+00  0.00000E+00  0.00000E+00  0.00000E+00  0.00000E+00  0.00000E+00  0.00000E+00  0.00000E+00  0.00000E+00  0.00000E+00  0.00000E+00  0.00000E+00  0.00000E+00  0.00000E+00  0.00000E+00  0.00000E+00  0.00000E+00  0.00000E+00
 OMEGA(4,3)    0.00000E+00  0.00000E+00  0.00000E+00  0.00000E+00  0.00000E+00  0.00000E+00  0.00000E+00  0.00000E+00  0.00000E+00  0.00000E+00  0.00000E+00  0.00000E+00  0.00000E+00  0.00000E+00  0.00000E+00  0.00000E+00  0.00000E+00  0.00000E+00  0.00000E+00  0.00000E+00  0.00000E+00  0.00000E+00  0.00000E+00  0.00000E+00  0.00000E+00
 OMEGA(4,4)    2.14814E+01 -3.58228E+01 -8.25115E+01 -3.17075E+04 -4.54818E+02 -2.10300E+03 -9.88712E+03  8.09852E+03 -7.68528E+03 -2.34583E+03  0.00000E+00  0.00000E+00  0.00000E+00  1.04114E+04  0.00000E+00  0.00000E+00  0.00000E+00  1.43990E+03 -6.25438E+02  0.00000E+00  0.00000E+00  0.00000E+00 -9.62563E+03 -6.33876E+02  2.12514E+03
 OMEGA(5,1)    0.00000E+00  0.00000E+00  0.00000E+00  0.00000E+00  0.00000E+00  0.00000E+00  0.00000E+00  0.00000E+00  0.00000E+00  0.00000E+00  0.00000E+00  0.00000E+00  0.00000E+00  0.00000E+00  0.00000E+00  0.00000E+00  0.00000E+00  0.00000E+00  0.00000E+00  0.00000E+00  0.00000E+00  0.00000E+00  0.00000E+00  0.00000E+00  0.00000E+00
 OMEGA(5,2)    0.00000E+00  0.00000E+00  0.00000E+00  0.00000E+00  0.00000E+00  0.00000E+00  0.00000E+00  0.00000E+00  0.00000E+00  0.00000E+00  0.00000E+00  0.00000E+00  0.00000E+00  0.00000E+00  0.00000E+00  0.00000E+00  0.00000E+00  0.00000E+00  0.00000E+00  0.00000E+00  0.00000E+00  0.00000E+00  0.00000E+00  0.00000E+00  0.00000E+00
 OMEGA(5,3)    0.00000E+00  0.00000E+00  0.00000E+00  0.00000E+00  0.00000E+00  0.00000E+00  0.00000E+00  0.00000E+00  0.00000E+00  0.00000E+00  0.00000E+00  0.00000E+00  0.00000E+00  0.00000E+00  0.00000E+00  0.00000E+00  0.00000E+00  0.00000E+00  0.00000E+00  0.00000E+00  0.00000E+00  0.00000E+00  0.00000E+00  0.00000E+00  0.00000E+00
 OMEGA(5,4)   -3.90999E+01  9.17727E+01  1.98651E+01  4.70403E+04 -9.76139E+02 -4.32945E+03 -1.15100E+04  2.16056E+03  1.88263E+03  2.38790E+03  0.00000E+00  0.00000E+00  0.00000E+00  1.43990E+03  0.00000E+00  0.00000E+00  0.00000E+00  1.78145E+04  1.12610E+03  0.00000E+00  0.00000E+00  0.00000E+00  4.72042E+02 -8.12006E+03 -4.01643E+02
 OMEGA(5,5)   -7.39166E+01  3.98739E+01  7.10625E+00 -3.35167E+04  2.96689E+03 -3.47498E+03  1.20750E+03 -3.15457E+03  1.13715E+04  1.65544E+02  0.00000E+00  0.00000E+00  0.00000E+00 -6.25438E+02  0.00000E+00  0.00000E+00  0.00000E+00  1.12610E+03  6.04618E+03  0.00000E+00  0.00000E+00  0.00000E+00  8.34739E+02  9.19377E+02 -2.73118E+02
 OMEGA(6,1)    0.00000E+00  0.00000E+00  0.00000E+00  0.00000E+00  0.00000E+00  0.00000E+00  0.00000E+00  0.00000E+00  0.00000E+00  0.00000E+00  0.00000E+00  0.00000E+00  0.00000E+00  0.00000E+00  0.00000E+00  0.00000E+00  0.00000E+00  0.00000E+00  0.00000E+00  0.00000E+00  0.00000E+00  0.00000E+00  0.00000E+00  0.00000E+00  0.00000E+00
 OMEGA(6,2)    0.00000E+00  0.00000E+00  0.00000E+00  0.00000E+00  0.00000E+00  0.00000E+00  0.00000E+00  0.00000E+00  0.00000E+00  0.00000E+00  0.00000E+00  0.00000E+00  0.00000E+00  0.00000E+00  0.00000E+00  0.00000E+00  0.00000E+00  0.00000E+00  0.00000E+00  0.00000E+00  0.00000E+00  0.00000E+00  0.00000E+00  0.00000E+00  0.00000E+00
 OMEGA(6,3)    0.00000E+00  0.00000E+00  0.00000E+00  0.00000E+00  0.00000E+00  0.00000E+00  0.00000E+00  0.00000E+00  0.00000E+00  0.00000E+00  0.00000E+00  0.00000E+00  0.00000E+00  0.00000E+00  0.00000E+00  0.00000E+00  0.00000E+00  0.00000E+00  0.00000E+00  0.00000E+00  0.00000E+00  0.00000E+00  0.00000E+00  0.00000E+00  0.00000E+00
 OMEGA(6,4)   -8.17113E+00 -3.19294E+01  4.45586E+01  3.84873E+04  4.14110E+03  4.67402E+03  7.35785E+03 -1.31228E+04  2.55970E+03 -2.65340E+03  0.00000E+00  0.00000E+00  0.00000E+00 -9.62563E+03  0.00000E+00  0.00000E+00  0.00000E+00  4.72042E+02  8.34739E+02  0.00000E+00  0.00000E+00  0.00000E+00  1.80818E+04  6.27458E+02 -6.19412E+03
 OMEGA(6,5)   -6.18607E+01  3.35341E+01  7.81814E+01 -1.41963E+04  2.28589E+03 -3.21535E+03  3.45602E+03 -2.48850E+03 -8.70995E+03  6.80419E+02  0.00000E+00  0.00000E+00  0.00000E+00 -6.33876E+02  0.00000E+00  0.00000E+00  0.00000E+00 -8.12006E+03  9.19377E+02  0.00000E+00  0.00000E+00  0.00000E+00  6.27458E+02  1.12230E+04  3.83157E+02
 OMEGA(6,6)   -8.49657E+00  1.60098E+01  1.73996E+01  6.07371E+02 -3.47835E+03 -3.05503E+03 -3.16267E+03  7.44514E+03  2.15689E+03 -3.11464E+03  0.00000E+00  0.00000E+00  0.00000E+00  2.12514E+03  0.00000E+00  0.00000E+00  0.00000E+00 -4.01643E+02 -2.73118E+02  0.00000E+00  0.00000E+00  0.00000E+00 -6.19412E+03  3.83157E+02  4.10939E+03
TABLE NO.     4: First Order Conditional Estimation with Interaction (No Prior): Problem=1 Subproblem=0 Superproblem1=0 Iteration1=0 Superproblem2=0 Iteration2=0
 NAME         THETA1       THETA2       THETA3       SIGMA(1,1)   OMEGA(1,1)   OMEGA(2,1)   OMEGA(2,2)   OMEGA(3,1)   OMEGA(3,2)   OMEGA(3,3)   OMEGA(4,1)   OMEGA(4,2)   OMEGA(4,3)   OMEGA(4,4)   OMEGA(5,1)   OMEGA(5,2)   OMEGA(5,3)   OMEGA(5,4)   OMEGA(5,5)   OMEGA(6,1)   OMEGA(6,2)   OMEGA(6,3)   OMEGA(6,4)   OMEGA(6,5)   OMEGA(6,6)
 THETA1        9.64130E+02  9.86895E+01 -4.90585E+02 -5.35082E+02  8.26048E+01  5.21939E+02 -4.92288E+01 -5.90511E+02 -1.12551E+01  1.47464E+01  0.00000E+00  0.00000E+00  0.00000E+00 -1.04601E+02  0.00000E+00  0.00000E+00  0.00000E+00 -8.62352E+00  6.53906E-01  0.00000E+00  0.00000E+00  0.00000E+00  9.03338E+01  2.46602E+00 -1.96436E+01
 THETA2        9.86895E+01  6.80608E+02  3.74590E+01 -1.08776E+03  5.77479E+00  2.28552E+02 -3.77332E+01 -2.58493E+02 -6.20777E+00  7.01763E+00  0.00000E+00  0.00000E+00  0.00000E+00 -6.55170E+00  0.00000E+00  0.00000E+00  0.00000E+00 -6.27392E+01 -8.92470E+00  0.00000E+00  0.00000E+00  0.00000E+00 -4.71686E+00  3.04412E+01  4.44277E+00
 THETA3       -4.90585E+02  3.74590E+01  5.96230E+02 -4.35122E+02 -3.71137E+01 -1.10567E+02 -1.16791E+00  1.22514E+02  2.87216E+00 -2.00730E+00  0.00000E+00  0.00000E+00  0.00000E+00  5.65223E+01  0.00000E+00  0.00000E+00  0.00000E+00  2.73044E+00 -1.43463E+00  0.00000E+00  0.00000E+00  0.00000E+00 -8.71106E+01 -4.44040E+00  2.96732E+01
 SIGMA(1,1)   -5.35082E+02 -1.08776E+03 -4.35122E+02  3.34205E+08  8.01184E+05  5.02716E+05  4.15611E+05  3.76571E+05  8.68791E+05  5.05434E+05  0.00000E+00  0.00000E+00  0.00000E+00 -1.49642E+04  0.00000E+00  0.00000E+00  0.00000E+00 -2.63680E+04 -1.26824E+04  0.00000E+00  0.00000E+00  0.00000E+00 -8.86410E+03 -9.01895E+03 -8.50954E+02
 OMEGA(1,1)    8.26048E+01  5.77479E+00 -3.71137E+01  8.01184E+05  1.41663E+06 -2.09840E+05  6.95105E+03 -3.64786E+05  2.67129E+04  2.37163E+04  0.00000E+00  0.00000E+00  0.00000E+00 -1.59961E+03  0.00000E+00  0.00000E+00  0.00000E+00 -3.15493E+02 -7.74646E+00  0.00000E+00  0.00000E+00  0.00000E+00  1.58099E+03  1.61544E+02 -3.89829E+02
 OMEGA(2,1)    5.21939E+02  2.28552E+02 -1.10567E+02  5.02716E+05 -2.09840E+05  3.68348E+06 -2.72889E+05 -3.11012E+05 -4.56537E+05  4.58560E+04  0.00000E+00  0.00000E+00  0.00000E+00 -6.33689E+02  0.00000E+00  0.00000E+00  0.00000E+00 -1.82056E+03 -2.71141E+02  0.00000E+00  0.00000E+00  0.00000E+00  4.80961E+02  8.57079E+02 -8.45154E+01
 OMEGA(2,2)   -4.92288E+01 -3.77332E+01 -1.16791E+00  4.15611E+05  6.95105E+03 -2.72889E+05  4.07101E+06  2.52122E+04 -8.86591E+05  4.65741E+04  0.00000E+00  0.00000E+00  0.00000E+00 -1.16895E+01  0.00000E+00  0.00000E+00  0.00000E+00 -5.14754E+02 -3.23668E+02  0.00000E+00  0.00000E+00  0.00000E+00 -1.96770E+01  8.19001E+01  1.39110E+00
 OMEGA(3,1)   -5.90511E+02 -2.58493E+02  1.22514E+02  3.76571E+05 -3.64786E+05 -3.11012E+05  2.52122E+04  3.04467E+06 -1.75898E+05 -3.90411E+05  0.00000E+00  0.00000E+00  0.00000E+00  1.23465E+03  0.00000E+00  0.00000E+00  0.00000E+00  1.09624E+02 -7.63877E+00  0.00000E+00  0.00000E+00  0.00000E+00 -2.15382E+03 -2.09324E+02  7.46940E+02
 OMEGA(3,2)   -1.12551E+01 -6.20777E+00  2.87216E+00  8.68791E+05  2.67129E+04 -4.56537E+05 -8.86591E+05 -1.75898E+05  8.23419E+06 -8.72957E+05  0.00000E+00  0.00000E+00  0.00000E+00  3.26062E+02  0.00000E+00  0.00000E+00  0.00000E+00  5.39323E+02 -1.02882E+02  0.00000E+00  0.00000E+00  0.00000E+00 -5.47902E+02 -5.63891E+02  9.71291E+01
 OMEGA(3,3)    1.47464E+01  7.01763E+00 -2.00730E+00  5.05434E+05  2.37163E+04  4.58560E+04  4.65741E+04 -3.90411E+05 -8.72957E+05  4.07540E+06  0.00000E+00  0.00000E+00  0.00000E+00 -2.08125E+02  0.00000E+00  0.00000E+00  0.00000E+00  1.84228E+01 -7.78735E+00  0.00000E+00  0.00000E+00  0.00000E+00  4.77218E+02 -6.57494E+01 -2.38313E+02
 OMEGA(4,1)    0.00000E+00  0.00000E+00  0.00000E+00  0.00000E+00  0.00000E+00  0.00000E+00  0.00000E+00  0.00000E+00  0.00000E+00  0.00000E+00  0.00000E+00  0.00000E+00  0.00000E+00  0.00000E+00  0.00000E+00  0.00000E+00  0.00000E+00  0.00000E+00  0.00000E+00  0.00000E+00  0.00000E+00  0.00000E+00  0.00000E+00  0.00000E+00  0.00000E+00
 OMEGA(4,2)    0.00000E+00  0.00000E+00  0.00000E+00  0.00000E+00  0.00000E+00  0.00000E+00  0.00000E+00  0.00000E+00  0.00000E+00  0.00000E+00  0.00000E+00  0.00000E+00  0.00000E+00  0.00000E+00  0.00000E+00  0.00000E+00  0.00000E+00  0.00000E+00  0.00000E+00  0.00000E+00  0.00000E+00  0.00000E+00  0.00000E+00  0.00000E+00  0.00000E+00
 OMEGA(4,3)    0.00000E+00  0.00000E+00  0.00000E+00  0.00000E+00  0.00000E+00  0.00000E+00  0.00000E+00  0.00000E+00  0.00000E+00  0.00000E+00  0.00000E+00  0.00000E+00  0.00000E+00  0.00000E+00  0.00000E+00  0.00000E+00  0.00000E+00  0.00000E+00  0.00000E+00  0.00000E+00  0.00000E+00  0.00000E+00  0.00000E+00  0.00000E+00  0.00000E+00
 OMEGA(4,4)   -1.04601E+02 -6.55170E+00  5.65223E+01 -1.49642E+04 -1.59961E+03 -6.33689E+02 -1.16895E+01  1.23465E+03  3.26062E+02 -2.08125E+02  0.00000E+00  0.00000E+00  0.00000E+00  2.24475E+04  0.00000E+00  0.00000E+00  0.00000E+00  1.39294E+03 -1.49970E+01  0.00000E+00  0.00000E+00  0.00000E+00 -2.52250E+04 -5.57315E+02  7.38680E+03
 OMEGA(5,1)    0.00000E+00  0.00000E+00  0.00000E+00  0.00000E+00  0.00000E+00  0.00000E+00  0.00000E+00  0.00000E+00  0.00000E+00  0.00000E+00  0.00000E+00  0.00000E+00  0.00000E+00  0.00000E+00  0.00000E+00  0.00000E+00  0.00000E+00  0.00000E+00  0.00000E+00  0.00000E+00  0.00000E+00  0.00000E+00  0.00000E+00  0.00000E+00  0.00000E+00
 OMEGA(5,2)    0.00000E+00  0.00000E+00  0.00000E+00  0.00000E+00  0.00000E+00  0.00000E+00  0.00000E+00  0.00000E+00  0.00000E+00  0.00000E+00  0.00000E+00  0.00000E+00  0.00000E+00  0.00000E+00  0.00000E+00  0.00000E+00  0.00000E+00  0.00000E+00  0.00000E+00  0.00000E+00  0.00000E+00  0.00000E+00  0.00000E+00  0.00000E+00  0.00000E+00
 OMEGA(5,3)    0.00000E+00  0.00000E+00  0.00000E+00  0.00000E+00  0.00000E+00  0.00000E+00  0.00000E+00  0.00000E+00  0.00000E+00  0.00000E+00  0.00000E+00  0.00000E+00  0.00000E+00  0.00000E+00  0.00000E+00  0.00000E+00  0.00000E+00  0.00000E+00  0.00000E+00  0.00000E+00  0.00000E+00  0.00000E+00  0.00000E+00  0.00000E+00  0.00000E+00
 OMEGA(5,4)   -8.62352E+00 -6.27392E+01  2.73044E+00 -2.63680E+04 -3.15493E+02 -1.82056E+03 -5.14754E+02  1.09624E+02  5.39323E+02  1.84228E+01  0.00000E+00  0.00000E+00  0.00000E+00  1.39294E+03  0.00000E+00  0.00000E+00  0.00000E+00  3.23881E+04  7.47319E+02  0.00000E+00  0.00000E+00  0.00000E+00  1.52104E+03 -1.86278E+04 -1.21141E+03
 OMEGA(5,5)    6.53906E-01 -8.92470E+00 -1.43463E+00 -1.26824E+04 -7.74646E+00 -2.71141E+02 -3.23668E+02 -7.63877E+00 -1.02882E+02 -7.78735E+00  0.00000E+00  0.00000E+00  0.00000E+00 -1.49970E+01  0.00000E+00  0.00000E+00  0.00000E+00  7.47319E+02  1.24381E+04  0.00000E+00  0.00000E+00  0.00000E+00  6.25879E+01  1.48337E+03  4.21746E+01
 OMEGA(6,1)    0.00000E+00  0.00000E+00  0.00000E+00  0.00000E+00  0.00000E+00  0.00000E+00  0.00000E+00  0.00000E+00  0.00000E+00  0.00000E+00  0.00000E+00  0.00000E+00  0.00000E+00  0.00000E+00  0.00000E+00  0.00000E+00  0.00000E+00  0.00000E+00  0.00000E+00  0.00000E+00  0.00000E+00  0.00000E+00  0.00000E+00  0.00000E+00  0.00000E+00
 OMEGA(6,2)    0.00000E+00  0.00000E+00  0.00000E+00  0.00000E+00  0.00000E+00  0.00000E+00  0.00000E+00  0.00000E+00  0.00000E+00  0.00000E+00  0.00000E+00  0.00000E+00  0.00000E+00  0.00000E+00  0.00000E+00  0.00000E+00  0.00000E+00  0.00000E+00  0.00000E+00  0.00000E+00  0.00000E+00  0.00000E+00  0.00000E+00  0.00000E+00  0.00000E+00
 OMEGA(6,3)    0.00000E+00  0.00000E+00  0.00000E+00  0.00000E+00  0.00000E+00  0.00000E+00  0.00000E+00  0.00000E+00  0.00000E+00  0.00000E+00  0.00000E+00  0.00000E+00  0.00000E+00  0.00000E+00  0.00000E+00  0.00000E+00  0.00000E+00  0.00000E+00  0.00000E+00  0.00000E+00  0.00000E+00  0.00000E+00  0.00000E+00  0.00000E+00  0.00000E+00
 OMEGA(6,4)    9.03338E+01 -4.71686E+00 -8.71106E+01 -8.86410E+03  1.58099E+03  4.80961E+02 -1.96770E+01 -2.15382E+03 -5.47902E+02  4.77218E+02  0.00000E+00  0.00000E+00  0.00000E+00 -2.52250E+04  0.00000E+00  0.00000E+00  0.00000E+00  1.52104E+03  6.25879E+01  0.00000E+00  0.00000E+00  0.00000E+00  4.55753E+04 -5.74083E+02 -1.81439E+04
 OMEGA(6,5)    2.46602E+00  3.04412E+01 -4.44040E+00 -9.01895E+03  1.61544E+02  8.57079E+02  8.19001E+01 -2.09324E+02 -5.63891E+02 -6.57494E+01  0.00000E+00  0.00000E+00  0.00000E+00 -5.57315E+02  0.00000E+00  0.00000E+00  0.00000E+00 -1.86278E+04  1.48337E+03  0.00000E+00  0.00000E+00  0.00000E+00 -5.74083E+02  2.32637E+04  1.46528E+03
 OMEGA(6,6)   -1.96436E+01  4.44277E+00  2.96732E+01 -8.50954E+02 -3.89829E+02 -8.45154E+01  1.39110E+00  7.46940E+02  9.71291E+01 -2.38313E+02  0.00000E+00  0.00000E+00  0.00000E+00  7.38680E+03  0.00000E+00  0.00000E+00  0.00000E+00 -1.21141E+03  4.21746E+01  0.00000E+00  0.00000E+00  0.00000E+00 -1.81439E+04  1.46528E+03  1.12285E+04
