TABLE NO.     1: First Order Conditional Estimation with Interaction: Problem=1 Subproblem=0 Superproblem1=0 Iteration1=0 Superproblem2=0 Iteration2=0
 NAME         THETA1       THETA2       THETA3       THETA4       THETA5       THETA6       THETA7       THETA8       THETA9       THETA10      THETA11      THETA12      THETA13      THETA14      THETA15      THETA16      THETA17      THETA18      THETA19      THETA20      THETA21      THETA22      THETA23      THETA24      THETA25      THETA26      THETA27      THETA28      THETA29      THETA30      THETA31      THETA32      THETA33      THETA34      THETA35      THETA36      THETA37      THETA38      THETA39      THETA40      THETA41      THETA42      THETA43      THETA44      THETA45      THETA46      THETA47      THETA48      THETA49      THETA50      THETA51      SIGMA(1,1)   SIGMA(2,1)   SIGMA(2,2)   SIGMA(3,1)   SIGMA(3,2)   SIGMA(3,3)   SIGMA(4,1)   SIGMA(4,2)   SIGMA(4,3)   SIGMA(4,4)   OMEGA(1,1)   OMEGA(2,1)   OMEGA(2,2)   OMEGA(3,1)   OMEGA(3,2)   OMEGA(3,3)
 THETA1        2.98761E-05  1.06829E-06  1.74074E-06 -1.37256E-06  1.33043E-07  3.44897E-07 -1.20092E-07 -4.26626E-07 -5.74612E-08  3.07862E-07 -3.06817E-07 -7.41962E-07  6.50122E-07  6.86950E-07  7.41921E-07  5.30640E-07 -4.50436E-07  2.79632E-07  0.00000E+00 -1.64395E-07  2.72524E-08  5.19923E-08 -3.40041E-08 -1.01816E-08 -1.48989E-08  2.71682E-08  3.09829E-08 -6.29076E-08  5.02613E-08  1.00508E-08  5.69208E-08  3.62746E-08 -1.75545E-08  2.28940E-08  0.00000E+00 -1.90757E-07  3.69639E-08  1.03158E-07 -1.49518E-07 -2.57997E-08 -8.85252E-08  6.62391E-08  7.02447E-08 -1.10389E-07  8.87830E-08  1.56942E-07  8.32013E-08  1.27884E-07 -9.87871E-08  1.87485E-08  0.00000E+00 -4.16670E-10  0.00000E+00  1.73252E-07  0.00000E+00 -3.04953E-08 -5.08240E-09  0.00000E+00  1.13594E-07 -1.40234E-08  3.84562E-08  4.79147E-08 -5.86875E-08  8.54194E-10  1.09782E-07  1.20955E-09  9.30435E-09
 THETA2        1.06829E-06  1.25605E-05  1.41576E-06 -1.52782E-07  3.92245E-08  4.97292E-08 -5.04243E-08 -4.70251E-09 -1.50177E-08  4.27737E-08  3.96165E-08 -5.70908E-08  2.52290E-08  1.97637E-08  4.42307E-08  4.12721E-08 -3.46769E-08  3.26016E-08  0.00000E+00  1.42072E-08  7.48295E-09 -7.54366E-09  1.28593E-08  1.75408E-08  1.50273E-08  2.90376E-09  1.35587E-08  2.34067E-08 -3.63177E-08 -4.63674E-08 -2.30438E-08 -2.93065E-08  1.61853E-08  5.88451E-09  0.00000E+00  4.48695E-09  1.22317E-08  4.88708E-10  1.34561E-09  1.76767E-08  9.42736E-09  8.55339E-09  2.30569E-08  1.87282E-08 -3.26649E-08 -4.65289E-08 -1.78484E-08 -2.28151E-08  7.62441E-09  9.02646E-09  0.00000E+00  2.89651E-09  0.00000E+00  1.12977E-08  0.00000E+00 -5.94946E-09  3.71770E-09  0.00000E+00  6.07712E-09 -2.28117E-09 -5.50578E-09  3.43591E-09  5.58857E-10  2.19862E-09  3.20828E-09  9.67255E-10 -1.01834E-10
 THETA3        1.74074E-06  1.41576E-06  1.26426E-05 -2.24335E-07  3.81627E-08  9.30835E-08 -1.20723E-07 -3.81519E-08 -6.49288E-08  5.40453E-08  5.26192E-08 -1.11227E-07  8.94771E-08  1.55109E-07  9.47045E-08  1.31086E-07 -1.00482E-07  2.57640E-08  0.00000E+00  4.83578E-09  1.18449E-08  4.27732E-10  1.55982E-09  1.74273E-08  9.42866E-09  7.97493E-09  2.28492E-08  1.88971E-08 -3.22277E-08 -4.62713E-08 -1.76814E-08 -2.26965E-08  7.67192E-09  8.67050E-09  0.00000E+00 -3.53391E-08  1.16865E-08  2.49828E-08 -3.92946E-08 -6.92727E-11 -1.98450E-08  1.42246E-08  3.17650E-08 -1.19466E-08  3.03948E-09  3.07483E-08  8.85066E-09  2.75625E-08 -2.80647E-08  4.79521E-09  0.00000E+00  2.86732E-09  0.00000E+00  2.35085E-08  0.00000E+00 -1.24016E-08  2.61497E-09  0.00000E+00  2.03822E-08 -5.32572E-09  6.75141E-09  3.32493E-09 -1.24875E-09  2.54927E-09  5.12576E-09  5.59352E-11  1.80095E-09
 THETA4       -1.37256E-06 -1.52782E-07 -2.24335E-07  4.25927E-04 -2.72540E-05 -2.64592E-05 -3.14365E-05 -2.44514E-05 -3.01277E-05 -2.36165E-05 -2.48242E-05 -2.49570E-05 -3.30502E-05 -3.05074E-05 -3.22301E-05 -3.09478E-05 -2.85469E-05 -2.75373E-05  0.00000E+00  1.32194E-05 -9.51514E-07 -1.00820E-06 -6.00627E-07 -9.02680E-07 -7.30597E-07 -1.04700E-06 -9.96510E-07 -7.79183E-07 -9.02496E-07 -1.03534E-06 -9.10300E-07 -9.89282E-07 -7.19379E-07 -9.21755E-07  0.00000E+00  2.38137E-05 -1.81490E-06 -1.71414E-06 -1.08750E-06 -1.93961E-06 -1.40143E-06 -2.07159E-06 -1.99698E-06 -1.84532E-06 -1.10649E-06 -1.58108E-06 -1.21950E-06 -1.50921E-06 -1.44759E-06 -1.72304E-06  0.00000E+00 -7.35084E-10  0.00000E+00 -2.43413E-05  0.00000E+00  3.43217E-06  2.55936E-07  0.00000E+00 -8.72979E-06 -2.15906E-07 -8.82731E-07  3.43745E-07 -4.23949E-07 -1.33875E-08 -3.29780E-07 -3.74223E-09  5.62236E-09
 THETA5        1.33043E-07  3.92245E-08  3.81627E-08 -2.72540E-05  4.37658E-04 -3.03767E-05 -3.03578E-05 -2.82150E-05 -2.83149E-05 -2.73368E-05 -2.84609E-05 -2.79792E-05 -3.29796E-05 -2.86863E-05 -3.14069E-05 -2.90321E-05 -2.99976E-05 -2.77189E-05  0.00000E+00 -9.49358E-07  1.58020E-05 -1.11950E-06 -9.84139E-07 -1.05557E-06 -1.03782E-06 -1.04622E-06 -1.15722E-06 -1.05421E-06 -1.04920E-06 -1.07033E-06 -1.08404E-06 -1.11084E-06 -9.88094E-07 -1.06880E-06  0.00000E+00 -1.89546E-06  2.82824E-05 -2.03881E-06 -1.54868E-06 -1.98237E-06 -1.66570E-06 -2.19338E-06 -1.98748E-06 -1.70393E-06 -1.88934E-06 -2.09427E-06 -1.87773E-06 -1.98282E-06 -1.76021E-06 -1.97449E-06  0.00000E+00  5.83108E-11  0.00000E+00 -1.86250E-06  0.00000E+00  1.34694E-06  9.60983E-08  0.00000E+00  1.94986E-06  2.26809E-07  2.20138E-07  2.98547E-07  3.27869E-07 -7.25904E-10  5.62095E-07 -2.41320E-09 -4.63522E-09
 THETA6        3.44897E-07  4.97292E-08  9.30835E-08 -2.64592E-05 -3.03767E-05  4.42549E-04 -3.04967E-05 -2.89438E-05 -3.11981E-05 -2.82850E-05 -2.86662E-05 -2.92395E-05 -2.86925E-05 -3.00068E-05 -2.91268E-05 -3.02574E-05 -3.01840E-05 -3.00437E-05  0.00000E+00 -7.46367E-07 -1.05914E-06  1.61764E-05 -1.28572E-06 -1.00562E-06 -1.17969E-06 -9.79384E-07 -9.54177E-07 -9.88425E-07 -1.24238E-06 -9.70600E-07 -1.21539E-06 -1.04834E-06 -1.20763E-06 -1.08441E-06  0.00000E+00 -2.06594E-06 -2.09655E-06  2.91073E-05 -1.28003E-06 -2.01620E-06 -1.62858E-06 -2.26240E-06 -2.34204E-06 -1.91235E-06 -1.86604E-06 -2.38181E-06 -1.90919E-06 -2.25401E-06 -1.52253E-06 -1.99788E-06  0.00000E+00 -1.13984E-10  0.00000E+00  1.29759E-06  0.00000E+00 -3.38305E-06 -2.53225E-07  0.00000E+00  3.58835E-06  1.32983E-07  3.70820E-07 -1.22756E-07 -5.97205E-07  7.22934E-09 -4.34420E-07  5.38194E-09  8.80109E-10
 THETA7       -1.20092E-07 -5.04243E-08 -1.20723E-07 -3.14365E-05 -3.03578E-05 -3.04967E-05  4.39062E-04 -3.02169E-05 -2.50406E-05 -3.20495E-05 -3.25976E-05 -2.82797E-05 -2.73844E-05 -3.32742E-05 -2.70720E-05 -3.13902E-05 -2.54749E-05 -2.90216E-05  0.00000E+00 -1.54691E-06 -1.21439E-06 -1.23867E-06  1.54956E-05 -1.24670E-06 -5.45207E-07 -1.60862E-06 -1.43814E-06 -9.79268E-07 -5.55482E-07 -1.26230E-06 -6.48011E-07 -1.07767E-06 -5.49052E-07 -1.10089E-06  0.00000E+00 -4.33079E-07 -1.48993E-06 -1.45692E-06  2.48911E-05 -1.33666E-06 -2.31857E-06 -1.00763E-06 -1.03790E-06 -1.46349E-06 -2.49083E-06 -1.38909E-06 -2.33512E-06 -1.64844E-06 -2.40194E-06 -1.64537E-06  0.00000E+00  4.89964E-10  0.00000E+00  6.02840E-06  0.00000E+00  4.42685E-06  3.21270E-07  0.00000E+00 -6.51196E-06 -6.40855E-07 -6.99360E-07 -4.16644E-07 -3.60204E-07 -8.03846E-09  1.47235E-07 -4.35369E-09  3.15111E-09
 THETA8       -4.26626E-07 -4.70251E-09 -3.81519E-08 -2.44514E-05 -2.82150E-05 -2.89438E-05 -3.02169E-05  4.32357E-04 -2.97407E-05 -2.66763E-05 -2.79911E-05 -2.80406E-05 -3.10050E-05 -2.97784E-05 -3.10799E-05 -3.03059E-05 -2.80961E-05 -2.84375E-05  0.00000E+00 -1.14541E-06 -1.11041E-06 -1.14750E-06 -6.85790E-07  1.52362E-05 -8.71123E-07 -1.20037E-06 -1.25335E-06 -1.03744E-06 -8.92226E-07 -1.12428E-06 -9.48068E-07 -1.10272E-06 -8.23889E-07 -1.05415E-06  0.00000E+00 -2.19177E-06 -1.99169E-06 -1.93428E-06 -1.36862E-06  2.71917E-05 -1.56053E-06 -2.31240E-06 -1.97847E-06 -1.72309E-06 -1.57763E-06 -1.92303E-06 -1.61494E-06 -1.77991E-06 -1.70953E-06 -1.95885E-06  0.00000E+00  2.17901E-10  0.00000E+00 -7.32415E-06  0.00000E+00  3.30418E-06  2.56577E-07  0.00000E+00 -1.12485E-06 -9.37894E-09 -1.00806E-07  1.10707E-07  6.43285E-08 -2.14431E-09 -1.79331E-07 -1.62929E-09 -1.17197E-09
 THETA9       -5.74612E-08 -1.50177E-08 -6.49288E-08 -3.01277E-05 -2.83149E-05 -3.11981E-05 -2.50406E-05 -2.97407E-05  4.35557E-04 -3.13321E-05 -2.95097E-05 -2.60395E-05 -3.17691E-05 -3.07450E-05 -2.94057E-05 -2.90294E-05 -2.86979E-05 -2.81025E-05  0.00000E+00 -8.10656E-07 -1.05972E-06 -1.09492E-06 -8.81650E-07 -1.01257E-06  1.51072E-05 -1.13721E-06 -1.02151E-06 -8.46540E-07 -1.06915E-06 -1.10638E-06 -1.06254E-06 -1.07063E-06 -9.43989E-07 -1.05850E-06  0.00000E+00 -5.81006E-07 -1.51821E-06 -1.62622E-06 -2.76769E-06 -1.36712E-06  2.62924E-05 -9.49774E-07 -1.36259E-06 -1.67741E-06 -2.47912E-06 -1.58651E-06 -2.37053E-06 -1.86568E-06 -2.18035E-06 -1.61408E-06  0.00000E+00  1.00887E-10  0.00000E+00 -4.61571E-07  0.00000E+00  5.91440E-07  5.05964E-08  0.00000E+00 -6.64562E-06 -3.43672E-07 -7.53799E-07  4.17544E-08  1.63896E-07 -1.48281E-09  8.14940E-07  1.41689E-09  4.15283E-09
 THETA10       3.07862E-07  4.27737E-08  5.40453E-08 -2.36165E-05 -2.73368E-05 -2.82850E-05 -3.20495E-05 -2.66763E-05 -3.13321E-05  4.44574E-04 -3.04349E-05 -3.09889E-05 -3.28011E-05 -2.98414E-05 -3.18125E-05 -3.20237E-05 -2.95124E-05 -2.64348E-05  0.00000E+00 -1.94653E-06 -1.27468E-06 -1.31702E-06 -1.34439E-07 -1.37825E-06 -6.76556E-07  1.54795E-05 -1.77484E-06 -1.38410E-06 -4.21670E-07 -1.22475E-06 -6.01580E-07 -1.16296E-06 -5.18696E-07 -1.10216E-06  0.00000E+00 -3.05376E-06 -2.38905E-06 -2.21203E-06 -5.21278E-07 -2.53365E-06 -1.05211E-06  2.70774E-05 -2.22131E-06 -1.47799E-06 -1.25715E-06 -2.31706E-06 -1.28056E-06 -1.77270E-06 -1.56369E-06 -2.31890E-06  0.00000E+00 -6.99277E-10  0.00000E+00 -1.67399E-06  0.00000E+00  6.81093E-06  5.12512E-07  0.00000E+00  9.42150E-06  4.08720E-07  1.14724E-06  3.26818E-07 -4.49986E-07  1.74498E-09  2.71946E-07 -7.69735E-10 -4.94054E-09
 THETA11      -3.06817E-07  3.96165E-08  5.26192E-08 -2.48242E-05 -2.84609E-05 -2.86662E-05 -3.25976E-05 -2.79911E-05 -2.95097E-05 -3.04349E-05  4.37973E-04 -2.48059E-05 -3.22945E-05 -2.77016E-05 -3.14673E-05 -2.70776E-05 -3.16436E-05 -3.00998E-05  0.00000E+00  3.41514E-07 -8.24142E-07 -8.37982E-07 -2.18476E-06 -6.34689E-07 -1.56810E-06 -4.07398E-07  1.66777E-05 -6.47158E-07 -1.93462E-06 -8.20279E-07 -1.75541E-06 -1.03112E-06 -1.66457E-06 -1.01048E-06  0.00000E+00 -1.71980E-06 -1.84424E-06 -2.11708E-06 -1.67286E-06 -1.74697E-06 -1.91342E-06 -1.48885E-06  2.82473E-05 -2.23740E-06 -1.96858E-06 -2.17069E-06 -2.06076E-06 -2.32383E-06 -1.46556E-06 -1.72823E-06  0.00000E+00  3.00532E-10  0.00000E+00 -1.18855E-05  0.00000E+00 -7.26188E-06 -5.30167E-07  0.00000E+00 -5.24096E-06  3.99995E-08 -6.80550E-07  2.41858E-07  3.78606E-07  2.60315E-09 -8.05919E-08  2.61224E-09  2.02652E-10
 THETA12      -7.41962E-07 -5.70908E-08 -1.11227E-07 -2.49570E-05 -2.79792E-05 -2.92395E-05 -2.82797E-05 -2.80406E-05 -2.60395E-05 -3.09889E-05 -2.48059E-05  4.28962E-04 -3.31325E-05 -2.98008E-05 -3.07653E-05 -2.78745E-05 -3.02783E-05 -2.88869E-05  0.00000E+00  1.06795E-07 -8.41735E-07 -8.67540E-07 -1.62950E-06 -6.73227E-07 -1.22566E-06 -6.44368E-07 -4.27659E-07  1.48900E-05 -1.63932E-06 -9.21409E-07 -1.48598E-06 -9.99034E-07 -1.33517E-06 -9.74286E-07  0.00000E+00 -8.52974E-07 -1.44710E-06 -1.65095E-06 -2.49978E-06 -1.31824E-06 -2.25767E-06 -6.54903E-07 -1.75131E-06  2.58287E-05 -2.19585E-06 -1.56596E-06 -2.20875E-06 -1.97388E-06 -1.81925E-06 -1.43413E-06  0.00000E+00 -1.06658E-10  0.00000E+00 -1.55789E-05  0.00000E+00 -4.14652E-06 -2.65762E-07  0.00000E+00 -1.31463E-05 -3.61855E-07 -1.48532E-06  2.01256E-07  1.52017E-07  2.85413E-09  4.03766E-07  7.83148E-09  9.79715E-09
 THETA13       6.50122E-07  2.52290E-08  8.94771E-08 -3.30502E-05 -3.29796E-05 -2.86925E-05 -2.73844E-05 -3.10050E-05 -3.17691E-05 -3.28011E-05 -3.22945E-05 -3.31325E-05  4.57750E-04 -3.03448E-05 -2.61861E-05 -3.04811E-05 -2.64938E-05 -3.24683E-05  0.00000E+00 -1.16203E-06 -1.11895E-06 -1.10103E-06 -9.37847E-07 -1.13181E-06 -1.02777E-06 -1.16707E-06 -1.19606E-06 -1.12761E-06  1.60599E-05 -9.81278E-07 -9.61367E-07 -1.01774E-06 -1.03013E-06 -1.08539E-06  0.00000E+00 -1.68360E-06 -2.09636E-06 -2.19758E-06 -1.53034E-06 -1.93167E-06 -1.70370E-06 -2.30683E-06 -2.05971E-06 -1.64433E-06  2.94329E-05 -2.42769E-06 -2.10385E-06 -2.25326E-06 -1.72244E-06 -2.07059E-06  0.00000E+00 -4.43377E-10  0.00000E+00  1.96749E-05  0.00000E+00 -1.90471E-06 -1.62090E-07  0.00000E+00  8.91685E-06  2.34998E-07  9.57258E-07 -6.43615E-07 -2.45648E-07  7.02888E-09 -1.24939E-06  5.52083E-09  4.77205E-09
 THETA14       6.86950E-07  1.97637E-08  1.55109E-07 -3.05074E-05 -2.86863E-05 -3.00068E-05 -3.32742E-05 -2.97784E-05 -3.07450E-05 -2.98414E-05 -2.77016E-05 -2.98008E-05 -3.03448E-05  4.50779E-04 -3.04182E-05 -2.67974E-05 -3.18026E-05 -2.98088E-05  0.00000E+00 -1.55532E-07 -8.51756E-07 -8.49653E-07 -1.88420E-06 -7.64555E-07 -1.46873E-06 -4.54210E-07 -6.27338E-07 -9.34270E-07 -1.51261E-06  1.58637E-05 -1.44268E-06 -9.63111E-07 -1.46403E-06 -9.56639E-07  0.00000E+00 -2.09861E-06 -2.19442E-06 -2.44975E-06 -1.01964E-06 -2.07520E-06 -1.48598E-06 -2.46590E-06 -2.53710E-06 -1.84866E-06 -1.98486E-06  2.95159E-05 -2.01732E-06 -2.50084E-06 -1.34349E-06 -2.07298E-06  0.00000E+00  4.82094E-10  0.00000E+00  9.56976E-06  0.00000E+00 -6.20863E-06 -4.65651E-07  0.00000E+00  1.09084E-05  6.20309E-07  1.23567E-06  1.73943E-07  6.19484E-07  5.64994E-09  1.22059E-07 -4.72575E-09 -1.00607E-08
 THETA15       7.41921E-07  4.42307E-08  9.47045E-08 -3.22301E-05 -3.14069E-05 -2.91268E-05 -2.70720E-05 -3.10799E-05 -2.94057E-05 -3.18125E-05 -3.14673E-05 -3.07653E-05 -2.61861E-05 -3.04182E-05  4.48935E-04 -2.99347E-05 -2.86787E-05 -3.07348E-05  0.00000E+00 -9.43027E-07 -1.09676E-06 -1.07897E-06 -1.10246E-06 -1.07938E-06 -1.09632E-06 -1.09866E-06 -1.07098E-06 -1.03973E-06 -1.08087E-06 -9.93694E-07  1.60306E-05 -1.03547E-06 -1.11584E-06 -1.09558E-06  0.00000E+00 -1.32504E-06 -1.95470E-06 -2.11203E-06 -1.89064E-06 -1.77514E-06 -1.90248E-06 -1.88749E-06 -1.95928E-06 -1.70966E-06 -2.33433E-06 -2.30775E-06  2.91059E-05 -2.27338E-06 -1.81996E-06 -1.94780E-06  0.00000E+00 -1.17767E-11  0.00000E+00  1.42462E-05  0.00000E+00 -2.90827E-06 -2.26041E-07  0.00000E+00  5.47978E-06  8.92730E-08  5.63497E-07 -3.70814E-07 -3.40119E-07  8.26865E-09 -3.17142E-07  4.35400E-09 -1.36005E-09
 THETA16       5.30640E-07  4.12721E-08  1.31086E-07 -3.09478E-05 -2.90321E-05 -3.02574E-05 -3.13902E-05 -3.03059E-05 -2.90294E-05 -3.20237E-05 -2.70776E-05 -2.78745E-05 -3.04811E-05 -2.67974E-05 -2.99347E-05  4.47236E-04 -3.17918E-05 -3.02231E-05  0.00000E+00  1.27315E-07 -8.37160E-07 -8.33276E-07 -2.11047E-06 -7.01405E-07 -1.55535E-06 -4.15281E-07 -4.44025E-07 -7.96645E-07 -1.74316E-06 -7.45824E-07 -1.61470E-06  1.59427E-05 -1.61577E-06 -9.94305E-07  0.00000E+00 -1.46397E-06 -1.94922E-06 -2.27611E-06 -1.67626E-06 -1.77517E-06 -1.86665E-06 -1.72962E-06 -2.32789E-06 -1.97610E-06 -2.29228E-06 -2.49058E-06 -2.30744E-06  2.93258E-05 -1.53215E-06 -1.86868E-06  0.00000E+00  3.42839E-10  0.00000E+00  6.30030E-06  0.00000E+00 -7.91158E-06 -5.90692E-07  0.00000E+00  4.46719E-06  3.38143E-07  4.41100E-07  1.20449E-07  5.81403E-07  5.92463E-09  2.34015E-07 -1.94916E-09 -8.43002E-09
 THETA17      -4.50436E-07 -3.46769E-08 -1.00482E-07 -2.85469E-05 -2.99976E-05 -3.01840E-05 -2.54749E-05 -2.80961E-05 -2.86979E-05 -2.95124E-05 -3.16436E-05 -3.02783E-05 -2.64938E-05 -3.18026E-05 -2.86787E-05 -3.17918E-05  4.37323E-04 -2.94780E-05  0.00000E+00 -1.87830E-06 -1.26506E-06 -1.31578E-06  9.59410E-08 -1.33925E-06 -4.84472E-07 -1.66580E-06 -1.69101E-06 -1.17159E-06 -3.80378E-07 -1.29480E-06 -5.37073E-07 -1.12924E-06  1.55502E-05 -1.10220E-06  0.00000E+00 -1.63968E-06 -1.85253E-06 -1.67710E-06 -1.96492E-06 -1.86277E-06 -1.77628E-06 -2.10591E-06 -1.42095E-06 -1.42949E-06 -1.82976E-06 -1.61153E-06 -1.77123E-06 -1.52897E-06  2.62883E-05 -1.94080E-06  0.00000E+00 -1.27974E-10  0.00000E+00  2.91250E-06  0.00000E+00  7.96744E-06  5.66712E-07  0.00000E+00 -1.76465E-06 -2.72403E-07 -1.65691E-07 -3.12202E-07  7.81987E-08 -1.17509E-08 -6.39731E-07 -4.47490E-09  4.13231E-09
 THETA18       2.79632E-07  3.26016E-08  2.57640E-08 -2.75373E-05 -2.77189E-05 -3.00437E-05 -2.90216E-05 -2.84375E-05 -2.81025E-05 -2.64348E-05 -3.00998E-05 -2.88869E-05 -3.24683E-05 -2.98088E-05 -3.07348E-05 -3.02231E-05 -2.94780E-05  4.38228E-04  0.00000E+00 -1.35404E-06 -1.16699E-06 -1.20358E-06 -5.86692E-07 -1.19070E-06 -8.50030E-07 -1.29371E-06 -1.39407E-06 -1.14804E-06 -7.80636E-07 -1.15136E-06 -8.67941E-07 -1.12114E-06 -7.78931E-07  1.56871E-05  0.00000E+00 -1.87520E-06 -2.00197E-06 -1.98915E-06 -1.57179E-06 -2.00345E-06 -1.63436E-06 -2.30940E-06 -1.85674E-06 -1.56720E-06 -1.88956E-06 -2.04999E-06 -1.84795E-06 -1.87964E-06 -1.85300E-06  2.80208E-05  0.00000E+00  1.07738E-10  0.00000E+00  9.00752E-07  0.00000E+00  3.27189E-06  2.43335E-07  0.00000E+00  3.21462E-06  8.95896E-08  3.74210E-07  2.07839E-07 -3.85666E-08 -1.12179E-09  6.23229E-07 -3.12101E-09 -5.32810E-09
 THETA19       0.00000E+00  0.00000E+00  0.00000E+00  0.00000E+00  0.00000E+00  0.00000E+00  0.00000E+00  0.00000E+00  0.00000E+00  0.00000E+00  0.00000E+00  0.00000E+00  0.00000E+00  0.00000E+00  0.00000E+00  0.00000E+00  0.00000E+00  0.00000E+00  0.00000E+00  0.00000E+00  0.00000E+00  0.00000E+00  0.00000E+00  0.00000E+00  0.00000E+00  0.00000E+00  0.00000E+00  0.00000E+00  0.00000E+00  0.00000E+00  0.00000E+00  0.00000E+00  0.00000E+00  0.00000E+00  0.00000E+00  0.00000E+00  0.00000E+00  0.00000E+00  0.00000E+00  0.00000E+00  0.00000E+00  0.00000E+00  0.00000E+00  0.00000E+00  0.00000E+00  0.00000E+00  0.00000E+00  0.00000E+00  0.00000E+00  0.00000E+00  0.00000E+00  0.00000E+00  0.00000E+00  0.00000E+00  0.00000E+00  0.00000E+00  0.00000E+00  0.00000E+00  0.00000E+00  0.00000E+00  0.00000E+00  0.00000E+00  0.00000E+00  0.00000E+00  0.00000E+00  0.00000E+00  0.00000E+00
 THETA20      -1.64395E-07  1.42072E-08  4.83578E-09  1.32194E-05 -9.49358E-07 -7.46367E-07 -1.54691E-06 -1.14541E-06 -8.10656E-07 -1.94653E-06  3.41514E-07  1.06795E-07 -1.16203E-06 -1.55532E-07 -9.43027E-07  1.27315E-07 -1.87830E-06 -1.35404E-06  0.00000E+00  1.87651E-04 -1.23651E-05 -1.25083E-05 -1.26869E-05 -1.22123E-05 -1.25593E-05 -1.21615E-05 -1.23208E-05 -1.22793E-05 -1.29204E-05 -1.26609E-05 -1.28467E-05 -1.27030E-05 -1.24544E-05 -1.23971E-05  0.00000E+00  2.10622E-05 -1.37838E-06 -1.41927E-06 -1.42242E-06 -1.34154E-06 -1.42002E-06 -1.31008E-06 -1.41123E-06 -1.39118E-06 -1.47182E-06 -1.41765E-06 -1.47432E-06 -1.45566E-06 -1.36106E-06 -1.37566E-06  0.00000E+00 -5.33242E-10  0.00000E+00 -7.78783E-07  0.00000E+00 -5.26117E-06  3.29694E-06  0.00000E+00 -8.50005E-07 -3.25483E-06 -7.89165E-07  2.83209E-08  8.82371E-08 -8.45222E-09  2.00531E-08  5.55939E-11  6.43462E-09
 THETA21       2.72524E-08  7.48295E-09  1.18449E-08 -9.51514E-07  1.58020E-05 -1.05914E-06 -1.21439E-06 -1.11041E-06 -1.05972E-06 -1.27468E-06 -8.24142E-07 -8.41735E-07 -1.11895E-06 -8.51756E-07 -1.09676E-06 -8.37160E-07 -1.26506E-06 -1.16699E-06  0.00000E+00 -1.23651E-05  1.86917E-04 -1.24528E-05 -1.25613E-05 -1.23853E-05 -1.25651E-05 -1.22021E-05 -1.25629E-05 -1.26294E-05 -1.24627E-05 -1.24006E-05 -1.25034E-05 -1.25154E-05 -1.24107E-05 -1.23724E-05  0.00000E+00 -1.36574E-06  2.10462E-05 -1.44153E-06 -1.37175E-06 -1.36714E-06 -1.42791E-06 -1.26741E-06 -1.54149E-06 -1.52505E-06 -1.38273E-06 -1.40835E-06 -1.42071E-06 -1.48119E-06 -1.30083E-06 -1.35145E-06  0.00000E+00  3.87839E-10  0.00000E+00 -6.81413E-08  0.00000E+00 -2.88618E-07  1.12515E-06  0.00000E+00  3.83131E-08  1.12391E-06  1.95533E-07  4.19293E-09  1.94637E-08 -1.47713E-08 -2.03258E-11 -1.42227E-08 -9.14703E-09
 THETA22       5.19923E-08 -7.54366E-09  4.27732E-10 -1.00820E-06 -1.11950E-06  1.61764E-05 -1.23867E-06 -1.14750E-06 -1.09492E-06 -1.31702E-06 -8.37982E-07 -8.67540E-07 -1.10103E-06 -8.49653E-07 -1.07897E-06 -8.33276E-07 -1.31578E-06 -1.20358E-06  0.00000E+00 -1.25083E-05 -1.24528E-05  1.86791E-04 -1.27178E-05 -1.25284E-05 -1.25597E-05 -1.25218E-05 -1.22125E-05 -1.23948E-05 -1.23686E-05 -1.21364E-05 -1.23555E-05 -1.21572E-05 -1.27509E-05 -1.25135E-05  0.00000E+00 -1.38572E-06 -1.38463E-06  2.08457E-05 -1.38828E-06 -1.38450E-06 -1.41954E-06 -1.31706E-06 -1.47462E-06 -1.47610E-06 -1.35245E-06 -1.35531E-06 -1.38161E-06 -1.40907E-06 -1.35177E-06 -1.36610E-06  0.00000E+00 -3.99600E-10  0.00000E+00  4.62595E-08  0.00000E+00  1.69323E-07 -2.88617E-06  0.00000E+00  1.68185E-07  1.46504E-06  3.36035E-07  1.80627E-09  1.99592E-08  2.99872E-08  1.11688E-09  2.20130E-09  3.15200E-09
 THETA23      -3.40041E-08  1.28593E-08  1.55982E-09 -6.00627E-07 -9.84139E-07 -1.28572E-06  1.54956E-05 -6.85790E-07 -8.81650E-07 -1.34439E-07 -2.18476E-06 -1.62950E-06 -9.37847E-07 -1.88420E-06 -1.10246E-06 -2.11047E-06  9.59410E-08 -5.86692E-07  0.00000E+00 -1.26869E-05 -1.25613E-05 -1.27178E-05  1.87600E-04 -1.25164E-05 -1.21683E-05 -1.26618E-05 -1.29029E-05 -1.25341E-05 -1.23200E-05 -1.28638E-05 -1.23810E-05 -1.27673E-05 -1.19779E-05 -1.24543E-05  0.00000E+00 -1.49791E-06 -1.48012E-06 -1.32264E-06  2.08486E-05 -1.52775E-06 -1.33998E-06 -1.72851E-06 -1.18181E-06 -1.18111E-06 -1.32569E-06 -1.25406E-06 -1.29197E-06 -1.16595E-06 -1.60737E-06 -1.53447E-06  0.00000E+00 -1.55640E-11  0.00000E+00  1.97930E-07  0.00000E+00  1.49995E-06  3.58696E-06  0.00000E+00 -8.84566E-08 -2.97480E-06 -5.73487E-07 -1.69870E-08 -8.29412E-08 -2.70923E-08 -8.49385E-09  2.07009E-08  4.04138E-09
 THETA24      -1.01816E-08  1.75408E-08  1.74273E-08 -9.02680E-07 -1.05557E-06 -1.00562E-06 -1.24670E-06  1.52362E-05 -1.01257E-06 -1.37825E-06 -6.34689E-07 -6.73227E-07 -1.13181E-06 -7.64555E-07 -1.07938E-06 -7.01405E-07 -1.33925E-06 -1.19070E-06  0.00000E+00 -1.22123E-05 -1.23853E-05 -1.25284E-05 -1.25164E-05  1.87166E-04 -1.25582E-05 -1.21189E-05 -1.26299E-05 -1.26245E-05 -1.25872E-05 -1.25567E-05 -1.26186E-05 -1.26753E-05 -1.23070E-05 -1.23465E-05  0.00000E+00 -1.34420E-06 -1.38718E-06 -1.44961E-06 -1.38268E-06  2.11490E-05 -1.42995E-06 -1.28560E-06 -1.52451E-06 -1.50004E-06 -1.41095E-06 -1.42671E-06 -1.44254E-06 -1.48786E-06 -1.31444E-06 -1.36355E-06  0.00000E+00 -2.85865E-12  0.00000E+00 -2.68114E-07  0.00000E+00 -1.41738E-06  2.87840E-06  0.00000E+00 -2.06441E-07 -5.56029E-08 -8.78029E-08  2.15083E-09  2.98815E-08 -2.21683E-08  2.55738E-09 -7.35437E-09  1.21168E-09
 THETA25      -1.48989E-08  1.50273E-08  9.42866E-09 -7.30597E-07 -1.03782E-06 -1.17969E-06 -5.45207E-07 -8.71123E-07  1.51072E-05 -6.76556E-07 -1.56810E-06 -1.22566E-06 -1.02777E-06 -1.46873E-06 -1.09632E-06 -1.55535E-06 -4.84472E-07 -8.50030E-07  0.00000E+00 -1.25593E-05 -1.25651E-05 -1.25597E-05 -1.21683E-05 -1.25582E-05  1.87175E-04 -1.27985E-05 -1.24941E-05 -1.22918E-05 -1.24234E-05 -1.26322E-05 -1.24111E-05 -1.24946E-05 -1.23717E-05 -1.25610E-05  0.00000E+00 -1.46047E-06 -1.46836E-06 -1.33483E-06 -1.45614E-06 -1.51231E-06  2.10183E-05 -1.67678E-06 -1.19599E-06 -1.20703E-06 -1.35921E-06 -1.26496E-06 -1.32753E-06 -1.19153E-06 -1.60804E-06 -1.52328E-06  0.00000E+00  3.52765E-10  0.00000E+00 -1.74169E-08  0.00000E+00 -4.78218E-09  4.87451E-07  0.00000E+00 -2.38933E-07 -2.99554E-06 -5.79163E-07 -6.59974E-09 -4.02469E-08 -2.99616E-09 -3.74021E-09  1.26444E-08 -4.03556E-09
 THETA26       2.71682E-08  2.90376E-09  7.97493E-09 -1.04700E-06 -1.04622E-06 -9.79384E-07 -1.60862E-06 -1.20037E-06 -1.13721E-06  1.54795E-05 -4.07398E-07 -6.44368E-07 -1.16707E-06 -4.54210E-07 -1.09866E-06 -4.15281E-07 -1.66580E-06 -1.29371E-06  0.00000E+00 -1.21615E-05 -1.22021E-05 -1.25218E-05 -1.26618E-05 -1.21189E-05 -1.27985E-05  1.87867E-04 -1.30250E-05 -1.32033E-05 -1.24968E-05 -1.24418E-05 -1.26516E-05 -1.28719E-05 -1.20537E-05 -1.20526E-05  0.00000E+00 -1.27784E-06 -1.29288E-06 -1.55258E-06 -1.25804E-06 -1.22006E-06 -1.47059E-06  2.15041E-05 -1.89036E-06 -1.82960E-06 -1.39733E-06 -1.56006E-06 -1.50536E-06 -1.76814E-06 -9.75281E-07 -1.17235E-06  0.00000E+00 -1.70442E-10  0.00000E+00 -6.30081E-08  0.00000E+00 -5.08566E-08  5.59201E-06  0.00000E+00  3.20787E-07  4.86062E-06  8.62726E-07  1.57944E-08  5.80529E-08 -4.68049E-08  5.68987E-09 -3.39547E-08 -1.06694E-08
 THETA27       3.09829E-08  1.35587E-08  2.28492E-08 -9.96510E-07 -1.15722E-06 -9.54177E-07 -1.43814E-06 -1.25335E-06 -1.02151E-06 -1.77484E-06  1.66777E-05 -4.27659E-07 -1.19606E-06 -6.27338E-07 -1.07098E-06 -4.44025E-07 -1.69101E-06 -1.39407E-06  0.00000E+00 -1.23208E-05 -1.25629E-05 -1.22125E-05 -1.29029E-05 -1.26299E-05 -1.24941E-05 -1.30250E-05  1.87720E-04 -1.18349E-05 -1.26083E-05 -1.21254E-05 -1.24482E-05 -1.19270E-05 -1.31666E-05 -1.27609E-05  0.00000E+00 -1.38578E-06 -1.44608E-06 -1.35670E-06 -1.50487E-06 -1.46342E-06 -1.42543E-06 -1.54407E-06  2.13277E-05 -1.29028E-06 -1.41736E-06 -1.30074E-06 -1.39401E-06 -1.27650E-06 -1.56903E-06 -1.48504E-06  0.00000E+00  1.57957E-10  0.00000E+00 -4.44377E-07  0.00000E+00 -2.76771E-06 -5.88847E-06  0.00000E+00 -4.64679E-07 -2.40127E-06 -4.53025E-07  6.01602E-09  4.67448E-08  5.56950E-08  5.03239E-09  8.31011E-09  2.69776E-09
 THETA28      -6.29076E-08  2.34067E-08  1.88971E-08 -7.79183E-07 -1.05421E-06 -9.88425E-07 -9.79268E-07 -1.03744E-06 -8.46540E-07 -1.38410E-06 -6.47158E-07  1.48900E-05 -1.12761E-06 -9.34270E-07 -1.03973E-06 -7.96645E-07 -1.17159E-06 -1.14804E-06  0.00000E+00 -1.22793E-05 -1.26294E-05 -1.23948E-05 -1.25341E-05 -1.26245E-05 -1.22918E-05 -1.32033E-05 -1.18349E-05  1.87846E-04 -1.26940E-05 -1.24901E-05 -1.25196E-05 -1.21732E-05 -1.29070E-05 -1.27925E-05  0.00000E+00 -1.41169E-06 -1.49460E-06 -1.29784E-06 -1.54591E-06 -1.53835E-06 -1.37893E-06 -1.79003E-06 -1.04632E-06  2.14404E-05 -1.42080E-06 -1.23282E-06 -1.35259E-06 -1.11545E-06 -1.74424E-06 -1.58791E-06  0.00000E+00  1.31656E-10  0.00000E+00 -5.38283E-07  0.00000E+00 -3.48435E-06 -3.31852E-06  0.00000E+00 -8.16672E-07 -5.97633E-06 -1.19136E-06  4.22283E-09  1.84019E-08  4.16266E-08  6.79372E-09  2.28937E-08  3.25386E-09
 THETA29       5.02613E-08 -3.63177E-08 -3.22277E-08 -9.02496E-07 -1.04920E-06 -1.24238E-06 -5.55482E-07 -8.92226E-07 -1.06915E-06 -4.21670E-07 -1.93462E-06 -1.63932E-06  1.60599E-05 -1.51261E-06 -1.08087E-06 -1.74316E-06 -3.80378E-07 -7.80636E-07  0.00000E+00 -1.29204E-05 -1.24627E-05 -1.23686E-05 -1.23200E-05 -1.25872E-05 -1.24234E-05 -1.24968E-05 -1.26083E-05 -1.26940E-05  1.86620E-04 -1.21707E-05 -1.21166E-05 -1.22288E-05 -1.24144E-05 -1.24212E-05  0.00000E+00 -1.45656E-06 -1.37374E-06 -1.36270E-06 -1.32141E-06 -1.39621E-06 -1.36591E-06 -1.35284E-06 -1.45350E-06 -1.45245E-06  2.04892E-05 -1.29407E-06 -1.28901E-06 -1.33670E-06 -1.33421E-06 -1.35184E-06  0.00000E+00 -5.39206E-10  0.00000E+00  6.85614E-07  0.00000E+00  3.96378E-06 -1.88412E-06  0.00000E+00  7.23867E-07  3.29570E-06  7.43515E-07 -1.14098E-08 -5.18310E-08  5.05549E-09 -6.66341E-09  4.41005E-09  1.16392E-08
 THETA30       1.00508E-08 -4.63674E-08 -4.62713E-08 -1.03534E-06 -1.07033E-06 -9.70600E-07 -1.26230E-06 -1.12428E-06 -1.10638E-06 -1.22475E-06 -8.20279E-07 -9.21409E-07 -9.81278E-07  1.58637E-05 -9.93694E-07 -7.45824E-07 -1.29480E-06 -1.15136E-06  0.00000E+00 -1.26609E-05 -1.24006E-05 -1.21364E-05 -1.28638E-05 -1.25567E-05 -1.26322E-05 -1.24418E-05 -1.21254E-05 -1.24901E-05 -1.21707E-05  1.86632E-04 -1.21886E-05 -1.19174E-05 -1.28794E-05 -1.24729E-05  0.00000E+00 -1.35550E-06 -1.30947E-06 -1.38529E-06 -1.30666E-06 -1.30228E-06 -1.39382E-06 -1.13580E-06 -1.55877E-06 -1.56123E-06 -1.27913E-06  2.01648E-05 -1.33922E-06 -1.44036E-06 -1.20202E-06 -1.25848E-06  0.00000E+00  4.41256E-10  0.00000E+00  3.29794E-07  0.00000E+00  1.79176E-06 -5.17644E-06  0.00000E+00  5.87630E-07  4.38381E-06  9.25704E-07 -1.86736E-09  1.71180E-08  2.67690E-08 -5.81626E-09 -1.98406E-08 -8.98670E-09
 THETA31       5.69208E-08 -2.30438E-08 -1.76814E-08 -9.10300E-07 -1.08404E-06 -1.21539E-06 -6.48011E-07 -9.48068E-07 -1.06254E-06 -6.01580E-07 -1.75541E-06 -1.48598E-06 -9.61367E-07 -1.44268E-06  1.60306E-05 -1.61470E-06 -5.37073E-07 -8.67941E-07  0.00000E+00 -1.28467E-05 -1.25034E-05 -1.23555E-05 -1.23810E-05 -1.26186E-05 -1.24111E-05 -1.26516E-05 -1.24482E-05 -1.25196E-05 -1.21166E-05 -1.21886E-05  1.86680E-04 -1.21787E-05 -1.25413E-05 -1.24991E-05  0.00000E+00 -1.46197E-06 -1.39949E-06 -1.35565E-06 -1.36751E-06 -1.43019E-06 -1.37732E-06 -1.43000E-06 -1.39133E-06 -1.40064E-06 -1.28326E-06 -1.28354E-06  2.06673E-05 -1.29992E-06 -1.41094E-06 -1.39660E-06  0.00000E+00 -2.48350E-10  0.00000E+00  5.07244E-07  0.00000E+00  2.86994E-06 -2.63797E-06  0.00000E+00  5.03435E-07  1.92857E-06  4.76639E-07 -1.16408E-08 -4.17037E-08  1.81940E-08 -7.09966E-09  7.25310E-09  3.16689E-09
 THETA32       3.62746E-08 -2.93065E-08 -2.26965E-08 -9.89282E-07 -1.11084E-06 -1.04834E-06 -1.07767E-06 -1.10272E-06 -1.07063E-06 -1.16296E-06 -1.03112E-06 -9.99034E-07 -1.01774E-06 -9.63111E-07 -1.03547E-06  1.59427E-05 -1.12924E-06 -1.12114E-06  0.00000E+00 -1.27030E-05 -1.25154E-05 -1.21572E-05 -1.27673E-05 -1.26753E-05 -1.24946E-05 -1.28719E-05 -1.19270E-05 -1.21732E-05 -1.22288E-05 -1.19174E-05 -1.21787E-05  1.86897E-04 -1.30120E-05 -1.26451E-05  0.00000E+00 -1.41383E-06 -1.38414E-06 -1.34163E-06 -1.39810E-06 -1.40880E-06 -1.38850E-06 -1.39849E-06 -1.36085E-06 -1.38705E-06 -1.30470E-06 -1.27030E-06 -1.31939E-06  2.05770E-05 -1.41991E-06 -1.38732E-06  0.00000E+00  3.62850E-10  0.00000E+00  2.22422E-07  0.00000E+00  1.05928E-06 -6.54317E-06  0.00000E+00  2.99615E-07  1.49457E-06  3.98728E-07 -3.65727E-09  7.13270E-11  4.55485E-08 -4.88776E-09 -2.10480E-09 -5.00822E-09
 THETA33      -1.75545E-08  1.61853E-08  7.67192E-09 -7.19379E-07 -9.88094E-07 -1.20763E-06 -5.49052E-07 -8.23889E-07 -9.43989E-07 -5.18696E-07 -1.66457E-06 -1.33517E-06 -1.03013E-06 -1.46403E-06 -1.11584E-06 -1.61577E-06  1.55502E-05 -7.78931E-07  0.00000E+00 -1.24544E-05 -1.24107E-05 -1.27509E-05 -1.19779E-05 -1.23070E-05 -1.23717E-05 -1.20537E-05 -1.31666E-05 -1.29070E-05 -1.24144E-05 -1.28794E-05 -1.25413E-05 -1.30120E-05  1.87680E-04 -1.22371E-05  0.00000E+00 -1.41554E-06 -1.41595E-06 -1.41887E-06 -1.35489E-06 -1.41631E-06 -1.38535E-06 -1.42177E-06 -1.45084E-06 -1.41841E-06 -1.36139E-06 -1.38305E-06 -1.37876E-06 -1.39998E-06  2.10046E-05 -1.40560E-06  0.00000E+00 -2.38796E-10  0.00000E+00  8.98606E-08  0.00000E+00  9.32993E-07  6.61411E-06  0.00000E+00 -1.93067E-10 -4.81220E-07 -1.53638E-07 -2.13304E-09 -4.21406E-08 -6.00965E-08  1.01482E-09  1.29137E-09  8.93717E-09
 THETA34       2.28940E-08  5.88451E-09  8.67050E-09 -9.21755E-07 -1.06880E-06 -1.08441E-06 -1.10089E-06 -1.05415E-06 -1.05850E-06 -1.10216E-06 -1.01048E-06 -9.74286E-07 -1.08539E-06 -9.56639E-07 -1.09558E-06 -9.94305E-07 -1.10220E-06  1.56871E-05  0.00000E+00 -1.23971E-05 -1.23724E-05 -1.25135E-05 -1.24543E-05 -1.23465E-05 -1.25610E-05 -1.20526E-05 -1.27609E-05 -1.27925E-05 -1.24212E-05 -1.24729E-05 -1.24991E-05 -1.26451E-05 -1.22371E-05  1.86997E-04  0.00000E+00 -1.37166E-06 -1.37390E-06 -1.45326E-06 -1.34604E-06 -1.35182E-06 -1.42562E-06 -1.23029E-06 -1.58294E-06 -1.55761E-06 -1.37132E-06 -1.42170E-06 -1.41897E-06 -1.50656E-06 -1.26193E-06  2.10517E-05  0.00000E+00  2.55149E-10  0.00000E+00  3.05200E-08  0.00000E+00  3.76801E-07  2.65105E-06  0.00000E+00  1.44669E-07  1.72088E-06  3.07487E-07  3.26262E-10  7.65813E-09 -2.42779E-08 -2.10493E-09 -1.41586E-08 -9.96711E-09
 THETA35       0.00000E+00  0.00000E+00  0.00000E+00  0.00000E+00  0.00000E+00  0.00000E+00  0.00000E+00  0.00000E+00  0.00000E+00  0.00000E+00  0.00000E+00  0.00000E+00  0.00000E+00  0.00000E+00  0.00000E+00  0.00000E+00  0.00000E+00  0.00000E+00  0.00000E+00  0.00000E+00  0.00000E+00  0.00000E+00  0.00000E+00  0.00000E+00  0.00000E+00  0.00000E+00  0.00000E+00  0.00000E+00  0.00000E+00  0.00000E+00  0.00000E+00  0.00000E+00  0.00000E+00  0.00000E+00  0.00000E+00  0.00000E+00  0.00000E+00  0.00000E+00  0.00000E+00  0.00000E+00  0.00000E+00  0.00000E+00  0.00000E+00  0.00000E+00  0.00000E+00  0.00000E+00  0.00000E+00  0.00000E+00  0.00000E+00  0.00000E+00  0.00000E+00  0.00000E+00  0.00000E+00  0.00000E+00  0.00000E+00  0.00000E+00  0.00000E+00  0.00000E+00  0.00000E+00  0.00000E+00  0.00000E+00  0.00000E+00  0.00000E+00  0.00000E+00  0.00000E+00  0.00000E+00  0.00000E+00
 THETA36      -1.90757E-07  4.48695E-09 -3.53391E-08  2.38137E-05 -1.89546E-06 -2.06594E-06 -4.33079E-07 -2.19177E-06 -5.81006E-07 -3.05376E-06 -1.71980E-06 -8.52974E-07 -1.68360E-06 -2.09861E-06 -1.32504E-06 -1.46397E-06 -1.63968E-06 -1.87520E-06  0.00000E+00  2.10622E-05 -1.36574E-06 -1.38572E-06 -1.49791E-06 -1.34420E-06 -1.46047E-06 -1.27784E-06 -1.38578E-06 -1.41169E-06 -1.45656E-06 -1.35550E-06 -1.46197E-06 -1.41383E-06 -1.41554E-06 -1.37166E-06  0.00000E+00  1.88432E-04 -1.24517E-05 -1.25665E-05 -1.26954E-05 -1.23274E-05 -1.25867E-05 -1.23037E-05 -1.24032E-05 -1.23513E-05 -1.28962E-05 -1.26967E-05 -1.28314E-05 -1.27170E-05 -1.25219E-05 -1.24782E-05  0.00000E+00 -6.04953E-10  0.00000E+00 -1.32262E-06  0.00000E+00 -3.97172E-07  3.64564E-07  0.00000E+00 -5.79924E-06  1.34664E-06 -7.08848E-06  4.00669E-08  9.34078E-09  1.24299E-09  1.14715E-07  1.21878E-10  6.55167E-10
 THETA37       3.69639E-08  1.22317E-08  1.16865E-08 -1.81490E-06  2.82824E-05 -2.09655E-06 -1.48993E-06 -1.99169E-06 -1.51821E-06 -2.38905E-06 -1.84424E-06 -1.44710E-06 -2.09636E-06 -2.19442E-06 -1.95470E-06 -1.94922E-06 -1.85253E-06 -2.00197E-06  0.00000E+00 -1.37838E-06  2.10462E-05 -1.38463E-06 -1.48012E-06 -1.38718E-06 -1.46836E-06 -1.29288E-06 -1.44608E-06 -1.49460E-06 -1.37374E-06 -1.30947E-06 -1.39949E-06 -1.38414E-06 -1.41595E-06 -1.37390E-06  0.00000E+00 -1.24517E-05  1.88655E-04 -1.25687E-05 -1.26877E-05 -1.25001E-05 -1.26753E-05 -1.23260E-05 -1.26559E-05 -1.27154E-05 -1.26018E-05 -1.25263E-05 -1.26303E-05 -1.26339E-05 -1.25436E-05 -1.24922E-05  0.00000E+00  4.47257E-10  0.00000E+00 -1.23789E-07  0.00000E+00  5.20622E-08  1.22120E-07  0.00000E+00 -2.32636E-07  7.58162E-07  1.81858E-06  7.09271E-09  4.23522E-09 -6.27592E-09  2.41158E-08 -1.27613E-08 -2.38082E-08
 THETA38       1.03158E-07  4.88708E-10  2.49828E-08 -1.71414E-06 -2.03881E-06  2.91073E-05 -1.45692E-06 -1.93428E-06 -1.62622E-06 -2.21203E-06 -2.11708E-06 -1.65095E-06 -2.19758E-06 -2.44975E-06 -2.11203E-06 -2.27611E-06 -1.67710E-06 -1.98915E-06  0.00000E+00 -1.41927E-06 -1.44153E-06  2.08457E-05 -1.32264E-06 -1.44961E-06 -1.33483E-06 -1.55258E-06 -1.35670E-06 -1.29784E-06 -1.36270E-06 -1.38529E-06 -1.35565E-06 -1.34163E-06 -1.41887E-06 -1.45326E-06  0.00000E+00 -1.25665E-05 -1.25687E-05  1.88871E-04 -1.27483E-05 -1.25928E-05 -1.26826E-05 -1.25058E-05 -1.25406E-05 -1.26398E-05 -1.25557E-05 -1.24350E-05 -1.25688E-05 -1.24953E-05 -1.27030E-05 -1.25806E-05  0.00000E+00 -5.30323E-10  0.00000E+00  6.02563E-08  0.00000E+00 -1.64371E-07 -3.19268E-07  0.00000E+00  5.00938E-07 -1.40395E-06  3.05576E-06  3.20019E-09  8.83263E-10  1.24308E-08  1.73516E-08  1.87644E-08 -5.45427E-09
 THETA39      -1.49518E-07  1.34561E-09 -3.92946E-08 -1.08750E-06 -1.54868E-06 -1.28003E-06  2.48911E-05 -1.36862E-06 -2.76769E-06 -5.21278E-07 -1.67286E-06 -2.49978E-06 -1.53034E-06 -1.01964E-06 -1.89064E-06 -1.67626E-06 -1.96492E-06 -1.57179E-06  0.00000E+00 -1.42242E-06 -1.37175E-06 -1.38828E-06  2.08486E-05 -1.38268E-06 -1.45614E-06 -1.25804E-06 -1.50487E-06 -1.54591E-06 -1.32141E-06 -1.30666E-06 -1.36751E-06 -1.39810E-06 -1.35489E-06 -1.34604E-06  0.00000E+00 -1.26954E-05 -1.26877E-05 -1.27483E-05  1.88474E-04 -1.26413E-05 -1.21309E-05 -1.30455E-05 -1.27006E-05 -1.22742E-05 -1.24612E-05 -1.29437E-05 -1.24515E-05 -1.27042E-05 -1.22104E-05 -1.26494E-05  0.00000E+00  4.60195E-11  0.00000E+00  3.24317E-07  0.00000E+00  3.94205E-07  3.90256E-07  0.00000E+00  9.54604E-07  1.62909E-06 -5.58383E-06 -2.79682E-08 -1.37892E-08 -6.20093E-10 -9.30448E-08 -1.12039E-08  4.14052E-08
 THETA40      -2.57997E-08  1.76767E-08 -6.92727E-11 -1.93961E-06 -1.98237E-06 -2.01620E-06 -1.33666E-06  2.71917E-05 -1.36712E-06 -2.53365E-06 -1.74697E-06 -1.31824E-06 -1.93167E-06 -2.07520E-06 -1.77514E-06 -1.77517E-06 -1.86277E-06 -2.00345E-06  0.00000E+00 -1.34154E-06 -1.36714E-06 -1.38450E-06 -1.52775E-06  2.11490E-05 -1.51231E-06 -1.22006E-06 -1.46342E-06 -1.53835E-06 -1.39621E-06 -1.30228E-06 -1.43019E-06 -1.40880E-06 -1.41631E-06 -1.35182E-06  0.00000E+00 -1.23274E-05 -1.25001E-05 -1.25928E-05 -1.26413E-05  1.88525E-04 -1.26385E-05 -1.23044E-05 -1.26393E-05 -1.26449E-05 -1.26720E-05 -1.26091E-05 -1.26879E-05 -1.26973E-05 -1.24854E-05 -1.24772E-05  0.00000E+00  3.64137E-11  0.00000E+00 -4.39284E-07  0.00000E+00  3.14939E-08  3.19368E-07  0.00000E+00 -1.60274E-06  1.54058E-06 -7.22513E-07  3.60584E-09  3.04397E-09 -4.16332E-09  3.38987E-08 -1.07234E-08 -9.85838E-09
 THETA41      -8.85252E-08  9.42736E-09 -1.98450E-08 -1.40143E-06 -1.66570E-06 -1.62858E-06 -2.31857E-06 -1.56053E-06  2.62924E-05 -1.05211E-06 -1.91342E-06 -2.25767E-06 -1.70370E-06 -1.48598E-06 -1.90248E-06 -1.86665E-06 -1.77628E-06 -1.63436E-06  0.00000E+00 -1.42002E-06 -1.42791E-06 -1.41954E-06 -1.33998E-06 -1.42995E-06  2.10183E-05 -1.47059E-06 -1.42543E-06 -1.37893E-06 -1.36591E-06 -1.39382E-06 -1.37732E-06 -1.38850E-06 -1.38535E-06 -1.42562E-06  0.00000E+00 -1.25867E-05 -1.26753E-05 -1.26826E-05 -1.21309E-05 -1.26385E-05  1.88399E-04 -1.30097E-05 -1.25390E-05 -1.22285E-05 -1.25604E-05 -1.28326E-05 -1.25186E-05 -1.26177E-05 -1.24133E-05 -1.26802E-05  0.00000E+00  4.19760E-10  0.00000E+00 -3.25744E-08  0.00000E+00  4.11663E-08  5.15754E-08  0.00000E+00 -4.21781E-07 -7.48879E-08 -5.51143E-06 -8.90226E-09 -4.74818E-09 -2.65348E-09 -3.98440E-08 -3.68345E-09  2.53107E-08
 THETA42       6.62391E-08  8.55339E-09  1.42246E-08 -2.07159E-06 -2.19338E-06 -2.26240E-06 -1.00763E-06 -2.31240E-06 -9.49774E-07  2.70774E-05 -1.48885E-06 -6.54903E-07 -2.30683E-06 -2.46590E-06 -1.88749E-06 -1.72962E-06 -2.10591E-06 -2.30940E-06  0.00000E+00 -1.31008E-06 -1.26741E-06 -1.31706E-06 -1.72851E-06 -1.28560E-06 -1.67678E-06  2.15041E-05 -1.54407E-06 -1.79003E-06 -1.35284E-06 -1.13580E-06 -1.43000E-06 -1.39849E-06 -1.42177E-06 -1.23029E-06  0.00000E+00 -1.23037E-05 -1.23260E-05 -1.25058E-05 -1.30455E-05 -1.23044E-05 -1.30097E-05  1.89625E-04 -1.28970E-05 -1.32322E-05 -1.26038E-05 -1.23275E-05 -1.27242E-05 -1.27500E-05 -1.24748E-05 -1.22405E-05  0.00000E+00 -2.23131E-10  0.00000E+00 -1.18973E-07  0.00000E+00  3.76935E-07  6.14028E-07  0.00000E+00  2.52610E-07  3.62567E-06  8.09618E-06  2.45422E-08  9.56452E-09  1.52859E-09  6.67372E-08 -2.68494E-08 -7.10708E-08
 THETA43       7.02447E-08  2.30569E-08  3.17650E-08 -1.99698E-06 -1.98748E-06 -2.34204E-06 -1.03790E-06 -1.97847E-06 -1.36259E-06 -2.22131E-06  2.82473E-05 -1.75131E-06 -2.05971E-06 -2.53710E-06 -1.95928E-06 -2.32789E-06 -1.42095E-06 -1.85674E-06  0.00000E+00 -1.41123E-06 -1.54149E-06 -1.47462E-06 -1.18181E-06 -1.52451E-06 -1.19599E-06 -1.89036E-06  2.13277E-05 -1.04632E-06 -1.45350E-06 -1.55877E-06 -1.39133E-06 -1.36085E-06 -1.45084E-06 -1.58294E-06  0.00000E+00 -1.24032E-05 -1.26559E-05 -1.25406E-05 -1.27006E-05 -1.26393E-05 -1.25390E-05 -1.28970E-05  1.89223E-04 -1.22080E-05 -1.27443E-05 -1.25785E-05 -1.26532E-05 -1.24443E-05 -1.28413E-05 -1.27409E-05  0.00000E+00  2.14060E-10  0.00000E+00 -7.39236E-07  0.00000E+00 -6.97034E-07 -6.54588E-07  0.00000E+00 -2.82215E-06 -3.51272E-06 -4.07517E-06  1.13324E-08  5.16130E-09  9.30742E-10  5.44290E-08  2.79332E-08  1.59409E-08
 THETA44      -1.10389E-07  1.87282E-08 -1.19466E-08 -1.84532E-06 -1.70393E-06 -1.91235E-06 -1.46349E-06 -1.72309E-06 -1.67741E-06 -1.47799E-06 -2.23740E-06  2.58287E-05 -1.64433E-06 -1.84866E-06 -1.70966E-06 -1.97610E-06 -1.42949E-06 -1.56720E-06  0.00000E+00 -1.39118E-06 -1.52505E-06 -1.47610E-06 -1.18111E-06 -1.50004E-06 -1.20703E-06 -1.82960E-06 -1.29028E-06  2.14404E-05 -1.45245E-06 -1.56123E-06 -1.40064E-06 -1.38705E-06 -1.41841E-06 -1.55761E-06  0.00000E+00 -1.23513E-05 -1.27154E-05 -1.26398E-05 -1.22742E-05 -1.26449E-05 -1.22285E-05 -1.32322E-05 -1.22080E-05  1.88883E-04 -1.27726E-05 -1.28609E-05 -1.26336E-05 -1.25278E-05 -1.26405E-05 -1.28024E-05  0.00000E+00  1.64960E-10  0.00000E+00 -8.85684E-07  0.00000E+00 -5.84005E-07 -3.66911E-07  0.00000E+00 -4.06793E-06 -2.54170E-06 -1.09236E-05  6.74184E-09  3.24301E-09  2.83889E-09  2.89160E-08  2.28123E-08  4.25403E-08
