TABLE NO.     1: Importance Sampling assisted by MAP Estimation: Problem=1 Subproblem=0 Superproblem1=0 Iteration1=0 Superproblem2=0 Iteration2=0
 NAME         THETA1       THETA2       SIGMA(1,1)   OMEGA(1,1)   OMEGA(2,1)   OMEGA(2,2)   OMEGA(3,1)   OMEGA(3,2)   OMEGA(3,3)   OMEGA(4,1)   OMEGA(4,2)   OMEGA(4,3)   OMEGA(4,4)   OMEGA(5,1)   OMEGA(5,2)   OMEGA(5,3)   OMEGA(5,4)   OMEGA(5,5)   OMEGA(6,1)   OMEGA(6,2)   OMEGA(6,3)   OMEGA(6,4)   OMEGA(6,5)   OMEGA(6,6)
 THETA1        2.46931E+02  5.54819E+01 -1.48655E+03  4.89500E+02  6.41742E+02 -2.61859E+03  0.00000E+00  0.00000E+00 -5.57877E+02  0.00000E+00  0.00000E+00 -3.18665E+02  1.03601E+02  0.00000E+00  0.00000E+00  0.00000E+00  0.00000E+00 -1.72488E+02  0.00000E+00  0.00000E+00  0.00000E+00  0.00000E+00 -3.12634E+02 -5.31431E+01
 THETA2        5.54819E+01  3.10697E+02 -2.39006E+03 -1.23840E+03  7.77765E+02 -1.93150E+03  0.00000E+00  0.00000E+00 -1.37298E+03  0.00000E+00  0.00000E+00 -9.44421E+02 -3.98966E+01  0.00000E+00  0.00000E+00  0.00000E+00  0.00000E+00 -1.56464E+02  0.00000E+00  0.00000E+00  0.00000E+00  0.00000E+00 -1.06485E+02 -2.09838E+02
 SIGMA(1,1)   -1.48655E+03 -2.39006E+03  6.38403E+07  2.03017E+06  9.43575E+05  2.17560E+06  0.00000E+00  0.00000E+00 -3.51038E+04  0.00000E+00  0.00000E+00 -6.48936E+03  1.37358E+04  0.00000E+00  0.00000E+00  0.00000E+00  0.00000E+00  9.32852E+03  0.00000E+00  0.00000E+00  0.00000E+00  0.00000E+00  5.12883E+03  1.50349E+03
 OMEGA(1,1)    4.89500E+02 -1.23840E+03  2.03017E+06  1.05883E+07 -1.20592E+06  1.28641E+05  0.00000E+00  0.00000E+00 -3.43120E+04  0.00000E+00  0.00000E+00  1.28765E+04 -2.33076E+04  0.00000E+00  0.00000E+00  0.00000E+00  0.00000E+00 -1.76624E+02  0.00000E+00  0.00000E+00  0.00000E+00  0.00000E+00  2.64505E+02  1.51451E+03
 OMEGA(2,1)    6.41742E+02  7.77765E+02  9.43575E+05 -1.20592E+06  1.88188E+07 -7.53139E+05  0.00000E+00  0.00000E+00 -1.37205E+04  0.00000E+00  0.00000E+00  1.18042E+05 -9.08623E+03  0.00000E+00  0.00000E+00  0.00000E+00  0.00000E+00 -3.90057E+03  0.00000E+00  0.00000E+00  0.00000E+00  0.00000E+00 -6.68159E+03  2.18056E+03
 OMEGA(2,2)   -2.61859E+03 -1.93150E+03  2.17560E+06  1.28641E+05 -7.53139E+05  8.67375E+06  0.00000E+00  0.00000E+00  1.94589E+04  0.00000E+00  0.00000E+00 -2.29275E+04  1.02461E+04  0.00000E+00  0.00000E+00  0.00000E+00  0.00000E+00  4.93647E+03  0.00000E+00  0.00000E+00  0.00000E+00  0.00000E+00  4.77744E+03  6.39203E+03
 OMEGA(3,1)    0.00000E+00  0.00000E+00  0.00000E+00  0.00000E+00  0.00000E+00  0.00000E+00  0.00000E+00  0.00000E+00  0.00000E+00  0.00000E+00  0.00000E+00  0.00000E+00  0.00000E+00  0.00000E+00  0.00000E+00  0.00000E+00  0.00000E+00  0.00000E+00  0.00000E+00  0.00000E+00  0.00000E+00  0.00000E+00  0.00000E+00  0.00000E+00
 OMEGA(3,2)    0.00000E+00  0.00000E+00  0.00000E+00  0.00000E+00  0.00000E+00  0.00000E+00  0.00000E+00  0.00000E+00  0.00000E+00  0.00000E+00  0.00000E+00  0.00000E+00  0.00000E+00  0.00000E+00  0.00000E+00  0.00000E+00  0.00000E+00  0.00000E+00  0.00000E+00  0.00000E+00  0.00000E+00  0.00000E+00  0.00000E+00  0.00000E+00
 OMEGA(3,3)   -5.57877E+02 -1.37298E+03 -3.51038E+04 -3.43120E+04 -1.37205E+04  1.94589E+04  0.00000E+00  0.00000E+00  2.30811E+05  0.00000E+00  0.00000E+00  2.45791E+04  4.07276E+03  0.00000E+00  0.00000E+00  0.00000E+00  0.00000E+00 -6.20340E+02  0.00000E+00  0.00000E+00  0.00000E+00  0.00000E+00  1.16401E+03  1.02685E+03
 OMEGA(4,1)    0.00000E+00  0.00000E+00  0.00000E+00  0.00000E+00  0.00000E+00  0.00000E+00  0.00000E+00  0.00000E+00  0.00000E+00  0.00000E+00  0.00000E+00  0.00000E+00  0.00000E+00  0.00000E+00  0.00000E+00  0.00000E+00  0.00000E+00  0.00000E+00  0.00000E+00  0.00000E+00  0.00000E+00  0.00000E+00  0.00000E+00  0.00000E+00
 OMEGA(4,2)    0.00000E+00  0.00000E+00  0.00000E+00  0.00000E+00  0.00000E+00  0.00000E+00  0.00000E+00  0.00000E+00  0.00000E+00  0.00000E+00  0.00000E+00  0.00000E+00  0.00000E+00  0.00000E+00  0.00000E+00  0.00000E+00  0.00000E+00  0.00000E+00  0.00000E+00  0.00000E+00  0.00000E+00  0.00000E+00  0.00000E+00  0.00000E+00
 OMEGA(4,3)   -3.18665E+02 -9.44421E+02 -6.48936E+03  1.28765E+04  1.18042E+05 -2.29275E+04  0.00000E+00  0.00000E+00  2.45791E+04  0.00000E+00  0.00000E+00  3.67227E+05  1.31742E+03  0.00000E+00  0.00000E+00  0.00000E+00  0.00000E+00 -2.33846E+03  0.00000E+00  0.00000E+00  0.00000E+00  0.00000E+00 -2.13488E+03  2.41779E+03
 OMEGA(4,4)    1.03601E+02 -3.98966E+01  1.37358E+04 -2.33076E+04 -9.08623E+03  1.02461E+04  0.00000E+00  0.00000E+00  4.07276E+03  0.00000E+00  0.00000E+00  1.31742E+03  1.67387E+05  0.00000E+00  0.00000E+00  0.00000E+00  0.00000E+00 -8.54210E+02  0.00000E+00  0.00000E+00  0.00000E+00  0.00000E+00 -5.10248E+02  9.94181E+01
 OMEGA(5,1)    0.00000E+00  0.00000E+00  0.00000E+00  0.00000E+00  0.00000E+00  0.00000E+00  0.00000E+00  0.00000E+00  0.00000E+00  0.00000E+00  0.00000E+00  0.00000E+00  0.00000E+00  0.00000E+00  0.00000E+00  0.00000E+00  0.00000E+00  0.00000E+00  0.00000E+00  0.00000E+00  0.00000E+00  0.00000E+00  0.00000E+00  0.00000E+00
 OMEGA(5,2)    0.00000E+00  0.00000E+00  0.00000E+00  0.00000E+00  0.00000E+00  0.00000E+00  0.00000E+00  0.00000E+00  0.00000E+00  0.00000E+00  0.00000E+00  0.00000E+00  0.00000E+00  0.00000E+00  0.00000E+00  0.00000E+00  0.00000E+00  0.00000E+00  0.00000E+00  0.00000E+00  0.00000E+00  0.00000E+00  0.00000E+00  0.00000E+00
 OMEGA(5,3)    0.00000E+00  0.00000E+00  0.00000E+00  0.00000E+00  0.00000E+00  0.00000E+00  0.00000E+00  0.00000E+00  0.00000E+00  0.00000E+00  0.00000E+00  0.00000E+00  0.00000E+00  0.00000E+00  0.00000E+00  0.00000E+00  0.00000E+00  0.00000E+00  0.00000E+00  0.00000E+00  0.00000E+00  0.00000E+00  0.00000E+00  0.00000E+00
 OMEGA(5,4)    0.00000E+00  0.00000E+00  0.00000E+00  0.00000E+00  0.00000E+00  0.00000E+00  0.00000E+00  0.00000E+00  0.00000E+00  0.00000E+00  0.00000E+00  0.00000E+00  0.00000E+00  0.00000E+00  0.00000E+00  0.00000E+00  0.00000E+00  0.00000E+00  0.00000E+00  0.00000E+00  0.00000E+00  0.00000E+00  0.00000E+00  0.00000E+00
 OMEGA(5,5)   -1.72488E+02 -1.56464E+02  9.32852E+03 -1.76624E+02 -3.90057E+03  4.93647E+03  0.00000E+00  0.00000E+00 -6.20340E+02  0.00000E+00  0.00000E+00 -2.33846E+03 -8.54210E+02  0.00000E+00  0.00000E+00  0.00000E+00  0.00000E+00  1.76320E+03  0.00000E+00  0.00000E+00  0.00000E+00  0.00000E+00  1.50616E+03  1.60979E+01
 OMEGA(6,1)    0.00000E+00  0.00000E+00  0.00000E+00  0.00000E+00  0.00000E+00  0.00000E+00  0.00000E+00  0.00000E+00  0.00000E+00  0.00000E+00  0.00000E+00  0.00000E+00  0.00000E+00  0.00000E+00  0.00000E+00  0.00000E+00  0.00000E+00  0.00000E+00  0.00000E+00  0.00000E+00  0.00000E+00  0.00000E+00  0.00000E+00  0.00000E+00
 OMEGA(6,2)    0.00000E+00  0.00000E+00  0.00000E+00  0.00000E+00  0.00000E+00  0.00000E+00  0.00000E+00  0.00000E+00  0.00000E+00  0.00000E+00  0.00000E+00  0.00000E+00  0.00000E+00  0.00000E+00  0.00000E+00  0.00000E+00  0.00000E+00  0.00000E+00  0.00000E+00  0.00000E+00  0.00000E+00  0.00000E+00  0.00000E+00  0.00000E+00
 OMEGA(6,3)    0.00000E+00  0.00000E+00  0.00000E+00  0.00000E+00  0.00000E+00  0.00000E+00  0.00000E+00  0.00000E+00  0.00000E+00  0.00000E+00  0.00000E+00  0.00000E+00  0.00000E+00  0.00000E+00  0.00000E+00  0.00000E+00  0.00000E+00  0.00000E+00  0.00000E+00  0.00000E+00  0.00000E+00  0.00000E+00  0.00000E+00  0.00000E+00
 OMEGA(6,4)    0.00000E+00  0.00000E+00  0.00000E+00  0.00000E+00  0.00000E+00  0.00000E+00  0.00000E+00  0.00000E+00  0.00000E+00  0.00000E+00  0.00000E+00  0.00000E+00  0.00000E+00  0.00000E+00  0.00000E+00  0.00000E+00  0.00000E+00  0.00000E+00  0.00000E+00  0.00000E+00  0.00000E+00  0.00000E+00  0.00000E+00  0.00000E+00
 OMEGA(6,5)   -3.12634E+02 -1.06485E+02  5.12883E+03  2.64505E+02 -6.68159E+03  4.77744E+03  0.00000E+00  0.00000E+00  1.16401E+03  0.00000E+00  0.00000E+00 -2.13488E+03 -5.10248E+02  0.00000E+00  0.00000E+00  0.00000E+00  0.00000E+00  1.50616E+03  0.00000E+00  0.00000E+00  0.00000E+00  0.00000E+00  3.25546E+03  5.09328E+02
 OMEGA(6,6)   -5.31431E+01 -2.09838E+02  1.50349E+03  1.51451E+03  2.18056E+03  6.39203E+03  0.00000E+00  0.00000E+00  1.02685E+03  0.00000E+00  0.00000E+00  2.41779E+03  9.94181E+01  0.00000E+00  0.00000E+00  0.00000E+00  0.00000E+00  1.60979E+01  0.00000E+00  0.00000E+00  0.00000E+00  0.00000E+00  5.09328E+02  1.65056E+03
