TABLE NO.     1: First Order Conditional Estimation with Interaction: Problem=1 Subproblem=0 Superproblem1=0 Iteration1=0 Superproblem2=0 Iteration2=0
 NAME         THETA1       THETA2       THETA3       THETA4       THETA5       THETA6       THETA7       THETA8       THETA9       THETA10      THETA11      THETA12      THETA13      THETA14      THETA15      THETA16      THETA17      THETA18      THETA19      THETA20      THETA21      THETA22      THETA23      THETA24      THETA25      THETA26      THETA27      THETA28      THETA29      THETA30      THETA31      THETA32      THETA33      THETA34      THETA35      THETA36      THETA37      THETA38      THETA39      THETA40      THETA41      THETA42      THETA43      THETA44      THETA45      THETA46      THETA47      THETA48      THETA49      THETA50      THETA51      SIGMA(1,1)   SIGMA(2,1)   SIGMA(2,2)   SIGMA(3,1)   SIGMA(3,2)   SIGMA(3,3)   SIGMA(4,1)   SIGMA(4,2)   SIGMA(4,3)   SIGMA(4,4)   OMEGA(1,1)   OMEGA(2,1)   OMEGA(2,2)   OMEGA(3,1)   OMEGA(3,2)   OMEGA(3,3)
 THETA1        3.38865E+04 -2.38437E+03 -4.38974E+03  8.54891E+01 -1.33402E+01 -3.39647E+01  3.78246E+00  1.23572E+01  7.03668E+00 -1.80039E+01  2.16584E+00  4.67772E+01 -7.99689E+01 -6.51683E+01 -6.33694E+01 -5.16218E+01  1.22263E+00 -1.59674E+01  0.00000E+00  1.46672E+01 -6.00780E+00 -7.67733E+00  4.01503E+00 -2.70019E+00  1.56979E-01 -6.82352E+00 -7.59700E+00  3.71366E+00 -2.45230E+00  9.32820E-01 -4.91222E+00 -3.37646E+00  9.42374E-01 -5.11357E+00  0.00000E+00  1.31769E+01 -1.42514E+01 -2.21070E+01  7.13828E+00 -7.28201E+00 -2.79066E-01 -1.62405E+01 -1.98096E+01  1.38208E+00 -1.88686E+01 -2.82286E+01 -1.89370E+01 -2.54847E+01  1.98260E+00 -1.15781E+01  0.00000E+00  8.97114E+03  0.00000E+00 -1.75928E-01  0.00000E+00 -1.49460E+00 -1.27891E-02  0.00000E+00  1.54154E-01  1.25619E+00 -4.29664E-02 -1.41321E+03  8.99236E+03 -6.22937E+02 -1.12376E+04 -3.36955E+02  2.57915E+02
 THETA2       -2.38437E+03  8.08157E+04 -8.70513E+03  1.46234E+01 -6.01956E+00 -7.63699E+00  3.99028E+00 -2.69989E+00  1.77893E-01 -6.82746E+00 -7.59431E+00  3.72457E+00 -2.43908E+00  9.63277E-01 -4.87896E+00 -3.36708E+00  9.43430E-01 -5.06510E+00  0.00000E+00 -2.48772E+00  3.76068E+00  9.00958E+00 -8.10814E-01 -4.53646E-01 -3.59356E-01  5.22688E+00  2.48786E+00 -3.42612E+00  1.72114E+01  1.98075E+01  1.34525E+01  1.54881E+01 -1.32335E+00  3.96068E+00  0.00000E+00 -2.48856E+00  1.45080E+00  6.98101E+00  4.66887E-01 -2.14746E+00 -5.92161E-01  3.01561E+00 -1.13471E+00 -4.33986E+00  1.73986E+01  2.44258E+01  1.25650E+01  1.56702E+01 -7.28441E-01  1.98091E+00  0.00000E+00 -7.02152E+04  0.00000E+00 -4.66984E-03  0.00000E+00 -3.34702E-02  2.46902E-03  0.00000E+00  3.86339E-03  5.54129E-02 -6.41617E-04 -3.68806E+02 -7.34405E+02 -6.07915E+02  1.72930E+02 -6.39735E+02  1.07639E+02
 THETA3       -4.38974E+03 -8.70513E+03  8.06947E+04  1.31472E+01 -1.42392E+01 -2.20533E+01  7.16368E+00 -7.26375E+00 -2.99361E-01 -1.62474E+01 -1.98382E+01  1.38090E+00 -1.88697E+01 -2.82343E+01 -1.89421E+01 -2.54729E+01  2.06163E+00 -1.16089E+01  0.00000E+00 -2.48610E+00  1.44826E+00  6.98269E+00  4.67696E-01 -2.14585E+00 -5.89632E-01  3.01537E+00 -1.13211E+00 -4.34249E+00  1.73952E+01  2.44264E+01  1.25632E+01  1.56705E+01 -7.28555E-01  1.98333E+00  0.00000E+00  5.23906E-01 -9.43526E+00 -1.34804E+01  4.10090E+00 -6.59165E+00 -1.02245E+00 -1.03028E+01 -1.52026E+01 -4.26283E+00 -7.81842E+00 -1.73083E+01 -9.02267E+00 -1.50396E+01  1.41096E+00 -7.68579E+00  0.00000E+00 -6.93683E+04  0.00000E+00 -2.82100E-02  0.00000E+00 -1.70425E-01  8.08857E-03  0.00000E+00  3.47223E-02  2.31401E-01 -2.10486E-03 -2.37594E+02 -5.78023E+02 -8.19236E+02  2.68263E+02  1.95837E+02 -6.07232E+02
 THETA4        8.54891E+01  1.46234E+01  1.31472E+01  4.46482E+03  2.18966E+03  2.18966E+03  2.18966E+03  2.18968E+03  2.18967E+03  2.18968E+03  2.18967E+03  2.18967E+03  2.18967E+03  2.18967E+03  2.18967E+03  2.18970E+03  2.18966E+03  2.18965E+03  0.00000E+00 -2.72008E+02 -1.43307E+02 -1.43323E+02 -1.43313E+02 -1.43332E+02 -1.43317E+02 -1.43310E+02 -1.43311E+02 -1.43324E+02 -1.43335E+02 -1.43316E+02 -1.43317E+02 -1.43314E+02 -1.43306E+02 -1.43322E+02  0.00000E+00 -5.80047E+02 -2.96609E+02 -2.96600E+02 -2.96606E+02 -2.96605E+02 -2.96602E+02 -2.96601E+02 -2.96611E+02 -2.96600E+02 -2.96594E+02 -2.96599E+02 -2.96593E+02 -2.96603E+02 -2.96600E+02 -2.96598E+02  0.00000E+00  5.66870E+02  0.00000E+00  1.39876E+03  0.00000E+00  1.13648E+02  9.49657E-01  0.00000E+00 -1.35199E+03 -5.05271E+01  3.23159E+02 -2.19139E+03  4.27190E+03 -1.87360E+02  2.81080E+03 -6.48003E+02 -3.76274E+02
 THETA5       -1.33402E+01 -6.01956E+00 -1.42392E+01  2.18966E+03  4.36568E+03  2.18967E+03  2.18971E+03  2.18972E+03  2.18975E+03  2.18962E+03  2.18967E+03  2.18967E+03  2.18967E+03  2.18966E+03  2.18967E+03  2.18969E+03  2.18975E+03  2.18976E+03  0.00000E+00 -1.43333E+02 -2.92657E+02 -1.43320E+02 -1.43325E+02 -1.43361E+02 -1.43324E+02 -1.43327E+02 -1.43332E+02 -1.43349E+02 -1.43387E+02 -1.43301E+02 -1.43306E+02 -1.43328E+02 -1.43320E+02 -1.43244E+02  0.00000E+00 -2.96631E+02 -6.07451E+02 -2.96552E+02 -2.96611E+02 -2.96511E+02 -2.96626E+02 -2.96574E+02 -2.96623E+02 -2.96591E+02 -2.96587E+02 -2.96604E+02 -2.96560E+02 -2.96505E+02 -2.96559E+02 -2.96585E+02  0.00000E+00 -1.57526E+03  0.00000E+00  6.80978E+02  0.00000E+00  1.34028E+02  5.88970E+00  0.00000E+00 -1.00297E+03 -9.31821E+01  3.41064E+02 -9.90252E+02 -1.25724E+03  7.71490E+01 -2.71299E+03  3.69934E+02  3.72073E+02
 THETA6       -3.39647E+01 -7.63699E+00 -2.20533E+01  2.18966E+03  2.18967E+03  4.34525E+03  2.18967E+03  2.18967E+03  2.18969E+03  2.18972E+03  2.18973E+03  2.18969E+03  2.18967E+03  2.18966E+03  2.18969E+03  2.18980E+03  2.18978E+03  2.18970E+03  0.00000E+00 -1.43300E+02 -1.43254E+02 -2.94190E+02 -1.43315E+02 -1.43317E+02 -1.43330E+02 -1.43292E+02 -1.43297E+02 -1.43322E+02 -1.43293E+02 -1.43342E+02 -1.43316E+02 -1.43295E+02 -1.43300E+02 -1.43298E+02  0.00000E+00 -2.96614E+02 -2.96602E+02 -6.15240E+02 -2.96594E+02 -2.96581E+02 -2.96611E+02 -2.96566E+02 -2.96561E+02 -2.96595E+02 -2.96594E+02 -2.96591E+02 -2.96562E+02 -2.96566E+02 -2.96552E+02 -2.96581E+02  0.00000E+00  1.27139E+03  0.00000E+00  6.31503E+02  0.00000E+00  5.05316E+02  3.32411E+01  0.00000E+00 -9.68071E+02 -2.89796E+02  3.36766E+02 -8.89308E+02  5.23055E+03 -3.92419E+02  2.76887E+03 -8.80556E+02 -3.43685E+02
 THETA7        3.78246E+00  3.99028E+00  7.16368E+00  2.18966E+03  2.18971E+03  2.18967E+03  4.38300E+03  2.18968E+03  2.18964E+03  2.18971E+03  2.18966E+03  2.18967E+03  2.18968E+03  2.18973E+03  2.18969E+03  2.18971E+03  2.18973E+03  2.18971E+03  0.00000E+00 -1.43299E+02 -1.43287E+02 -1.43341E+02 -2.82623E+02 -1.43320E+02 -1.43227E+02 -1.43288E+02 -1.43317E+02 -1.43319E+02 -1.43341E+02 -1.43263E+02 -1.43310E+02 -1.43282E+02 -1.43307E+02 -1.43318E+02  0.00000E+00 -2.96607E+02 -2.96591E+02 -2.96573E+02 -5.86006E+02 -2.96570E+02 -2.96621E+02 -2.96565E+02 -2.96603E+02 -2.96598E+02 -2.96596E+02 -2.96584E+02 -2.96576E+02 -2.96531E+02 -2.96560E+02 -2.96558E+02  0.00000E+00  5.97441E+02  0.00000E+00 -3.60602E+02  0.00000E+00 -1.81967E+02 -1.10283E+01  0.00000E+00  4.45344E+02  1.02387E+02 -1.34926E+02  5.27704E+02  3.53566E+03 -2.17008E+02 -1.16818E+03 -3.20541E+02  1.47152E+02
 THETA8        1.23572E+01 -2.69989E+00 -7.26375E+00  2.18968E+03  2.18972E+03  2.18967E+03  2.18968E+03  4.39148E+03  2.18965E+03  2.18970E+03  2.18970E+03  2.18965E+03  2.18968E+03  2.18968E+03  2.18966E+03  2.18970E+03  2.18971E+03  2.18968E+03  0.00000E+00 -1.43345E+02 -1.43284E+02 -1.43380E+02 -1.43280E+02 -2.89324E+02 -1.43296E+02 -1.43268E+02 -1.43306E+02 -1.43334E+02 -1.43349E+02 -1.43333E+02 -1.43270E+02 -1.43337E+02 -1.43320E+02 -1.43312E+02  0.00000E+00 -2.96598E+02 -2.96634E+02 -2.96610E+02 -2.96573E+02 -6.00436E+02 -2.96584E+02 -2.96614E+02 -2.96589E+02 -2.96590E+02 -2.96631E+02 -2.96590E+02 -2.96555E+02 -2.96553E+02 -2.96584E+02 -2.96580E+02  0.00000E+00 -3.83250E+02  0.00000E+00  8.08746E+02  0.00000E+00  4.07944E+00 -3.88273E+00  0.00000E+00 -1.03273E+03 -1.37939E+01  3.20734E+02 -1.11798E+03  2.03637E+02 -1.69399E+01  1.82447E+03 -1.33026E+02 -2.13727E+02
 THETA9        7.03668E+00  1.77893E-01 -2.99361E-01  2.18967E+03  2.18975E+03  2.18969E+03  2.18964E+03  2.18965E+03  4.38615E+03  2.18973E+03  2.18968E+03  2.18969E+03  2.18968E+03  2.18965E+03  2.18965E+03  2.18969E+03  2.18965E+03  2.18969E+03  0.00000E+00 -1.43302E+02 -1.43324E+02 -1.43299E+02 -1.43308E+02 -1.43298E+02 -2.86480E+02 -1.43322E+02 -1.43345E+02 -1.43349E+02 -1.43363E+02 -1.43328E+02 -1.43341E+02 -1.43322E+02 -1.43334E+02 -1.43331E+02  0.00000E+00 -2.96633E+02 -2.96651E+02 -2.96542E+02 -2.96585E+02 -2.96625E+02 -5.93485E+02 -2.96582E+02 -2.96625E+02 -2.96595E+02 -2.96600E+02 -2.96563E+02 -2.96579E+02 -2.96592E+02 -2.96562E+02 -2.96576E+02  0.00000E+00 -1.20616E+03  0.00000E+00  5.80501E+01  0.00000E+00  1.83704E+02  1.28100E+01  0.00000E+00  2.80502E+01 -9.24005E+01 -3.16004E+01 -1.02060E+02  9.38126E+01 -3.51564E+00 -4.77487E+03  3.08748E+02  5.98042E+02
 THETA10      -1.80039E+01 -6.82746E+00 -1.62474E+01  2.18968E+03  2.18962E+03  2.18972E+03  2.18971E+03  2.18970E+03  2.18973E+03  4.36145E+03  2.18967E+03  2.18966E+03  2.18965E+03  2.18970E+03  2.18966E+03  2.18963E+03  2.18974E+03  2.18972E+03  0.00000E+00 -1.43321E+02 -1.43316E+02 -1.43357E+02 -1.43304E+02 -1.43323E+02 -1.43327E+02 -2.93444E+02 -1.43335E+02 -1.43399E+02 -1.43337E+02 -1.43345E+02 -1.43327E+02 -1.43262E+02 -1.43333E+02 -1.43356E+02  0.00000E+00 -2.96601E+02 -2.96637E+02 -2.96602E+02 -2.96588E+02 -2.96561E+02 -2.96614E+02 -6.09442E+02 -2.96596E+02 -2.96607E+02 -2.96601E+02 -2.96591E+02 -2.96584E+02 -2.96555E+02 -2.96564E+02 -2.96616E+02  0.00000E+00  2.20828E+01  0.00000E+00  1.09217E+03  0.00000E+00 -3.14337E+02 -2.83593E+01  0.00000E+00 -1.79667E+03  1.21766E+02  6.47532E+02 -1.61607E+03  4.69184E+03 -3.63446E+02 -1.31619E+03 -5.51379E+02  1.68235E+02
 THETA11       2.16584E+00 -7.59431E+00 -1.98382E+01  2.18967E+03  2.18967E+03  2.18973E+03  2.18966E+03  2.18970E+03  2.18968E+03  2.18967E+03  4.38146E+03  2.18967E+03  2.18966E+03  2.18966E+03  2.18968E+03  2.18972E+03  2.18966E+03  2.18968E+03  0.00000E+00 -1.43322E+02 -1.43315E+02 -1.43310E+02 -1.43314E+02 -1.43323E+02 -1.43309E+02 -1.43307E+02 -2.94223E+02 -1.43329E+02 -1.43335E+02 -1.43330E+02 -1.43289E+02 -1.43304E+02 -1.43323E+02 -1.43286E+02  0.00000E+00 -2.96606E+02 -2.96620E+02 -2.96585E+02 -2.96605E+02 -2.96577E+02 -2.96603E+02 -2.96610E+02 -6.13043E+02 -2.96605E+02 -2.96573E+02 -2.96585E+02 -2.96575E+02 -2.96576E+02 -2.96596E+02 -2.96577E+02  0.00000E+00 -1.08526E+03  0.00000E+00  9.14202E+02  0.00000E+00  9.16029E+02  6.11505E+01  0.00000E+00 -8.87907E+02 -4.81672E+02  2.13561E+02 -1.29866E+03 -2.04261E+03  1.56999E+02  1.52752E+03  2.12365E+02 -1.62788E+02
 THETA12       4.67772E+01  3.72457E+00  1.38090E+00  2.18967E+03  2.18967E+03  2.18969E+03  2.18967E+03  2.18965E+03  2.18969E+03  2.18966E+03  2.18967E+03  4.42608E+03  2.18967E+03  2.18967E+03  2.18966E+03  2.18968E+03  2.18969E+03  2.18966E+03  0.00000E+00 -1.43311E+02 -1.43311E+02 -1.43342E+02 -1.43322E+02 -1.43318E+02 -1.43330E+02 -1.43313E+02 -1.43308E+02 -2.82888E+02 -1.43317E+02 -1.43311E+02 -1.43357E+02 -1.43315E+02 -1.43312E+02 -1.43304E+02  0.00000E+00 -2.96603E+02 -2.96614E+02 -2.96617E+02 -2.96590E+02 -2.96598E+02 -2.96604E+02 -2.96610E+02 -2.96583E+02 -5.91819E+02 -2.96603E+02 -2.96599E+02 -2.96594E+02 -2.96589E+02 -2.96596E+02 -2.96593E+02  0.00000E+00 -9.76464E+02  0.00000E+00  6.15009E+02  0.00000E+00  6.93699E+02  4.65474E+01  0.00000E+00 -2.58747E+02 -3.42207E+02 -3.70423E+01 -9.07037E+02  5.42251E+01  3.76830E+00 -1.90694E+03  9.18865E+01  2.18254E+02
 THETA13      -7.99689E+01 -2.43908E+00 -1.88697E+01  2.18967E+03  2.18967E+03  2.18967E+03  2.18968E+03  2.18968E+03  2.18968E+03  2.18965E+03  2.18966E+03  2.18967E+03  4.29934E+03  2.18966E+03  2.18967E+03  2.18969E+03  2.18967E+03  2.18967E+03  0.00000E+00 -1.43315E+02 -1.43320E+02 -1.43316E+02 -1.43314E+02 -1.43312E+02 -1.43325E+02 -1.43300E+02 -1.43309E+02 -1.43326E+02 -2.89073E+02 -1.43313E+02 -1.43301E+02 -1.43312E+02 -1.43304E+02 -1.43320E+02  0.00000E+00 -2.96612E+02 -2.96594E+02 -2.96594E+02 -2.96610E+02 -2.96606E+02 -2.96596E+02 -2.96593E+02 -2.96607E+02 -2.96607E+02 -6.12071E+02 -2.96601E+02 -2.96589E+02 -2.96601E+02 -2.96584E+02 -2.96599E+02  0.00000E+00  2.68398E+03  0.00000E+00 -1.39166E+02  0.00000E+00  2.59040E+02  1.93168E+01  0.00000E+00 -3.43864E+02 -1.73401E+02  2.23037E+02  1.43942E+02  1.57461E+03 -1.61387E+02  7.62552E+03 -7.77354E+02 -9.91848E+02
 THETA14      -6.51683E+01  9.63277E-01 -2.82343E+01  2.18967E+03  2.18966E+03  2.18966E+03  2.18973E+03  2.18968E+03  2.18965E+03  2.18970E+03  2.18966E+03  2.18967E+03  2.18966E+03  4.31417E+03  2.18966E+03  2.18969E+03  2.18967E+03  2.18966E+03  0.00000E+00 -1.43324E+02 -1.43331E+02 -1.43318E+02 -1.43288E+02 -1.43299E+02 -1.43336E+02 -1.43314E+02 -1.43321E+02 -1.43297E+02 -1.43297E+02 -2.85654E+02 -1.43267E+02 -1.43331E+02 -1.43313E+02 -1.43317E+02  0.00000E+00 -2.96593E+02 -2.96587E+02 -2.96614E+02 -2.96592E+02 -2.96611E+02 -2.96600E+02 -2.96597E+02 -2.96580E+02 -2.96601E+02 -2.96594E+02 -6.21442E+02 -2.96594E+02 -2.96583E+02 -2.96608E+02 -2.96608E+02  0.00000E+00 -1.52304E+03  0.00000E+00  6.08058E+02  0.00000E+00  6.68673E+02  4.49876E+01  0.00000E+00 -1.20451E+03 -3.96007E+02  4.69570E+02 -8.31723E+02 -3.75795E+03  2.21518E+02  2.36039E+02  5.66131E+02  1.13118E+01
 THETA15      -6.33694E+01 -4.87896E+00 -1.89421E+01  2.18967E+03  2.18967E+03  2.18969E+03  2.18969E+03  2.18966E+03  2.18965E+03  2.18966E+03  2.18968E+03  2.18966E+03  2.18967E+03  2.18966E+03  4.31590E+03  2.18971E+03  2.18967E+03  2.18965E+03  0.00000E+00 -1.43307E+02 -1.43302E+02 -1.43339E+02 -1.43314E+02 -1.43307E+02 -1.43286E+02 -1.43308E+02 -1.43321E+02 -1.43305E+02 -1.43275E+02 -1.43313E+02 -2.91472E+02 -1.43306E+02 -1.43306E+02 -1.43312E+02  0.00000E+00 -2.96621E+02 -2.96627E+02 -2.96587E+02 -2.96590E+02 -2.96577E+02 -2.96595E+02 -2.96592E+02 -2.96579E+02 -2.96601E+02 -2.96610E+02 -2.96587E+02 -6.12133E+02 -2.96588E+02 -2.96573E+02 -2.96602E+02  0.00000E+00  1.22118E+03  0.00000E+00 -2.67261E+01  0.00000E+00  3.76172E+02  2.71653E+01  0.00000E+00 -3.28800E+02 -2.26025E+02  1.83009E+02  2.03199E+01  3.10326E+03 -2.68619E+02  1.89642E+03 -5.56663E+02 -2.16752E+02
 THETA16      -5.16218E+01 -3.36708E+00 -2.54729E+01  2.18970E+03  2.18969E+03  2.18980E+03  2.18971E+03  2.18970E+03  2.18969E+03  2.18963E+03  2.18972E+03  2.18968E+03  2.18969E+03  2.18969E+03  2.18971E+03  4.32775E+03  2.18974E+03  2.18971E+03  0.00000E+00 -1.43326E+02 -1.43338E+02 -1.43317E+02 -1.43289E+02 -1.43325E+02 -1.43354E+02 -1.43321E+02 -1.43334E+02 -1.43282E+02 -1.43344E+02 -1.43328E+02 -1.43312E+02 -2.89987E+02 -1.43324E+02 -1.43293E+02  0.00000E+00 -2.96613E+02 -2.96616E+02 -2.96605E+02 -2.96580E+02 -2.96497E+02 -2.96608E+02 -2.96597E+02 -2.96621E+02 -2.96619E+02 -2.96609E+02 -2.96593E+02 -2.96550E+02 -6.18657E+02 -2.96553E+02 -2.96592E+02  0.00000E+00 -1.39122E+03  0.00000E+00  4.20934E+02  0.00000E+00  8.31204E+02  5.75505E+01  0.00000E+00 -7.35342E+02 -4.63453E+02  2.72529E+02 -6.09197E+02 -3.41795E+03  2.11052E+02 -5.55601E+02  5.65073E+02  1.31362E+02
 THETA17       1.22263E+00  9.43430E-01  2.06163E+00  2.18966E+03  2.18975E+03  2.18978E+03  2.18973E+03  2.18971E+03  2.18965E+03  2.18974E+03  2.18966E+03  2.18969E+03  2.18967E+03  2.18967E+03  2.18967E+03  2.18974E+03  4.38026E+03  2.18972E+03  0.00000E+00 -1.43314E+02 -1.43312E+02 -1.43337E+02 -1.43349E+02 -1.43332E+02 -1.43384E+02 -1.43312E+02 -1.43313E+02 -1.43380E+02 -1.43284E+02 -1.43334E+02 -1.43230E+02 -1.43321E+02 -2.85662E+02 -1.43287E+02  0.00000E+00 -2.96625E+02 -2.96651E+02 -2.96632E+02 -2.96557E+02 -2.96560E+02 -2.96592E+02 -2.96571E+02 -2.96606E+02 -2.96598E+02 -2.96603E+02 -2.96582E+02 -2.96532E+02 -2.96522E+02 -5.91101E+02 -2.96607E+02  0.00000E+00  1.01791E+03  0.00000E+00  1.03577E+02  0.00000E+00 -4.55173E+02 -3.31385E+01  0.00000E+00 -2.80392E+02  2.30731E+02  1.20123E+02 -2.04263E+02 -5.29593E+02  7.88091E+01  4.45198E+03 -2.19559E+02 -5.81979E+02
 THETA18      -1.59674E+01 -5.06510E+00 -1.16089E+01  2.18965E+03  2.18976E+03  2.18970E+03  2.18971E+03  2.18968E+03  2.18969E+03  2.18972E+03  2.18968E+03  2.18966E+03  2.18967E+03  2.18966E+03  2.18965E+03  2.18971E+03  2.18972E+03  4.36332E+03  0.00000E+00 -1.43294E+02 -1.43310E+02 -1.43317E+02 -1.43320E+02 -1.43357E+02 -1.43301E+02 -1.43277E+02 -1.43313E+02 -1.43288E+02 -1.43341E+02 -1.43309E+02 -1.43301E+02 -1.43302E+02 -1.43313E+02 -2.91660E+02  0.00000E+00 -2.96618E+02 -2.96703E+02 -2.96569E+02 -2.96568E+02 -2.96531E+02 -2.96607E+02 -2.96598E+02 -2.96575E+02 -2.96618E+02 -2.96615E+02 -2.96592E+02 -2.96557E+02 -2.96591E+02 -2.96523E+02 -6.04785E+02  0.00000E+00 -1.08620E+03  0.00000E+00  5.76283E+02  0.00000E+00 -4.44468E+01 -6.14335E+00  0.00000E+00 -9.57173E+02 -8.74520E-01  3.46606E+02 -8.27390E+02  1.63019E+03 -1.25616E+02 -3.45804E+03  4.79162E+01  4.65438E+02
 THETA19       0.00000E+00  0.00000E+00  0.00000E+00  0.00000E+00  0.00000E+00  0.00000E+00  0.00000E+00  0.00000E+00  0.00000E+00  0.00000E+00  0.00000E+00  0.00000E+00  0.00000E+00  0.00000E+00  0.00000E+00  0.00000E+00  0.00000E+00  0.00000E+00  0.00000E+00  0.00000E+00  0.00000E+00  0.00000E+00  0.00000E+00  0.00000E+00  0.00000E+00  0.00000E+00  0.00000E+00  0.00000E+00  0.00000E+00  0.00000E+00  0.00000E+00  0.00000E+00  0.00000E+00  0.00000E+00  0.00000E+00  0.00000E+00  0.00000E+00  0.00000E+00  0.00000E+00  0.00000E+00  0.00000E+00  0.00000E+00  0.00000E+00  0.00000E+00  0.00000E+00  0.00000E+00  0.00000E+00  0.00000E+00  0.00000E+00  0.00000E+00  0.00000E+00  0.00000E+00  0.00000E+00  0.00000E+00  0.00000E+00  0.00000E+00  0.00000E+00  0.00000E+00  0.00000E+00  0.00000E+00  0.00000E+00  0.00000E+00  0.00000E+00  0.00000E+00  0.00000E+00  0.00000E+00  0.00000E+00
 THETA20       1.46672E+01 -2.48772E+00 -2.48610E+00 -2.72008E+02 -1.43333E+02 -1.43300E+02 -1.43299E+02 -1.43345E+02 -1.43302E+02 -1.43321E+02 -1.43322E+02 -1.43311E+02 -1.43315E+02 -1.43324E+02 -1.43307E+02 -1.43326E+02 -1.43314E+02 -1.43294E+02  0.00000E+00  1.01725E+04  5.08745E+03  5.08750E+03  5.08748E+03  5.08748E+03  5.08743E+03  5.08751E+03  5.08747E+03  5.08747E+03  5.08748E+03  5.08749E+03  5.08751E+03  5.08748E+03  5.08748E+03  5.08741E+03  0.00000E+00 -1.09559E+03 -5.46519E+02 -5.46550E+02 -5.46556E+02 -5.46537E+02 -5.46533E+02 -5.46544E+02 -5.46549E+02 -5.46543E+02 -5.46552E+02 -5.46527E+02 -5.46521E+02 -5.46504E+02 -5.46555E+02 -5.46524E+02  0.00000E+00  3.73934E+02  0.00000E+00  1.00161E+02  0.00000E+00  9.63778E+02  9.17049E+00  0.00000E+00  4.23491E+00 -4.15863E+02 -2.06134E+01  6.91692E+01 -2.56535E+03 -2.75112E+01  3.25594E+01  9.06129E+02 -1.88765E+02
 THETA21      -6.00780E+00  3.76068E+00  1.44826E+00 -1.43307E+02 -2.92657E+02 -1.43254E+02 -1.43287E+02 -1.43284E+02 -1.43324E+02 -1.43316E+02 -1.43315E+02 -1.43311E+02 -1.43320E+02 -1.43331E+02 -1.43302E+02 -1.43338E+02 -1.43312E+02 -1.43310E+02  0.00000E+00  5.08745E+03  1.01787E+04  5.08747E+03  5.08750E+03  5.08748E+03  5.08745E+03  5.08753E+03  5.08749E+03  5.08746E+03  5.08744E+03  5.08748E+03  5.08752E+03  5.08746E+03  5.08746E+03  5.08746E+03  0.00000E+00 -5.46571E+02 -1.09167E+03 -5.46546E+02 -5.46542E+02 -5.46528E+02 -5.46567E+02 -5.46554E+02 -5.46540E+02 -5.46535E+02 -5.46558E+02 -5.46516E+02 -5.46532E+02 -5.46510E+02 -5.46531E+02 -5.46467E+02  0.00000E+00 -4.58793E+02  0.00000E+00  4.88865E+01  0.00000E+00  4.75960E+02  5.69003E+01  0.00000E+00 -2.28903E+01 -4.38846E+02 -2.17548E+01  5.85370E+01 -1.06937E+03 -6.97151E+01  3.43689E+02  1.14397E+03 -2.78515E+01
 THETA22      -7.67733E+00  9.00958E+00  6.98269E+00 -1.43323E+02 -1.43320E+02 -2.94190E+02 -1.43341E+02 -1.43380E+02 -1.43299E+02 -1.43357E+02 -1.43310E+02 -1.43342E+02 -1.43316E+02 -1.43318E+02 -1.43339E+02 -1.43317E+02 -1.43337E+02 -1.43317E+02  0.00000E+00  5.08750E+03  5.08747E+03  1.01839E+04  5.08747E+03  5.08753E+03  5.08751E+03  5.08749E+03  5.08747E+03  5.08746E+03  5.08751E+03  5.08748E+03  5.08750E+03  5.08746E+03  5.08746E+03  5.08747E+03  0.00000E+00 -5.46575E+02 -5.46573E+02 -1.08608E+03 -5.46546E+02 -5.46546E+02 -5.46561E+02 -5.46549E+02 -5.46524E+02 -5.46557E+02 -5.46574E+02 -5.46522E+02 -5.46555E+02 -5.46551E+02 -5.46555E+02 -5.46552E+02  0.00000E+00  3.02777E+02  0.00000E+00  4.52789E+01  0.00000E+00  4.68724E+02  3.18111E+02  0.00000E+00 -2.38771E+01 -4.18844E+02 -2.14918E+01  6.88452E+01 -1.44761E+03 -8.53126E+02 -4.14422E+01  9.33835E+02 -1.37826E+02
 THETA23       4.01503E+00 -8.10814E-01  4.67696E-01 -1.43313E+02 -1.43325E+02 -1.43315E+02 -2.82623E+02 -1.43280E+02 -1.43308E+02 -1.43304E+02 -1.43314E+02 -1.43322E+02 -1.43314E+02 -1.43288E+02 -1.43314E+02 -1.43289E+02 -1.43349E+02 -1.43320E+02  0.00000E+00  5.08748E+03  5.08750E+03  5.08747E+03  1.01740E+04  5.08748E+03  5.08749E+03  5.08750E+03  5.08748E+03  5.08744E+03  5.08750E+03  5.08749E+03  5.08745E+03  5.08749E+03  5.08746E+03  5.08750E+03  0.00000E+00 -5.46556E+02 -5.46537E+02 -5.46599E+02 -1.09261E+03 -5.46547E+02 -5.46555E+02 -5.46533E+02 -5.46554E+02 -5.46540E+02 -5.46552E+02 -5.46527E+02 -5.46524E+02 -5.46513E+02 -5.46559E+02 -5.46518E+02  0.00000E+00  1.82320E+02  0.00000E+00 -2.58360E+01  0.00000E+00 -2.59368E+02 -1.06804E+02  0.00000E+00  5.74986E+00  1.68871E+02  8.63694E+00 -2.34038E+01  3.80702E+02  2.39523E+02  1.93077E+01 -4.96034E+02  6.05811E+01
 THETA24      -2.70019E+00 -4.53646E-01 -2.14585E+00 -1.43332E+02 -1.43361E+02 -1.43317E+02 -1.43320E+02 -2.89324E+02 -1.43298E+02 -1.43323E+02 -1.43323E+02 -1.43318E+02 -1.43312E+02 -1.43299E+02 -1.43307E+02 -1.43325E+02 -1.43332E+02 -1.43357E+02  0.00000E+00  5.08748E+03  5.08748E+03  5.08753E+03  5.08748E+03  1.01744E+04  5.08751E+03  5.08749E+03  5.08746E+03  5.08747E+03  5.08745E+03  5.08749E+03  5.08749E+03  5.08746E+03  5.08747E+03  5.08754E+03  0.00000E+00 -5.46539E+02 -5.46598E+02 -5.46505E+02 -5.46523E+02 -1.09522E+03 -5.46563E+02 -5.46575E+02 -5.46538E+02 -5.46565E+02 -5.46559E+02 -5.46509E+02 -5.46512E+02 -5.46549E+02 -5.46527E+02 -5.46505E+02  0.00000E+00 -1.12661E+01  0.00000E+00  5.83965E+01  0.00000E+00  5.55690E+02 -3.73061E+01  0.00000E+00 -1.59327E+01 -4.18547E+02 -2.04936E+01  9.33622E+01 -1.36187E+03  1.32801E+02  5.38568E+01  9.30469E+02 -1.37814E+02
 THETA25       1.56979E-01 -3.59356E-01 -5.89632E-01 -1.43317E+02 -1.43324E+02 -1.43330E+02 -1.43227E+02 -1.43296E+02 -2.86480E+02 -1.43327E+02 -1.43309E+02 -1.43330E+02 -1.43325E+02 -1.43336E+02 -1.43286E+02 -1.43354E+02 -1.43384E+02 -1.43301E+02  0.00000E+00  5.08743E+03  5.08745E+03  5.08751E+03  5.08749E+03  5.08751E+03  1.01743E+04  5.08751E+03  5.08746E+03  5.08751E+03  5.08743E+03  5.08745E+03  5.08748E+03  5.08747E+03  5.08747E+03  5.08744E+03  0.00000E+00 -5.46541E+02 -5.46587E+02 -5.46513E+02 -5.46540E+02 -5.46490E+02 -1.09369E+03 -5.46560E+02 -5.46553E+02 -5.46559E+02 -5.46539E+02 -5.46530E+02 -5.46491E+02 -5.46590E+02 -5.46483E+02 -5.46515E+02  0.00000E+00 -3.86502E+02  0.00000E+00  4.21311E+00  0.00000E+00  5.37643E+01  1.22933E+02  0.00000E+00  5.97383E+00  4.54289E+01  2.00776E+00  2.69544E-01 -1.06839E+02 -2.55046E+02  3.35182E+02  3.43667E-01  1.01475E+02
 THETA26      -6.82352E+00  5.22688E+00  3.01537E+00 -1.43310E+02 -1.43327E+02 -1.43292E+02 -1.43288E+02 -1.43268E+02 -1.43322E+02 -2.93444E+02 -1.43307E+02 -1.43313E+02 -1.43300E+02 -1.43314E+02 -1.43308E+02 -1.43321E+02 -1.43312E+02 -1.43277E+02  0.00000E+00  5.08751E+03  5.08753E+03  5.08749E+03  5.08750E+03  5.08749E+03  5.08751E+03  1.01802E+04  5.08747E+03  5.08746E+03  5.08746E+03  5.08748E+03  5.08748E+03  5.08748E+03  5.08748E+03  5.08743E+03  0.00000E+00 -5.46552E+02 -5.46566E+02 -5.46538E+02 -5.46539E+02 -5.46571E+02 -5.46553E+02 -1.09009E+03 -5.46555E+02 -5.46557E+02 -5.46555E+02 -5.46551E+02 -5.46542E+02 -5.46543E+02 -5.46567E+02 -5.46559E+02  0.00000E+00  2.43413E+02  0.00000E+00  7.82735E+01  0.00000E+00  7.23752E+02 -2.71589E+02  0.00000E+00 -4.98727E+01 -8.49578E+02 -4.13888E+01  8.28040E+01 -2.18647E+03  5.95739E+02  2.97529E+02  1.91708E+03 -1.72101E+02
 THETA27      -7.59700E+00  2.48786E+00 -1.13211E+00 -1.43311E+02 -1.43332E+02 -1.43297E+02 -1.43317E+02 -1.43306E+02 -1.43345E+02 -1.43335E+02 -2.94223E+02 -1.43308E+02 -1.43309E+02 -1.43321E+02 -1.43321E+02 -1.43334E+02 -1.43313E+02 -1.43313E+02  0.00000E+00  5.08747E+03  5.08749E+03  5.08747E+03  5.08748E+03  5.08746E+03  5.08746E+03  5.08747E+03  1.01774E+04  5.08747E+03  5.08749E+03  5.08748E+03  5.08750E+03  5.08747E+03  5.08748E+03  5.08744E+03  0.00000E+00 -5.46541E+02 -5.46551E+02 -5.46573E+02 -5.46554E+02 -5.46564E+02 -5.46541E+02 -5.46554E+02 -1.09424E+03 -5.46554E+02 -5.46548E+02 -5.46539E+02 -5.46533E+02 -5.46546E+02 -5.46555E+02 -5.46559E+02  0.00000E+00 -4.72795E+02  0.00000E+00  6.56361E+01  0.00000E+00  6.91392E+02  5.86331E+02  0.00000E+00  2.43199E+00 -2.47293E+02 -1.36561E+01  9.88599E+01 -1.38384E+03 -1.38292E+03  1.07392E+02  8.08520E+02 -8.40165E+01
 THETA28       3.71366E+00 -3.42612E+00 -4.34249E+00 -1.43324E+02 -1.43349E+02 -1.43322E+02 -1.43319E+02 -1.43334E+02 -1.43349E+02 -1.43399E+02 -1.43329E+02 -2.82888E+02 -1.43326E+02 -1.43297E+02 -1.43305E+02 -1.43282E+02 -1.43380E+02 -1.43288E+02  0.00000E+00  5.08747E+03  5.08746E+03  5.08746E+03  5.08744E+03  5.08747E+03  5.08751E+03  5.08746E+03  5.08747E+03  1.01715E+04  5.08745E+03  5.08748E+03  5.08748E+03  5.08747E+03  5.08747E+03  5.08745E+03  0.00000E+00 -5.46549E+02 -5.46567E+02 -5.46553E+02 -5.46547E+02 -5.46552E+02 -5.46535E+02 -5.46519E+02 -5.46496E+02 -1.09743E+03 -5.46561E+02 -5.46532E+02 -5.46495E+02 -5.46577E+02 -5.46472E+02 -5.46539E+02  0.00000E+00 -4.07883E+02  0.00000E+00  4.39086E+01  0.00000E+00  4.69353E+02  4.47139E+02  0.00000E+00  2.61296E+01  7.09421E+01  2.37604E+00  5.43444E+01 -1.05586E+03 -1.04842E+03  2.28639E+02  5.70551E+01  2.90051E+01
 THETA29      -2.45230E+00  1.72114E+01  1.73952E+01 -1.43335E+02 -1.43387E+02 -1.43293E+02 -1.43341E+02 -1.43349E+02 -1.43363E+02 -1.43337E+02 -1.43335E+02 -1.43317E+02 -2.89073E+02 -1.43297E+02 -1.43275E+02 -1.43344E+02 -1.43284E+02 -1.43341E+02  0.00000E+00  5.08748E+03  5.08744E+03  5.08751E+03  5.08750E+03  5.08745E+03  5.08743E+03  5.08746E+03  5.08749E+03  5.08745E+03  1.01922E+04  5.08744E+03  5.08752E+03  5.08745E+03  5.08750E+03  5.08748E+03  0.00000E+00 -5.46557E+02 -5.46560E+02 -5.46544E+02 -5.46516E+02 -5.46534E+02 -5.46557E+02 -5.46554E+02 -5.46529E+02 -5.46550E+02 -1.07565E+03 -5.46529E+02 -5.46564E+02 -5.46485E+02 -5.46465E+02 -5.46551E+02  0.00000E+00  6.45037E+02  0.00000E+00 -1.01286E+01  0.00000E+00 -7.73953E+01  1.85453E+02  0.00000E+00 -3.46460E+01 -2.77972E+02 -1.42117E+01 -4.50487E+00  3.85200E+01 -4.51756E+02 -5.32054E+02  5.65207E+02 -1.94167E+02
 THETA30       9.32820E-01  1.98075E+01  2.44264E+01 -1.43316E+02 -1.43301E+02 -1.43342E+02 -1.43263E+02 -1.43333E+02 -1.43328E+02 -1.43345E+02 -1.43330E+02 -1.43311E+02 -1.43313E+02 -2.85654E+02 -1.43313E+02 -1.43328E+02 -1.43334E+02 -1.43309E+02  0.00000E+00  5.08749E+03  5.08748E+03  5.08748E+03  5.08749E+03  5.08749E+03  5.08745E+03  5.08748E+03  5.08748E+03  5.08748E+03  5.08744E+03  1.01947E+04  5.08745E+03  5.08746E+03  5.08748E+03  5.08742E+03  0.00000E+00 -5.46543E+02 -5.46569E+02 -5.46539E+02 -5.46546E+02 -5.46562E+02 -5.46536E+02 -5.46552E+02 -5.46522E+02 -5.46547E+02 -5.46549E+02 -1.06867E+03 -5.46537E+02 -5.46545E+02 -5.46570E+02 -5.46532E+02  0.00000E+00 -6.10590E+02  0.00000E+00  4.35347E+01  0.00000E+00  4.63285E+02  4.31369E+02  0.00000E+00 -4.23989E+01 -5.84791E+02 -3.00010E+01  7.19470E+01 -8.05377E+02 -9.58212E+02  1.70967E+02  1.64032E+03 -8.59094E+01
 THETA31      -4.91222E+00  1.34525E+01  1.25632E+01 -1.43317E+02 -1.43306E+02 -1.43316E+02 -1.43310E+02 -1.43270E+02 -1.43341E+02 -1.43327E+02 -1.43289E+02 -1.43357E+02 -1.43301E+02 -1.43267E+02 -2.91472E+02 -1.43312E+02 -1.43230E+02 -1.43301E+02  0.00000E+00  5.08751E+03  5.08752E+03  5.08750E+03  5.08745E+03  5.08749E+03  5.08748E+03  5.08748E+03  5.08750E+03  5.08748E+03  5.08752E+03  5.08745E+03  1.01883E+04  5.08749E+03  5.08746E+03  5.08740E+03  0.00000E+00 -5.46532E+02 -5.46591E+02 -5.46563E+02 -5.46534E+02 -5.46506E+02 -5.46543E+02 -5.46560E+02 -5.46576E+02 -5.46553E+02 -5.46552E+02 -5.46577E+02 -1.08057E+03 -5.46586E+02 -5.46491E+02 -5.46552E+02  0.00000E+00  2.88941E+02  0.00000E+00 -1.95240E+00  0.00000E+00  8.60930E+00  2.60604E+02  0.00000E+00 -2.55654E+01 -2.23512E+02 -1.17112E+01  1.47391E+01 -2.41255E+02 -6.79254E+02 -9.71577E+01  4.82280E+02 -7.45934E+01
 THETA32      -3.37646E+00  1.54881E+01  1.56705E+01 -1.43314E+02 -1.43328E+02 -1.43295E+02 -1.43282E+02 -1.43337E+02 -1.43322E+02 -1.43262E+02 -1.43304E+02 -1.43315E+02 -1.43312E+02 -1.43331E+02 -1.43306E+02 -2.89987E+02 -1.43321E+02 -1.43302E+02  0.00000E+00  5.08748E+03  5.08746E+03  5.08746E+03  5.08749E+03  5.08746E+03  5.08747E+03  5.08748E+03  5.08747E+03  5.08747E+03  5.08745E+03  5.08746E+03  5.08749E+03  1.01904E+04  5.08747E+03  5.08746E+03  0.00000E+00 -5.46551E+02 -5.46566E+02 -5.46551E+02 -5.46552E+02 -5.46525E+02 -5.46548E+02 -5.46548E+02 -5.46572E+02 -5.46552E+02 -5.46543E+02 -5.46535E+02 -5.46529E+02 -1.07743E+03 -5.46558E+02 -5.46541E+02  0.00000E+00 -5.54598E+02  0.00000E+00  3.02764E+01  0.00000E+00  3.48325E+02  5.52474E+02  0.00000E+00 -2.23884E+01 -3.24894E+02 -1.73902E+01  5.35114E+01 -4.91612E+02 -1.28123E+03  1.79473E+02  1.00031E+03 -3.03760E+01
 THETA33       9.42374E-01 -1.32335E+00 -7.28555E-01 -1.43306E+02 -1.43320E+02 -1.43300E+02 -1.43307E+02 -1.43320E+02 -1.43334E+02 -1.43333E+02 -1.43323E+02 -1.43312E+02 -1.43304E+02 -1.43313E+02 -1.43306E+02 -1.43324E+02 -2.85662E+02 -1.43313E+02  0.00000E+00  5.08748E+03  5.08746E+03  5.08746E+03  5.08746E+03  5.08747E+03  5.08747E+03  5.08748E+03  5.08748E+03  5.08747E+03  5.08750E+03  5.08748E+03  5.08746E+03  5.08747E+03  1.01736E+04  5.08749E+03  0.00000E+00 -5.46547E+02 -5.46557E+02 -5.46563E+02 -5.46534E+02 -5.46546E+02 -5.46550E+02 -5.46538E+02 -5.46545E+02 -5.46543E+02 -5.46550E+02 -5.46545E+02 -5.46544E+02 -5.46540E+02 -1.09384E+03 -5.46553E+02  0.00000E+00  4.36578E+02  0.00000E+00  7.42683E+00  0.00000E+00  3.81924E+01 -3.18659E+02  0.00000E+00 -1.26220E+01 -1.70875E+02 -7.67760E+00 -1.14749E+01 -9.72657E+01  8.40911E+02 -3.17408E+02  2.16300E+02 -1.27617E+02
 THETA34      -5.11357E+00  3.96068E+00  1.98333E+00 -1.43322E+02 -1.43244E+02 -1.43298E+02 -1.43318E+02 -1.43312E+02 -1.43331E+02 -1.43356E+02 -1.43286E+02 -1.43304E+02 -1.43320E+02 -1.43317E+02 -1.43312E+02 -1.43293E+02 -1.43287E+02 -2.91660E+02  0.00000E+00  5.08741E+03  5.08746E+03  5.08747E+03  5.08750E+03  5.08754E+03  5.08744E+03  5.08743E+03  5.08744E+03  5.08745E+03  5.08748E+03  5.08742E+03  5.08740E+03  5.08746E+03  5.08749E+03  1.01788E+04  0.00000E+00 -5.46513E+02 -5.46525E+02 -5.46527E+02 -5.46544E+02 -5.46600E+02 -5.46546E+02 -5.46567E+02 -5.46561E+02 -5.46556E+02 -5.46555E+02 -5.46534E+02 -5.46508E+02 -5.46539E+02 -5.46497E+02 -1.09113E+03  0.00000E+00 -2.35590E+02  0.00000E+00  4.13063E+01  0.00000E+00  3.90735E+02 -5.90379E+01  0.00000E+00 -2.70441E+01 -4.50807E+02 -2.21366E+01  6.01465E+01 -1.07949E+03  1.34925E+02  3.77626E+02  1.07381E+03 -2.27437E+01
 THETA35       0.00000E+00  0.00000E+00  0.00000E+00  0.00000E+00  0.00000E+00  0.00000E+00  0.00000E+00  0.00000E+00  0.00000E+00  0.00000E+00  0.00000E+00  0.00000E+00  0.00000E+00  0.00000E+00  0.00000E+00  0.00000E+00  0.00000E+00  0.00000E+00  0.00000E+00  0.00000E+00  0.00000E+00  0.00000E+00  0.00000E+00  0.00000E+00  0.00000E+00  0.00000E+00  0.00000E+00  0.00000E+00  0.00000E+00  0.00000E+00  0.00000E+00  0.00000E+00  0.00000E+00  0.00000E+00  0.00000E+00  0.00000E+00  0.00000E+00  0.00000E+00  0.00000E+00  0.00000E+00  0.00000E+00  0.00000E+00  0.00000E+00  0.00000E+00  0.00000E+00  0.00000E+00  0.00000E+00  0.00000E+00  0.00000E+00  0.00000E+00  0.00000E+00  0.00000E+00  0.00000E+00  0.00000E+00  0.00000E+00  0.00000E+00  0.00000E+00  0.00000E+00  0.00000E+00  0.00000E+00  0.00000E+00  0.00000E+00  0.00000E+00  0.00000E+00  0.00000E+00  0.00000E+00  0.00000E+00
 THETA36       1.31769E+01 -2.48856E+00  5.23906E-01 -5.80047E+02 -2.96631E+02 -2.96614E+02 -2.96607E+02 -2.96598E+02 -2.96633E+02 -2.96601E+02 -2.96606E+02 -2.96603E+02 -2.96612E+02 -2.96593E+02 -2.96621E+02 -2.96613E+02 -2.96625E+02 -2.96618E+02  0.00000E+00 -1.09559E+03 -5.46571E+02 -5.46575E+02 -5.46556E+02 -5.46539E+02 -5.46541E+02 -5.46552E+02 -5.46541E+02 -5.46549E+02 -5.46557E+02 -5.46543E+02 -5.46532E+02 -5.46551E+02 -5.46547E+02 -5.46513E+02  0.00000E+00  1.01769E+04  5.08821E+03  5.08824E+03  5.08821E+03  5.08821E+03  5.08820E+03  5.08821E+03  5.08820E+03  5.08821E+03  5.08821E+03  5.08822E+03  5.08824E+03  5.08823E+03  5.08822E+03  5.08822E+03  0.00000E+00  4.35221E+02  0.00000E+00 -7.46216E+02  0.00000E+00  4.06255E+01  4.70620E-01  0.00000E+00  1.20031E+03 -1.22477E+01 -3.79876E+02  1.79210E+02 -1.59389E+02 -3.90434E+01 -2.76295E+03 -2.31745E+02  9.33187E+02
 THETA37      -1.42514E+01  1.45080E+00 -9.43526E+00 -2.96609E+02 -6.07451E+02 -2.96602E+02 -2.96591E+02 -2.96634E+02 -2.96651E+02 -2.96637E+02 -2.96620E+02 -2.96614E+02 -2.96594E+02 -2.96587E+02 -2.96627E+02 -2.96616E+02 -2.96651E+02 -2.96703E+02  0.00000E+00 -5.46519E+02 -1.09167E+03 -5.46573E+02 -5.46537E+02 -5.46598E+02 -5.46587E+02 -5.46566E+02 -5.46551E+02 -5.46567E+02 -5.46560E+02 -5.46569E+02 -5.46591E+02 -5.46566E+02 -5.46557E+02 -5.46525E+02  0.00000E+00  5.08821E+03  1.01667E+04  5.08825E+03  5.08821E+03  5.08826E+03  5.08821E+03  5.08821E+03  5.08824E+03  5.08821E+03  5.08822E+03  5.08823E+03  5.08824E+03  5.08829E+03  5.08819E+03  5.08821E+03  0.00000E+00 -3.93934E+02  0.00000E+00 -3.62888E+02  0.00000E+00 -1.99400E+01  2.78568E+00  0.00000E+00  7.67586E+02  2.90387E+01 -4.00888E+02  1.19068E+02  2.85390E+02  3.53265E+01 -7.68371E+02 -9.44610E+01  1.07943E+03
 THETA38      -2.21070E+01  6.98101E+00 -1.34804E+01 -2.96600E+02 -2.96552E+02 -6.15240E+02 -2.96573E+02 -2.96610E+02 -2.96542E+02 -2.96602E+02 -2.96585E+02 -2.96617E+02 -2.96594E+02 -2.96614E+02 -2.96587E+02 -2.96605E+02 -2.96632E+02 -2.96569E+02  0.00000E+00 -5.46550E+02 -5.46546E+02 -1.08608E+03 -5.46599E+02 -5.46505E+02 -5.46513E+02 -5.46538E+02 -5.46573E+02 -5.46553E+02 -5.46544E+02 -5.46539E+02 -5.46563E+02 -5.46551E+02 -5.46563E+02 -5.46527E+02  0.00000E+00  5.08824E+03  5.08825E+03  1.01629E+04  5.08819E+03  5.08827E+03  5.08824E+03  5.08821E+03  5.08824E+03  5.08822E+03  5.08821E+03  5.08821E+03  5.08825E+03  5.08823E+03  5.08830E+03  5.08828E+03  0.00000E+00  5.04624E+02  0.00000E+00 -3.37066E+02  0.00000E+00 -2.25006E+02  1.57131E+01  0.00000E+00  7.32983E+02  2.68221E+02 -3.95876E+02  1.15544E+02 -5.80723E+02 -4.79716E+01 -1.40333E+03 -1.01048E+03  9.52676E+02
 THETA39       7.13828E+00  4.66887E-01  4.10090E+00 -2.96606E+02 -2.96611E+02 -2.96594E+02 -5.86006E+02 -2.96573E+02 -2.96585E+02 -2.96588E+02 -2.96605E+02 -2.96590E+02 -2.96610E+02 -2.96592E+02 -2.96590E+02 -2.96580E+02 -2.96557E+02 -2.96568E+02  0.00000E+00 -5.46556E+02 -5.46542E+02 -5.46546E+02 -1.09261E+03 -5.46523E+02 -5.46540E+02 -5.46539E+02 -5.46554E+02 -5.46547E+02 -5.46516E+02 -5.46546E+02 -5.46534E+02 -5.46552E+02 -5.46534E+02 -5.46544E+02  0.00000E+00  5.08821E+03  5.08821E+03  5.08819E+03  1.01805E+04  5.08820E+03  5.08821E+03  5.08821E+03  5.08822E+03  5.08820E+03  5.08821E+03  5.08821E+03  5.08824E+03  5.08823E+03  5.08820E+03  5.08821E+03  0.00000E+00  1.41333E+02  0.00000E+00  1.92149E+02  0.00000E+00  7.02328E+01 -5.31828E+00  0.00000E+00 -3.60770E+02 -8.85758E+01  1.58567E+02 -4.39983E+01 -4.63984E+02 -8.64298E+01  7.53578E+02  3.10867E+02 -4.05713E+02
 THETA40      -7.28201E+00 -2.14746E+00 -6.59165E+00 -2.96605E+02 -2.96511E+02 -2.96581E+02 -2.96570E+02 -6.00436E+02 -2.96625E+02 -2.96561E+02 -2.96577E+02 -2.96598E+02 -2.96606E+02 -2.96611E+02 -2.96577E+02 -2.96497E+02 -2.96560E+02 -2.96531E+02  0.00000E+00 -5.46537E+02 -5.46528E+02 -5.46546E+02 -5.46547E+02 -1.09522E+03 -5.46490E+02 -5.46571E+02 -5.46564E+02 -5.46552E+02 -5.46534E+02 -5.46562E+02 -5.46506E+02 -5.46525E+02 -5.46546E+02 -5.46600E+02  0.00000E+00  5.08821E+03  5.08826E+03  5.08827E+03  5.08820E+03  1.01697E+04  5.08824E+03  5.08818E+03  5.08820E+03  5.08821E+03  5.08820E+03  5.08822E+03  5.08828E+03  5.08828E+03  5.08820E+03  5.08822E+03  0.00000E+00  2.68132E+00  0.00000E+00 -4.31807E+02  0.00000E+00  5.58256E+01 -1.87305E+00  0.00000E+00  8.28067E+02 -5.38427E+01 -3.77016E+02  1.69154E+02  1.53856E+02 -1.31345E+01 -1.54562E+03 -2.85609E+00  9.26225E+02
 THETA41      -2.79066E-01 -5.92161E-01 -1.02245E+00 -2.96602E+02 -2.96626E+02 -2.96611E+02 -2.96621E+02 -2.96584E+02 -5.93485E+02 -2.96614E+02 -2.96603E+02 -2.96604E+02 -2.96596E+02 -2.96600E+02 -2.96595E+02 -2.96608E+02 -2.96592E+02 -2.96607E+02  0.00000E+00 -5.46533E+02 -5.46567E+02 -5.46561E+02 -5.46555E+02 -5.46563E+02 -1.09369E+03 -5.46553E+02 -5.46541E+02 -5.46535E+02 -5.46557E+02 -5.46536E+02 -5.46543E+02 -5.46548E+02 -5.46550E+02 -5.46546E+02  0.00000E+00  5.08820E+03  5.08821E+03  5.08824E+03  5.08821E+03  5.08824E+03  1.01754E+04  5.08822E+03  5.08821E+03  5.08821E+03  5.08822E+03  5.08821E+03  5.08823E+03  5.08824E+03  5.08821E+03  5.08821E+03  0.00000E+00 -3.71821E+02  0.00000E+00 -3.09672E+01  0.00000E+00 -9.34251E+01  6.07488E+00  0.00000E+00  4.80352E+00  1.14034E+02  3.71503E+01 -4.21996E+00 -2.05070E+00  2.23944E+01  4.83435E+02 -1.60472E+02 -2.21993E+01
 THETA42      -1.62405E+01  3.01561E+00 -1.03028E+01 -2.96601E+02 -2.96574E+02 -2.96566E+02 -2.96565E+02 -2.96614E+02 -2.96582E+02 -6.09442E+02 -2.96610E+02 -2.96610E+02 -2.96593E+02 -2.96597E+02 -2.96592E+02 -2.96597E+02 -2.96571E+02 -2.96598E+02  0.00000E+00 -5.46544E+02 -5.46554E+02 -5.46549E+02 -5.46533E+02 -5.46575E+02 -5.46560E+02 -1.09009E+03 -5.46554E+02 -5.46519E+02 -5.46554E+02 -5.46552E+02 -5.46560E+02 -5.46548E+02 -5.46538E+02 -5.46567E+02  0.00000E+00  5.08821E+03  5.08821E+03  5.08821E+03  5.08821E+03  5.08818E+03  5.08822E+03  1.01661E+04  5.08821E+03  5.08821E+03  5.08822E+03  5.08821E+03  5.08822E+03  5.08822E+03  5.08823E+03  5.08821E+03  0.00000E+00  3.82119E+02  0.00000E+00 -5.82519E+02  0.00000E+00  2.47944E+02 -1.34379E+01  0.00000E+00  1.33221E+03 -2.89066E+02 -7.61146E+02  1.68499E+02 -4.39910E+02 -1.82984E+02 -1.65641E+03  4.03269E+02  2.08525E+03
 THETA43      -1.98096E+01 -1.13471E+00 -1.52026E+01 -2.96611E+02 -2.96623E+02 -2.96561E+02 -2.96603E+02 -2.96589E+02 -2.96625E+02 -2.96596E+02 -6.13043E+02 -2.96583E+02 -2.96607E+02 -2.96580E+02 -2.96579E+02 -2.96621E+02 -2.96606E+02 -2.96575E+02  0.00000E+00 -5.46549E+02 -5.46540E+02 -5.46524E+02 -5.46554E+02 -5.46538E+02 -5.46553E+02 -5.46555E+02 -1.09424E+03 -5.46496E+02 -5.46529E+02 -5.46522E+02 -5.46576E+02 -5.46572E+02 -5.46545E+02 -5.46561E+02  0.00000E+00  5.08820E+03  5.08824E+03  5.08824E+03  5.08822E+03  5.08820E+03  5.08821E+03  5.08821E+03  1.01612E+04  5.08820E+03  5.08821E+03  5.08820E+03  5.08824E+03  5.08821E+03  5.08820E+03  5.08824E+03  0.00000E+00 -4.68215E+02  0.00000E+00 -4.87635E+02  0.00000E+00 -4.21215E+02  2.89286E+01  0.00000E+00  7.86618E+02  5.18288E+02 -2.50976E+02  1.72237E+02  4.82586E+02  1.97198E+02 -1.70392E+03 -1.45900E+03  5.99876E+02
 THETA44       1.38208E+00 -4.33986E+00 -4.26283E+00 -2.96600E+02 -2.96591E+02 -2.96595E+02 -2.96598E+02 -2.96590E+02 -2.96595E+02 -2.96607E+02 -2.96605E+02 -5.91819E+02 -2.96607E+02 -2.96601E+02 -2.96601E+02 -2.96619E+02 -2.96598E+02 -2.96618E+02  0.00000E+00 -5.46543E+02 -5.46535E+02 -5.46557E+02 -5.46540E+02 -5.46565E+02 -5.46559E+02 -5.46557E+02 -5.46554E+02 -1.09743E+03 -5.46550E+02 -5.46547E+02 -5.46553E+02 -5.46552E+02 -5.46543E+02 -5.46556E+02  0.00000E+00  5.08821E+03  5.08821E+03  5.08822E+03  5.08820E+03  5.08821E+03  5.08821E+03  5.08821E+03  5.08820E+03  1.01721E+04  5.08820E+03  5.08822E+03  5.08823E+03  5.08820E+03  5.08822E+03  5.08823E+03  0.00000E+00 -4.01567E+02  0.00000E+00 -3.28064E+02  0.00000E+00 -3.25104E+02  2.21233E+01  0.00000E+00  3.48557E+02  4.09200E+02  4.35466E+01  1.04094E+02  1.07616E+02  1.16326E+02 -8.42969E+02 -1.04697E+03 -6.63404E+01
