TABLE NO.     1: Iterative Two Stage: Problem=1 Subproblem=0 Superproblem1=0 Iteration1=0 Superproblem2=0 Iteration2=0
 NAME         THETA1       THETA2       SIGMA(1,1)   OMEGA(1,1)   OMEGA(2,1)   OMEGA(2,2)   OMEGA(3,1)   OMEGA(3,2)   OMEGA(3,3)   OMEGA(4,1)   OMEGA(4,2)   OMEGA(4,3)   OMEGA(4,4)   OMEGA(5,1)   OMEGA(5,2)   OMEGA(5,3)   OMEGA(5,4)   OMEGA(5,5)   OMEGA(6,1)   OMEGA(6,2)   OMEGA(6,3)   OMEGA(6,4)   OMEGA(6,5)   OMEGA(6,6)
 THETA1        6.88091E-02 -1.49718E-01  7.48543E-03 -1.17657E-02  2.55727E-03  4.73705E-02  0.00000E+00  0.00000E+00  3.06607E-02  0.00000E+00  0.00000E+00  5.55181E-02 -1.07621E-02  0.00000E+00  0.00000E+00  0.00000E+00  0.00000E+00  1.31478E-02  0.00000E+00  0.00000E+00  0.00000E+00  0.00000E+00  2.64720E-01 -4.30658E-02
 THETA2       -1.49718E-01  6.40516E-02  7.59092E-03  3.31643E-02 -1.14998E-02  1.10519E-02  0.00000E+00  0.00000E+00  1.79317E-01  0.00000E+00  0.00000E+00  5.35285E-02  2.53155E-02  0.00000E+00  0.00000E+00  0.00000E+00  0.00000E+00  2.87498E-01  0.00000E+00  0.00000E+00  0.00000E+00  0.00000E+00 -1.95815E-01  3.42545E-01
 SIGMA(1,1)    7.48543E-03  7.59092E-03  1.28349E-04 -4.79907E-02 -1.31975E-02 -5.29968E-02  0.00000E+00  0.00000E+00  7.70486E-03  0.00000E+00  0.00000E+00 -1.38782E-03 -7.41489E-03  0.00000E+00  0.00000E+00  0.00000E+00  0.00000E+00 -2.69101E-02  0.00000E+00  0.00000E+00  0.00000E+00  0.00000E+00  9.03393E-03 -2.89612E-03
 OMEGA(1,1)   -1.17657E-02  3.31643E-02 -4.79907E-02  3.04971E-04  1.00769E-01 -2.17214E-02  0.00000E+00  0.00000E+00  2.79072E-02  0.00000E+00  0.00000E+00 -1.07466E-02  1.91517E-02  0.00000E+00  0.00000E+00  0.00000E+00  0.00000E+00  2.65573E-02  0.00000E+00  0.00000E+00  0.00000E+00  0.00000E+00 -1.76346E-02  1.72247E-02
 OMEGA(2,1)    2.55727E-03 -1.14998E-02 -1.31975E-02  1.00769E-01  2.27893E-04 -2.00383E-03  0.00000E+00  0.00000E+00  8.19434E-03  0.00000E+00  0.00000E+00 -4.26331E-02  7.94315E-03  0.00000E+00  0.00000E+00  0.00000E+00  0.00000E+00  7.11288E-04  0.00000E+00  0.00000E+00  0.00000E+00  0.00000E+00  1.85602E-02 -1.38080E-02
 OMEGA(2,2)    4.73705E-02  1.10519E-02 -5.29968E-02 -2.17214E-02 -2.00383E-03  3.42251E-04  0.00000E+00  0.00000E+00 -1.03548E-02  0.00000E+00  0.00000E+00  1.94576E-02 -1.09506E-02  0.00000E+00  0.00000E+00  0.00000E+00  0.00000E+00 -1.48690E-02  0.00000E+00  0.00000E+00  0.00000E+00  0.00000E+00  1.21189E-02 -3.42754E-02
 OMEGA(3,1)    0.00000E+00  0.00000E+00  0.00000E+00  0.00000E+00  0.00000E+00  0.00000E+00  0.00000E+00  0.00000E+00  0.00000E+00  0.00000E+00  0.00000E+00  0.00000E+00  0.00000E+00  0.00000E+00  0.00000E+00  0.00000E+00  0.00000E+00  0.00000E+00  0.00000E+00  0.00000E+00  0.00000E+00  0.00000E+00  0.00000E+00  0.00000E+00
 OMEGA(3,2)    0.00000E+00  0.00000E+00  0.00000E+00  0.00000E+00  0.00000E+00  0.00000E+00  0.00000E+00  0.00000E+00  0.00000E+00  0.00000E+00  0.00000E+00  0.00000E+00  0.00000E+00  0.00000E+00  0.00000E+00  0.00000E+00  0.00000E+00  0.00000E+00  0.00000E+00  0.00000E+00  0.00000E+00  0.00000E+00  0.00000E+00  0.00000E+00
 OMEGA(3,3)    3.06607E-02  1.79317E-01  7.70486E-03  2.79072E-02  8.19434E-03 -1.03548E-02  0.00000E+00  0.00000E+00  2.08029E-03  0.00000E+00  0.00000E+00 -4.20906E-02 -1.20817E-02  0.00000E+00  0.00000E+00  0.00000E+00  0.00000E+00  1.26317E-01  0.00000E+00  0.00000E+00  0.00000E+00  0.00000E+00 -9.48087E-02  5.06659E-02
 OMEGA(4,1)    0.00000E+00  0.00000E+00  0.00000E+00  0.00000E+00  0.00000E+00  0.00000E+00  0.00000E+00  0.00000E+00  0.00000E+00  0.00000E+00  0.00000E+00  0.00000E+00  0.00000E+00  0.00000E+00  0.00000E+00  0.00000E+00  0.00000E+00  0.00000E+00  0.00000E+00  0.00000E+00  0.00000E+00  0.00000E+00  0.00000E+00  0.00000E+00
 OMEGA(4,2)    0.00000E+00  0.00000E+00  0.00000E+00  0.00000E+00  0.00000E+00  0.00000E+00  0.00000E+00  0.00000E+00  0.00000E+00  0.00000E+00  0.00000E+00  0.00000E+00  0.00000E+00  0.00000E+00  0.00000E+00  0.00000E+00  0.00000E+00  0.00000E+00  0.00000E+00  0.00000E+00  0.00000E+00  0.00000E+00  0.00000E+00  0.00000E+00
 OMEGA(4,3)    5.55181E-02  5.35285E-02 -1.38782E-03 -1.07466E-02 -4.26331E-02  1.94576E-02  0.00000E+00  0.00000E+00 -4.20906E-02  0.00000E+00  0.00000E+00  1.66002E-03  2.13415E-02  0.00000E+00  0.00000E+00  0.00000E+00  0.00000E+00  5.85041E-02  0.00000E+00  0.00000E+00  0.00000E+00  0.00000E+00  4.28733E-02 -8.05611E-02
 OMEGA(4,4)   -1.07621E-02  2.53155E-02 -7.41489E-03  1.91517E-02  7.94315E-03 -1.09506E-02  0.00000E+00  0.00000E+00 -1.20817E-02  0.00000E+00  0.00000E+00  2.13415E-02  2.44615E-03  0.00000E+00  0.00000E+00  0.00000E+00  0.00000E+00  6.11924E-02  0.00000E+00  0.00000E+00  0.00000E+00  0.00000E+00 -2.37833E-02  1.89381E-02
 OMEGA(5,1)    0.00000E+00  0.00000E+00  0.00000E+00  0.00000E+00  0.00000E+00  0.00000E+00  0.00000E+00  0.00000E+00  0.00000E+00  0.00000E+00  0.00000E+00  0.00000E+00  0.00000E+00  0.00000E+00  0.00000E+00  0.00000E+00  0.00000E+00  0.00000E+00  0.00000E+00  0.00000E+00  0.00000E+00  0.00000E+00  0.00000E+00  0.00000E+00
 OMEGA(5,2)    0.00000E+00  0.00000E+00  0.00000E+00  0.00000E+00  0.00000E+00  0.00000E+00  0.00000E+00  0.00000E+00  0.00000E+00  0.00000E+00  0.00000E+00  0.00000E+00  0.00000E+00  0.00000E+00  0.00000E+00  0.00000E+00  0.00000E+00  0.00000E+00  0.00000E+00  0.00000E+00  0.00000E+00  0.00000E+00  0.00000E+00  0.00000E+00
 OMEGA(5,3)    0.00000E+00  0.00000E+00  0.00000E+00  0.00000E+00  0.00000E+00  0.00000E+00  0.00000E+00  0.00000E+00  0.00000E+00  0.00000E+00  0.00000E+00  0.00000E+00  0.00000E+00  0.00000E+00  0.00000E+00  0.00000E+00  0.00000E+00  0.00000E+00  0.00000E+00  0.00000E+00  0.00000E+00  0.00000E+00  0.00000E+00  0.00000E+00
 OMEGA(5,4)    0.00000E+00  0.00000E+00  0.00000E+00  0.00000E+00  0.00000E+00  0.00000E+00  0.00000E+00  0.00000E+00  0.00000E+00  0.00000E+00  0.00000E+00  0.00000E+00  0.00000E+00  0.00000E+00  0.00000E+00  0.00000E+00  0.00000E+00  0.00000E+00  0.00000E+00  0.00000E+00  0.00000E+00  0.00000E+00  0.00000E+00  0.00000E+00
 OMEGA(5,5)    1.31478E-02  2.87498E-01 -2.69101E-02  2.65573E-02  7.11288E-04 -1.48690E-02  0.00000E+00  0.00000E+00  1.26317E-01  0.00000E+00  0.00000E+00  5.85041E-02  6.11924E-02  0.00000E+00  0.00000E+00  0.00000E+00  0.00000E+00  3.31191E-02  0.00000E+00  0.00000E+00  0.00000E+00  0.00000E+00 -6.32705E-01  2.67985E-01
 OMEGA(6,1)    0.00000E+00  0.00000E+00  0.00000E+00  0.00000E+00  0.00000E+00  0.00000E+00  0.00000E+00  0.00000E+00  0.00000E+00  0.00000E+00  0.00000E+00  0.00000E+00  0.00000E+00  0.00000E+00  0.00000E+00  0.00000E+00  0.00000E+00  0.00000E+00  0.00000E+00  0.00000E+00  0.00000E+00  0.00000E+00  0.00000E+00  0.00000E+00
 OMEGA(6,2)    0.00000E+00  0.00000E+00  0.00000E+00  0.00000E+00  0.00000E+00  0.00000E+00  0.00000E+00  0.00000E+00  0.00000E+00  0.00000E+00  0.00000E+00  0.00000E+00  0.00000E+00  0.00000E+00  0.00000E+00  0.00000E+00  0.00000E+00  0.00000E+00  0.00000E+00  0.00000E+00  0.00000E+00  0.00000E+00  0.00000E+00  0.00000E+00
 OMEGA(6,3)    0.00000E+00  0.00000E+00  0.00000E+00  0.00000E+00  0.00000E+00  0.00000E+00  0.00000E+00  0.00000E+00  0.00000E+00  0.00000E+00  0.00000E+00  0.00000E+00  0.00000E+00  0.00000E+00  0.00000E+00  0.00000E+00  0.00000E+00  0.00000E+00  0.00000E+00  0.00000E+00  0.00000E+00  0.00000E+00  0.00000E+00  0.00000E+00
 OMEGA(6,4)    0.00000E+00  0.00000E+00  0.00000E+00  0.00000E+00  0.00000E+00  0.00000E+00  0.00000E+00  0.00000E+00  0.00000E+00  0.00000E+00  0.00000E+00  0.00000E+00  0.00000E+00  0.00000E+00  0.00000E+00  0.00000E+00  0.00000E+00  0.00000E+00  0.00000E+00  0.00000E+00  0.00000E+00  0.00000E+00  0.00000E+00  0.00000E+00
 OMEGA(6,5)    2.64720E-01 -1.95815E-01  9.03393E-03 -1.76346E-02  1.85602E-02  1.21189E-02  0.00000E+00  0.00000E+00 -9.48087E-02  0.00000E+00  0.00000E+00  4.28733E-02 -2.37833E-02  0.00000E+00  0.00000E+00  0.00000E+00  0.00000E+00 -6.32705E-01  0.00000E+00  0.00000E+00  0.00000E+00  0.00000E+00  2.53836E-02 -3.10656E-01
 OMEGA(6,6)   -4.30658E-02  3.42545E-01 -2.89612E-03  1.72247E-02 -1.38080E-02 -3.42754E-02  0.00000E+00  0.00000E+00  5.06659E-02  0.00000E+00  0.00000E+00 -8.05611E-02  1.89381E-02  0.00000E+00  0.00000E+00  0.00000E+00  0.00000E+00  2.67985E-01  0.00000E+00  0.00000E+00  0.00000E+00  0.00000E+00 -3.10656E-01  2.85413E-02
