TABLE NO.     1: Iterative Two Stage (No Prior): Problem=1 Subproblem=0 Superproblem1=0 Iteration1=0 Superproblem2=0 Iteration2=0
 NAME         THETA1       THETA2       SIGMA(1,1)   OMEGA(1,1)   OMEGA(2,1)   OMEGA(2,2)   OMEGA(3,1)   OMEGA(3,2)   OMEGA(3,3)   OMEGA(4,1)   OMEGA(4,2)   OMEGA(4,3)   OMEGA(4,4)   OMEGA(5,1)   OMEGA(5,2)   OMEGA(5,3)   OMEGA(5,4)   OMEGA(5,5)   OMEGA(6,1)   OMEGA(6,2)   OMEGA(6,3)   OMEGA(6,4)   OMEGA(6,5)   OMEGA(6,6)
 THETA1        6.88163E-02 -1.49512E-01  7.45908E-03 -1.16904E-02  2.45652E-03  4.73760E-02  0.00000E+00  0.00000E+00  3.07464E-02  0.00000E+00  0.00000E+00  5.54879E-02 -1.07250E-02  0.00000E+00  0.00000E+00  0.00000E+00  0.00000E+00  1.34737E-02  0.00000E+00  0.00000E+00  0.00000E+00  0.00000E+00  2.64605E-01 -4.29713E-02
 THETA2       -1.49512E-01  6.40555E-02  7.60777E-03  3.30999E-02 -1.14246E-02  1.10437E-02  0.00000E+00  0.00000E+00  1.79255E-01  0.00000E+00  0.00000E+00  5.35582E-02  2.53100E-02  0.00000E+00  0.00000E+00  0.00000E+00  0.00000E+00  2.87328E-01  0.00000E+00  0.00000E+00  0.00000E+00  0.00000E+00 -1.95535E-01  3.42692E-01
 SIGMA(1,1)    7.45908E-03  7.60777E-03  1.28208E-04 -4.80096E-02 -1.31774E-02 -5.29772E-02  0.00000E+00  0.00000E+00  7.70451E-03  0.00000E+00  0.00000E+00 -1.38429E-03 -7.41686E-03  0.00000E+00  0.00000E+00  0.00000E+00  0.00000E+00 -2.69042E-02  0.00000E+00  0.00000E+00  0.00000E+00  0.00000E+00  9.02852E-03 -2.88987E-03
 OMEGA(1,1)   -1.16904E-02  3.30999E-02 -4.80096E-02  3.04928E-04  1.00412E-01 -2.16382E-02  0.00000E+00  0.00000E+00  2.78903E-02  0.00000E+00  0.00000E+00 -1.07293E-02  1.91513E-02  0.00000E+00  0.00000E+00  0.00000E+00  0.00000E+00  2.65513E-02  0.00000E+00  0.00000E+00  0.00000E+00  0.00000E+00 -1.76128E-02  1.72097E-02
 OMEGA(2,1)    2.45652E-03 -1.14246E-02 -1.31774E-02  1.00412E-01  2.27862E-04 -2.21231E-03  0.00000E+00  0.00000E+00  8.19582E-03  0.00000E+00  0.00000E+00 -4.26361E-02  7.95564E-03  0.00000E+00  0.00000E+00  0.00000E+00  0.00000E+00  7.14908E-04  0.00000E+00  0.00000E+00  0.00000E+00  0.00000E+00  1.85742E-02 -1.38106E-02
 OMEGA(2,2)    4.73760E-02  1.10437E-02 -5.29772E-02 -2.16382E-02 -2.21231E-03  3.42201E-04  0.00000E+00  0.00000E+00 -1.03487E-02  0.00000E+00  0.00000E+00  1.94645E-02 -1.09427E-02  0.00000E+00  0.00000E+00  0.00000E+00  0.00000E+00 -1.48561E-02  0.00000E+00  0.00000E+00  0.00000E+00  0.00000E+00  1.21019E-02 -3.42560E-02
 OMEGA(3,1)    0.00000E+00  0.00000E+00  0.00000E+00  0.00000E+00  0.00000E+00  0.00000E+00  0.00000E+00  0.00000E+00  0.00000E+00  0.00000E+00  0.00000E+00  0.00000E+00  0.00000E+00  0.00000E+00  0.00000E+00  0.00000E+00  0.00000E+00  0.00000E+00  0.00000E+00  0.00000E+00  0.00000E+00  0.00000E+00  0.00000E+00  0.00000E+00
 OMEGA(3,2)    0.00000E+00  0.00000E+00  0.00000E+00  0.00000E+00  0.00000E+00  0.00000E+00  0.00000E+00  0.00000E+00  0.00000E+00  0.00000E+00  0.00000E+00  0.00000E+00  0.00000E+00  0.00000E+00  0.00000E+00  0.00000E+00  0.00000E+00  0.00000E+00  0.00000E+00  0.00000E+00  0.00000E+00  0.00000E+00  0.00000E+00  0.00000E+00
 OMEGA(3,3)    3.07464E-02  1.79255E-01  7.70451E-03  2.78903E-02  8.19582E-03 -1.03487E-02  0.00000E+00  0.00000E+00  2.08058E-03  0.00000E+00  0.00000E+00 -4.20895E-02 -1.20917E-02  0.00000E+00  0.00000E+00  0.00000E+00  0.00000E+00  1.26276E-01  0.00000E+00  0.00000E+00  0.00000E+00  0.00000E+00 -9.47762E-02  5.06475E-02
 OMEGA(4,1)    0.00000E+00  0.00000E+00  0.00000E+00  0.00000E+00  0.00000E+00  0.00000E+00  0.00000E+00  0.00000E+00  0.00000E+00  0.00000E+00  0.00000E+00  0.00000E+00  0.00000E+00  0.00000E+00  0.00000E+00  0.00000E+00  0.00000E+00  0.00000E+00  0.00000E+00  0.00000E+00  0.00000E+00  0.00000E+00  0.00000E+00  0.00000E+00
 OMEGA(4,2)    0.00000E+00  0.00000E+00  0.00000E+00  0.00000E+00  0.00000E+00  0.00000E+00  0.00000E+00  0.00000E+00  0.00000E+00  0.00000E+00  0.00000E+00  0.00000E+00  0.00000E+00  0.00000E+00  0.00000E+00  0.00000E+00  0.00000E+00  0.00000E+00  0.00000E+00  0.00000E+00  0.00000E+00  0.00000E+00  0.00000E+00  0.00000E+00
 OMEGA(4,3)    5.54879E-02  5.35582E-02 -1.38429E-03 -1.07293E-02 -4.26361E-02  1.94645E-02  0.00000E+00  0.00000E+00 -4.20895E-02  0.00000E+00  0.00000E+00  1.66020E-03  2.13714E-02  0.00000E+00  0.00000E+00  0.00000E+00  0.00000E+00  5.85403E-02  0.00000E+00  0.00000E+00  0.00000E+00  0.00000E+00  4.28402E-02 -8.05500E-02
 OMEGA(4,4)   -1.07250E-02  2.53100E-02 -7.41686E-03  1.91513E-02  7.95564E-03 -1.09427E-02  0.00000E+00  0.00000E+00 -1.20917E-02  0.00000E+00  0.00000E+00  2.13714E-02  2.44641E-03  0.00000E+00  0.00000E+00  0.00000E+00  0.00000E+00  6.11871E-02  0.00000E+00  0.00000E+00  0.00000E+00  0.00000E+00 -2.37726E-02  1.89269E-02
 OMEGA(5,1)    0.00000E+00  0.00000E+00  0.00000E+00  0.00000E+00  0.00000E+00  0.00000E+00  0.00000E+00  0.00000E+00  0.00000E+00  0.00000E+00  0.00000E+00  0.00000E+00  0.00000E+00  0.00000E+00  0.00000E+00  0.00000E+00  0.00000E+00  0.00000E+00  0.00000E+00  0.00000E+00  0.00000E+00  0.00000E+00  0.00000E+00  0.00000E+00
 OMEGA(5,2)    0.00000E+00  0.00000E+00  0.00000E+00  0.00000E+00  0.00000E+00  0.00000E+00  0.00000E+00  0.00000E+00  0.00000E+00  0.00000E+00  0.00000E+00  0.00000E+00  0.00000E+00  0.00000E+00  0.00000E+00  0.00000E+00  0.00000E+00  0.00000E+00  0.00000E+00  0.00000E+00  0.00000E+00  0.00000E+00  0.00000E+00  0.00000E+00
 OMEGA(5,3)    0.00000E+00  0.00000E+00  0.00000E+00  0.00000E+00  0.00000E+00  0.00000E+00  0.00000E+00  0.00000E+00  0.00000E+00  0.00000E+00  0.00000E+00  0.00000E+00  0.00000E+00  0.00000E+00  0.00000E+00  0.00000E+00  0.00000E+00  0.00000E+00  0.00000E+00  0.00000E+00  0.00000E+00  0.00000E+00  0.00000E+00  0.00000E+00
 OMEGA(5,4)    0.00000E+00  0.00000E+00  0.00000E+00  0.00000E+00  0.00000E+00  0.00000E+00  0.00000E+00  0.00000E+00  0.00000E+00  0.00000E+00  0.00000E+00  0.00000E+00  0.00000E+00  0.00000E+00  0.00000E+00  0.00000E+00  0.00000E+00  0.00000E+00  0.00000E+00  0.00000E+00  0.00000E+00  0.00000E+00  0.00000E+00  0.00000E+00
 OMEGA(5,5)    1.34737E-02  2.87328E-01 -2.69042E-02  2.65513E-02  7.14908E-04 -1.48561E-02  0.00000E+00  0.00000E+00  1.26276E-01  0.00000E+00  0.00000E+00  5.85403E-02  6.11871E-02  0.00000E+00  0.00000E+00  0.00000E+00  0.00000E+00  3.31217E-02  0.00000E+00  0.00000E+00  0.00000E+00  0.00000E+00 -6.32669E-01  2.67962E-01
 OMEGA(6,1)    0.00000E+00  0.00000E+00  0.00000E+00  0.00000E+00  0.00000E+00  0.00000E+00  0.00000E+00  0.00000E+00  0.00000E+00  0.00000E+00  0.00000E+00  0.00000E+00  0.00000E+00  0.00000E+00  0.00000E+00  0.00000E+00  0.00000E+00  0.00000E+00  0.00000E+00  0.00000E+00  0.00000E+00  0.00000E+00  0.00000E+00  0.00000E+00
 OMEGA(6,2)    0.00000E+00  0.00000E+00  0.00000E+00  0.00000E+00  0.00000E+00  0.00000E+00  0.00000E+00  0.00000E+00  0.00000E+00  0.00000E+00  0.00000E+00  0.00000E+00  0.00000E+00  0.00000E+00  0.00000E+00  0.00000E+00  0.00000E+00  0.00000E+00  0.00000E+00  0.00000E+00  0.00000E+00  0.00000E+00  0.00000E+00  0.00000E+00
 OMEGA(6,3)    0.00000E+00  0.00000E+00  0.00000E+00  0.00000E+00  0.00000E+00  0.00000E+00  0.00000E+00  0.00000E+00  0.00000E+00  0.00000E+00  0.00000E+00  0.00000E+00  0.00000E+00  0.00000E+00  0.00000E+00  0.00000E+00  0.00000E+00  0.00000E+00  0.00000E+00  0.00000E+00  0.00000E+00  0.00000E+00  0.00000E+00  0.00000E+00
 OMEGA(6,4)    0.00000E+00  0.00000E+00  0.00000E+00  0.00000E+00  0.00000E+00  0.00000E+00  0.00000E+00  0.00000E+00  0.00000E+00  0.00000E+00  0.00000E+00  0.00000E+00  0.00000E+00  0.00000E+00  0.00000E+00  0.00000E+00  0.00000E+00  0.00000E+00  0.00000E+00  0.00000E+00  0.00000E+00  0.00000E+00  0.00000E+00  0.00000E+00
 OMEGA(6,5)    2.64605E-01 -1.95535E-01  9.02852E-03 -1.76128E-02  1.85742E-02  1.21019E-02  0.00000E+00  0.00000E+00 -9.47762E-02  0.00000E+00  0.00000E+00  4.28402E-02 -2.37726E-02  0.00000E+00  0.00000E+00  0.00000E+00  0.00000E+00 -6.32669E-01  0.00000E+00  0.00000E+00  0.00000E+00  0.00000E+00  2.53855E-02 -3.10605E-01
 OMEGA(6,6)   -4.29713E-02  3.42692E-01 -2.88987E-03  1.72097E-02 -1.38106E-02 -3.42560E-02  0.00000E+00  0.00000E+00  5.06475E-02  0.00000E+00  0.00000E+00 -8.05500E-02  1.89269E-02  0.00000E+00  0.00000E+00  0.00000E+00  0.00000E+00  2.67962E-01  0.00000E+00  0.00000E+00  0.00000E+00  0.00000E+00 -3.10605E-01  2.85436E-02
TABLE NO.     2: MCMC Bayesian Analysis: Problem=1 Subproblem=0 Superproblem1=0 Iteration1=0 Superproblem2=0 Iteration2=0
 NAME         THETA1       THETA2       SIGMA(1,1)   OMEGA(1,1)   OMEGA(2,1)   OMEGA(2,2)   OMEGA(3,1)   OMEGA(3,2)   OMEGA(3,3)   OMEGA(4,1)   OMEGA(4,2)   OMEGA(4,3)   OMEGA(4,4)   OMEGA(5,1)   OMEGA(5,2)   OMEGA(5,3)   OMEGA(5,4)   OMEGA(5,5)   OMEGA(6,1)   OMEGA(6,2)   OMEGA(6,3)   OMEGA(6,4)   OMEGA(6,5)   OMEGA(6,6)
 THETA1        6.89101E-02 -2.15482E-01 -1.67598E-02 -4.90975E-04  1.85104E-02 -2.57388E-02  0.00000E+00  0.00000E+00 -2.58765E-02  0.00000E+00  0.00000E+00  3.58589E-03  7.50093E-02  0.00000E+00  0.00000E+00  0.00000E+00  0.00000E+00 -1.90384E-02  0.00000E+00  0.00000E+00  0.00000E+00  0.00000E+00 -4.87804E-02  4.04956E-02
 THETA2       -2.15482E-01  5.95686E-02  3.17523E-02  1.59121E-02 -3.84072E-02  3.16142E-02  0.00000E+00  0.00000E+00  6.80869E-04  0.00000E+00  0.00000E+00  1.99727E-02 -3.14970E-02  0.00000E+00  0.00000E+00  0.00000E+00  0.00000E+00  1.34637E-02  0.00000E+00  0.00000E+00  0.00000E+00  0.00000E+00 -1.92515E-02  5.14054E-02
 SIGMA(1,1)   -1.67598E-02  3.17523E-02  1.37282E-04 -8.81415E-02 -7.57960E-02 -9.98550E-02  0.00000E+00  0.00000E+00  2.83579E-02  0.00000E+00  0.00000E+00  1.21918E-02 -1.01440E-02  0.00000E+00  0.00000E+00  0.00000E+00  0.00000E+00  9.72704E-05  0.00000E+00  0.00000E+00  0.00000E+00  0.00000E+00  1.12097E-02  3.30561E-03
 OMEGA(1,1)   -4.90975E-04  1.59121E-02 -8.81415E-02  3.08674E-04  1.08691E-01  5.53270E-03  0.00000E+00  0.00000E+00 -6.51564E-03  0.00000E+00  0.00000E+00  5.89354E-02 -6.79649E-03  0.00000E+00  0.00000E+00  0.00000E+00  0.00000E+00 -5.21802E-02  0.00000E+00  0.00000E+00  0.00000E+00  0.00000E+00 -2.65257E-03 -3.38955E-04
 OMEGA(2,1)    1.85104E-02 -3.84072E-02 -7.57960E-02  1.08691E-01  2.31391E-04  4.37349E-02  0.00000E+00  0.00000E+00 -7.03656E-02  0.00000E+00  0.00000E+00  3.34060E-02 -5.23650E-04  0.00000E+00  0.00000E+00  0.00000E+00  0.00000E+00  9.98142E-03  0.00000E+00  0.00000E+00  0.00000E+00  0.00000E+00 -4.93384E-02  3.26450E-02
 OMEGA(2,2)   -2.57388E-02  3.16142E-02 -9.98550E-02  5.53270E-03  4.37349E-02  3.51683E-04  0.00000E+00  0.00000E+00  2.40649E-02  0.00000E+00  0.00000E+00  3.04911E-02  6.50770E-03  0.00000E+00  0.00000E+00  0.00000E+00  0.00000E+00 -2.80915E-02  0.00000E+00  0.00000E+00  0.00000E+00  0.00000E+00  6.09852E-03  3.83822E-02
 OMEGA(3,1)    0.00000E+00  0.00000E+00  0.00000E+00  0.00000E+00  0.00000E+00  0.00000E+00  0.00000E+00  0.00000E+00  0.00000E+00  0.00000E+00  0.00000E+00  0.00000E+00  0.00000E+00  0.00000E+00  0.00000E+00  0.00000E+00  0.00000E+00  0.00000E+00  0.00000E+00  0.00000E+00  0.00000E+00  0.00000E+00  0.00000E+00  0.00000E+00
 OMEGA(3,2)    0.00000E+00  0.00000E+00  0.00000E+00  0.00000E+00  0.00000E+00  0.00000E+00  0.00000E+00  0.00000E+00  0.00000E+00  0.00000E+00  0.00000E+00  0.00000E+00  0.00000E+00  0.00000E+00  0.00000E+00  0.00000E+00  0.00000E+00  0.00000E+00  0.00000E+00  0.00000E+00  0.00000E+00  0.00000E+00  0.00000E+00  0.00000E+00
 OMEGA(3,3)   -2.58765E-02  6.80869E-04  2.83579E-02 -6.51564E-03 -7.03656E-02  2.40649E-02  0.00000E+00  0.00000E+00  2.34858E-03  0.00000E+00  0.00000E+00  7.69497E-02 -1.25947E-02  0.00000E+00  0.00000E+00  0.00000E+00  0.00000E+00 -2.26342E-02  0.00000E+00  0.00000E+00  0.00000E+00  0.00000E+00 -5.22365E-03 -3.15751E-02
 OMEGA(4,1)    0.00000E+00  0.00000E+00  0.00000E+00  0.00000E+00  0.00000E+00  0.00000E+00  0.00000E+00  0.00000E+00  0.00000E+00  0.00000E+00  0.00000E+00  0.00000E+00  0.00000E+00  0.00000E+00  0.00000E+00  0.00000E+00  0.00000E+00  0.00000E+00  0.00000E+00  0.00000E+00  0.00000E+00  0.00000E+00  0.00000E+00  0.00000E+00
 OMEGA(4,2)    0.00000E+00  0.00000E+00  0.00000E+00  0.00000E+00  0.00000E+00  0.00000E+00  0.00000E+00  0.00000E+00  0.00000E+00  0.00000E+00  0.00000E+00  0.00000E+00  0.00000E+00  0.00000E+00  0.00000E+00  0.00000E+00  0.00000E+00  0.00000E+00  0.00000E+00  0.00000E+00  0.00000E+00  0.00000E+00  0.00000E+00  0.00000E+00
 OMEGA(4,3)    3.58589E-03  1.99727E-02  1.21918E-02  5.89354E-02  3.34060E-02  3.04911E-02  0.00000E+00  0.00000E+00  7.69497E-02  0.00000E+00  0.00000E+00  1.77416E-03  8.26169E-02  0.00000E+00  0.00000E+00  0.00000E+00  0.00000E+00  1.91201E-02  0.00000E+00  0.00000E+00  0.00000E+00  0.00000E+00 -2.56964E-02 -6.25844E-02
 OMEGA(4,4)    7.50093E-02 -3.14970E-02 -1.01440E-02 -6.79649E-03 -5.23650E-04  6.50770E-03  0.00000E+00  0.00000E+00 -1.25947E-02  0.00000E+00  0.00000E+00  8.26169E-02  2.65726E-03  0.00000E+00  0.00000E+00  0.00000E+00  0.00000E+00  3.02040E-02  0.00000E+00  0.00000E+00  0.00000E+00  0.00000E+00  7.26933E-04  5.13309E-02
 OMEGA(5,1)    0.00000E+00  0.00000E+00  0.00000E+00  0.00000E+00  0.00000E+00  0.00000E+00  0.00000E+00  0.00000E+00  0.00000E+00  0.00000E+00  0.00000E+00  0.00000E+00  0.00000E+00  0.00000E+00  0.00000E+00  0.00000E+00  0.00000E+00  0.00000E+00  0.00000E+00  0.00000E+00  0.00000E+00  0.00000E+00  0.00000E+00  0.00000E+00
 OMEGA(5,2)    0.00000E+00  0.00000E+00  0.00000E+00  0.00000E+00  0.00000E+00  0.00000E+00  0.00000E+00  0.00000E+00  0.00000E+00  0.00000E+00  0.00000E+00  0.00000E+00  0.00000E+00  0.00000E+00  0.00000E+00  0.00000E+00  0.00000E+00  0.00000E+00  0.00000E+00  0.00000E+00  0.00000E+00  0.00000E+00  0.00000E+00  0.00000E+00
 OMEGA(5,3)    0.00000E+00  0.00000E+00  0.00000E+00  0.00000E+00  0.00000E+00  0.00000E+00  0.00000E+00  0.00000E+00  0.00000E+00  0.00000E+00  0.00000E+00  0.00000E+00  0.00000E+00  0.00000E+00  0.00000E+00  0.00000E+00  0.00000E+00  0.00000E+00  0.00000E+00  0.00000E+00  0.00000E+00  0.00000E+00  0.00000E+00  0.00000E+00
 OMEGA(5,4)    0.00000E+00  0.00000E+00  0.00000E+00  0.00000E+00  0.00000E+00  0.00000E+00  0.00000E+00  0.00000E+00  0.00000E+00  0.00000E+00  0.00000E+00  0.00000E+00  0.00000E+00  0.00000E+00  0.00000E+00  0.00000E+00  0.00000E+00  0.00000E+00  0.00000E+00  0.00000E+00  0.00000E+00  0.00000E+00  0.00000E+00  0.00000E+00
 OMEGA(5,5)   -1.90384E-02  1.34637E-02  9.72704E-05 -5.21802E-02  9.98142E-03 -2.80915E-02  0.00000E+00  0.00000E+00 -2.26342E-02  0.00000E+00  0.00000E+00  1.91201E-02  3.02040E-02  0.00000E+00  0.00000E+00  0.00000E+00  0.00000E+00  3.46341E-02  0.00000E+00  0.00000E+00  0.00000E+00  0.00000E+00 -3.42985E-01  8.17364E-02
 OMEGA(6,1)    0.00000E+00  0.00000E+00  0.00000E+00  0.00000E+00  0.00000E+00  0.00000E+00  0.00000E+00  0.00000E+00  0.00000E+00  0.00000E+00  0.00000E+00  0.00000E+00  0.00000E+00  0.00000E+00  0.00000E+00  0.00000E+00  0.00000E+00  0.00000E+00  0.00000E+00  0.00000E+00  0.00000E+00  0.00000E+00  0.00000E+00  0.00000E+00
 OMEGA(6,2)    0.00000E+00  0.00000E+00  0.00000E+00  0.00000E+00  0.00000E+00  0.00000E+00  0.00000E+00  0.00000E+00  0.00000E+00  0.00000E+00  0.00000E+00  0.00000E+00  0.00000E+00  0.00000E+00  0.00000E+00  0.00000E+00  0.00000E+00  0.00000E+00  0.00000E+00  0.00000E+00  0.00000E+00  0.00000E+00  0.00000E+00  0.00000E+00
 OMEGA(6,3)    0.00000E+00  0.00000E+00  0.00000E+00  0.00000E+00  0.00000E+00  0.00000E+00  0.00000E+00  0.00000E+00  0.00000E+00  0.00000E+00  0.00000E+00  0.00000E+00  0.00000E+00  0.00000E+00  0.00000E+00  0.00000E+00  0.00000E+00  0.00000E+00  0.00000E+00  0.00000E+00  0.00000E+00  0.00000E+00  0.00000E+00  0.00000E+00
 OMEGA(6,4)    0.00000E+00  0.00000E+00  0.00000E+00  0.00000E+00  0.00000E+00  0.00000E+00  0.00000E+00  0.00000E+00  0.00000E+00  0.00000E+00  0.00000E+00  0.00000E+00  0.00000E+00  0.00000E+00  0.00000E+00  0.00000E+00  0.00000E+00  0.00000E+00  0.00000E+00  0.00000E+00  0.00000E+00  0.00000E+00  0.00000E+00  0.00000E+00
 OMEGA(6,5)   -4.87804E-02 -1.92515E-02  1.12097E-02 -2.65257E-03 -4.93384E-02  6.09852E-03  0.00000E+00  0.00000E+00 -5.22365E-03  0.00000E+00  0.00000E+00 -2.56964E-02  7.26933E-04  0.00000E+00  0.00000E+00  0.00000E+00  0.00000E+00 -3.42985E-01  0.00000E+00  0.00000E+00  0.00000E+00  0.00000E+00  2.21265E-02 -3.33064E-01
 OMEGA(6,6)    4.04956E-02  5.14054E-02  3.30561E-03 -3.38955E-04  3.26450E-02  3.83822E-02  0.00000E+00  0.00000E+00 -3.15751E-02  0.00000E+00  0.00000E+00 -6.25844E-02  5.13309E-02  0.00000E+00  0.00000E+00  0.00000E+00  0.00000E+00  8.17364E-02  0.00000E+00  0.00000E+00  0.00000E+00  0.00000E+00 -3.33064E-01  2.88151E-02
