TABLE NO.     1: Stochastic Approximation Expectation-Maximization: Problem=1 Subproblem=0 Superproblem1=0 Iteration1=0 Superproblem2=0 Iteration2=0
 NAME         THETA1       THETA2       SIGMA(1,1)   OMEGA(1,1)   OMEGA(2,1)   OMEGA(2,2)   OMEGA(3,1)   OMEGA(3,2)   OMEGA(3,3)   OMEGA(4,1)   OMEGA(4,2)   OMEGA(4,3)   OMEGA(4,4)   OMEGA(5,1)   OMEGA(5,2)   OMEGA(5,3)   OMEGA(5,4)   OMEGA(5,5)   OMEGA(6,1)   OMEGA(6,2)   OMEGA(6,3)   OMEGA(6,4)   OMEGA(6,5)   OMEGA(6,6)
 THETA1        4.81802E-03 -7.00686E-04  2.71714E-08 -3.42218E-07 -5.54008E-09  1.10636E-06  0.00000E+00  0.00000E+00  5.58698E-06  0.00000E+00  0.00000E+00  5.73384E-06 -2.07114E-06  0.00000E+00  0.00000E+00  0.00000E+00  0.00000E+00  3.91896E-05  0.00000E+00  0.00000E+00  0.00000E+00  0.00000E+00  4.57193E-04 -8.64351E-05
 THETA2       -7.00686E-04  4.12055E-03  3.15328E-08  6.70307E-07 -1.64260E-07  2.62447E-07  0.00000E+00  0.00000E+00  2.33857E-05  0.00000E+00  0.00000E+00  6.38373E-06  4.04306E-06  0.00000E+00  0.00000E+00  0.00000E+00  0.00000E+00  6.20510E-04  0.00000E+00  0.00000E+00  0.00000E+00  0.00000E+00 -3.26071E-04  6.30169E-04
 SIGMA(1,1)    2.71714E-08  3.15328E-08  1.64686E-08 -3.45072E-09 -1.20494E-09 -4.47677E-09  0.00000E+00  0.00000E+00  2.43463E-09  0.00000E+00  0.00000E+00  3.14209E-10 -9.62843E-10  0.00000E+00  0.00000E+00  0.00000E+00  0.00000E+00 -1.11574E-07  0.00000E+00  0.00000E+00  0.00000E+00  0.00000E+00  3.02827E-08 -5.82979E-09
 OMEGA(1,1)   -3.42218E-07  6.70307E-07 -3.45072E-09  9.47453E-08  7.60347E-09 -1.02507E-09  0.00000E+00  0.00000E+00  1.98484E-08  0.00000E+00  0.00000E+00 -5.00167E-09  1.37322E-08  0.00000E+00  0.00000E+00  0.00000E+00  0.00000E+00  2.96656E-07  0.00000E+00  0.00000E+00  0.00000E+00  0.00000E+00 -1.56511E-07  1.47350E-07
 OMEGA(2,1)   -5.54008E-09 -1.64260E-07 -1.20494E-09  7.60347E-09  5.35843E-08 -7.70610E-11  0.00000E+00  0.00000E+00  4.85706E-09  0.00000E+00  0.00000E+00 -1.59618E-08  3.54016E-09  0.00000E+00  0.00000E+00  0.00000E+00  0.00000E+00  3.36264E-09  0.00000E+00  0.00000E+00  0.00000E+00  0.00000E+00  1.24343E-07 -1.02207E-07
 OMEGA(2,2)    1.10636E-06  2.62447E-07 -4.47677E-09 -1.02507E-09 -7.70610E-11  1.19969E-07  0.00000E+00  0.00000E+00 -8.52020E-09  0.00000E+00  0.00000E+00  1.08171E-08 -9.55248E-09  0.00000E+00  0.00000E+00  0.00000E+00  0.00000E+00 -1.50514E-07  0.00000E+00  0.00000E+00  0.00000E+00  0.00000E+00  1.15817E-07 -3.19919E-07
 OMEGA(3,1)    0.00000E+00  0.00000E+00  0.00000E+00  0.00000E+00  0.00000E+00  0.00000E+00  0.00000E+00  0.00000E+00  0.00000E+00  0.00000E+00  0.00000E+00  0.00000E+00  0.00000E+00  0.00000E+00  0.00000E+00  0.00000E+00  0.00000E+00  0.00000E+00  0.00000E+00  0.00000E+00  0.00000E+00  0.00000E+00  0.00000E+00  0.00000E+00
 OMEGA(3,2)    0.00000E+00  0.00000E+00  0.00000E+00  0.00000E+00  0.00000E+00  0.00000E+00  0.00000E+00  0.00000E+00  0.00000E+00  0.00000E+00  0.00000E+00  0.00000E+00  0.00000E+00  0.00000E+00  0.00000E+00  0.00000E+00  0.00000E+00  0.00000E+00  0.00000E+00  0.00000E+00  0.00000E+00  0.00000E+00  0.00000E+00  0.00000E+00
 OMEGA(3,3)    5.58698E-06  2.33857E-05  2.43463E-09  1.98484E-08  4.85706E-09 -8.52020E-09  0.00000E+00  0.00000E+00  4.52835E-06  0.00000E+00  0.00000E+00 -2.46753E-07 -7.20359E-08  0.00000E+00  0.00000E+00  0.00000E+00  0.00000E+00  9.16561E-06  0.00000E+00  0.00000E+00  0.00000E+00  0.00000E+00 -5.29078E-06  3.05629E-06
 OMEGA(4,1)    0.00000E+00  0.00000E+00  0.00000E+00  0.00000E+00  0.00000E+00  0.00000E+00  0.00000E+00  0.00000E+00  0.00000E+00  0.00000E+00  0.00000E+00  0.00000E+00  0.00000E+00  0.00000E+00  0.00000E+00  0.00000E+00  0.00000E+00  0.00000E+00  0.00000E+00  0.00000E+00  0.00000E+00  0.00000E+00  0.00000E+00  0.00000E+00
 OMEGA(4,2)    0.00000E+00  0.00000E+00  0.00000E+00  0.00000E+00  0.00000E+00  0.00000E+00  0.00000E+00  0.00000E+00  0.00000E+00  0.00000E+00  0.00000E+00  0.00000E+00  0.00000E+00  0.00000E+00  0.00000E+00  0.00000E+00  0.00000E+00  0.00000E+00  0.00000E+00  0.00000E+00  0.00000E+00  0.00000E+00  0.00000E+00  0.00000E+00
 OMEGA(4,3)    5.73384E-06  6.38373E-06  3.14209E-10 -5.00167E-09 -1.59618E-08  1.08171E-08  0.00000E+00  0.00000E+00 -2.46753E-07  0.00000E+00  0.00000E+00  2.81758E-06 -2.17011E-09  0.00000E+00  0.00000E+00  0.00000E+00  0.00000E+00  3.36034E-06  0.00000E+00  0.00000E+00  0.00000E+00  0.00000E+00  1.77406E-06 -3.91629E-06
 OMEGA(4,4)   -2.07114E-06  4.04306E-06 -9.62843E-10  1.37322E-08  3.54016E-09 -9.55248E-09  0.00000E+00  0.00000E+00 -7.20359E-08  0.00000E+00  0.00000E+00 -2.17011E-09  6.05238E-06  0.00000E+00  0.00000E+00  0.00000E+00  0.00000E+00  4.99029E-06  0.00000E+00  0.00000E+00  0.00000E+00  0.00000E+00 -1.45431E-06  1.26148E-06
 OMEGA(5,1)    0.00000E+00  0.00000E+00  0.00000E+00  0.00000E+00  0.00000E+00  0.00000E+00  0.00000E+00  0.00000E+00  0.00000E+00  0.00000E+00  0.00000E+00  0.00000E+00  0.00000E+00  0.00000E+00  0.00000E+00  0.00000E+00  0.00000E+00  0.00000E+00  0.00000E+00  0.00000E+00  0.00000E+00  0.00000E+00  0.00000E+00  0.00000E+00
 OMEGA(5,2)    0.00000E+00  0.00000E+00  0.00000E+00  0.00000E+00  0.00000E+00  0.00000E+00  0.00000E+00  0.00000E+00  0.00000E+00  0.00000E+00  0.00000E+00  0.00000E+00  0.00000E+00  0.00000E+00  0.00000E+00  0.00000E+00  0.00000E+00  0.00000E+00  0.00000E+00  0.00000E+00  0.00000E+00  0.00000E+00  0.00000E+00  0.00000E+00
 OMEGA(5,3)    0.00000E+00  0.00000E+00  0.00000E+00  0.00000E+00  0.00000E+00  0.00000E+00  0.00000E+00  0.00000E+00  0.00000E+00  0.00000E+00  0.00000E+00  0.00000E+00  0.00000E+00  0.00000E+00  0.00000E+00  0.00000E+00  0.00000E+00  0.00000E+00  0.00000E+00  0.00000E+00  0.00000E+00  0.00000E+00  0.00000E+00  0.00000E+00
 OMEGA(5,4)    0.00000E+00  0.00000E+00  0.00000E+00  0.00000E+00  0.00000E+00  0.00000E+00  0.00000E+00  0.00000E+00  0.00000E+00  0.00000E+00  0.00000E+00  0.00000E+00  0.00000E+00  0.00000E+00  0.00000E+00  0.00000E+00  0.00000E+00  0.00000E+00  0.00000E+00  0.00000E+00  0.00000E+00  0.00000E+00  0.00000E+00  0.00000E+00
 OMEGA(5,5)    3.91896E-05  6.20510E-04 -1.11574E-07  2.96656E-07  3.36264E-09 -1.50514E-07  0.00000E+00  0.00000E+00  9.16561E-06  0.00000E+00  0.00000E+00  3.36034E-06  4.99029E-06  0.00000E+00  0.00000E+00  0.00000E+00  0.00000E+00  1.15812E-03  0.00000E+00  0.00000E+00  0.00000E+00  0.00000E+00 -5.65754E-04  2.66113E-04
 OMEGA(6,1)    0.00000E+00  0.00000E+00  0.00000E+00  0.00000E+00  0.00000E+00  0.00000E+00  0.00000E+00  0.00000E+00  0.00000E+00  0.00000E+00  0.00000E+00  0.00000E+00  0.00000E+00  0.00000E+00  0.00000E+00  0.00000E+00  0.00000E+00  0.00000E+00  0.00000E+00  0.00000E+00  0.00000E+00  0.00000E+00  0.00000E+00  0.00000E+00
 OMEGA(6,2)    0.00000E+00  0.00000E+00  0.00000E+00  0.00000E+00  0.00000E+00  0.00000E+00  0.00000E+00  0.00000E+00  0.00000E+00  0.00000E+00  0.00000E+00  0.00000E+00  0.00000E+00  0.00000E+00  0.00000E+00  0.00000E+00  0.00000E+00  0.00000E+00  0.00000E+00  0.00000E+00  0.00000E+00  0.00000E+00  0.00000E+00  0.00000E+00
 OMEGA(6,3)    0.00000E+00  0.00000E+00  0.00000E+00  0.00000E+00  0.00000E+00  0.00000E+00  0.00000E+00  0.00000E+00  0.00000E+00  0.00000E+00  0.00000E+00  0.00000E+00  0.00000E+00  0.00000E+00  0.00000E+00  0.00000E+00  0.00000E+00  0.00000E+00  0.00000E+00  0.00000E+00  0.00000E+00  0.00000E+00  0.00000E+00  0.00000E+00
 OMEGA(6,4)    0.00000E+00  0.00000E+00  0.00000E+00  0.00000E+00  0.00000E+00  0.00000E+00  0.00000E+00  0.00000E+00  0.00000E+00  0.00000E+00  0.00000E+00  0.00000E+00  0.00000E+00  0.00000E+00  0.00000E+00  0.00000E+00  0.00000E+00  0.00000E+00  0.00000E+00  0.00000E+00  0.00000E+00  0.00000E+00  0.00000E+00  0.00000E+00
 OMEGA(6,5)    4.57193E-04 -3.26071E-04  3.02827E-08 -1.56511E-07  1.24343E-07  1.15817E-07  0.00000E+00  0.00000E+00 -5.29078E-06  0.00000E+00  0.00000E+00  1.77406E-06 -1.45431E-06  0.00000E+00  0.00000E+00  0.00000E+00  0.00000E+00 -5.65754E-04  0.00000E+00  0.00000E+00  0.00000E+00  0.00000E+00  6.66494E-04 -2.40808E-04
 OMEGA(6,6)   -8.64351E-05  6.30169E-04 -5.82979E-09  1.47350E-07 -1.02207E-07 -3.19919E-07  0.00000E+00  0.00000E+00  3.05629E-06  0.00000E+00  0.00000E+00 -3.91629E-06  1.26148E-06  0.00000E+00  0.00000E+00  0.00000E+00  0.00000E+00  2.66113E-04  0.00000E+00  0.00000E+00  0.00000E+00  0.00000E+00 -2.40808E-04  8.28801E-04
TABLE NO.     2: Objective Function Evaluation by Importance Sampling: Problem=1 Subproblem=0 Superproblem1=0 Iteration1=0 Superproblem2=0 Iteration2=0
 NAME         THETA1       THETA2       SIGMA(1,1)   OMEGA(1,1)   OMEGA(2,1)   OMEGA(2,2)   OMEGA(3,1)   OMEGA(3,2)   OMEGA(3,3)   OMEGA(4,1)   OMEGA(4,2)   OMEGA(4,3)   OMEGA(4,4)   OMEGA(5,1)   OMEGA(5,2)   OMEGA(5,3)   OMEGA(5,4)   OMEGA(5,5)   OMEGA(6,1)   OMEGA(6,2)   OMEGA(6,3)   OMEGA(6,4)   OMEGA(6,5)   OMEGA(6,6)
 THETA1        4.76246E-03 -7.02379E-04  3.73551E-08 -3.43737E-07  3.21070E-08  1.05326E-06  0.00000E+00  0.00000E+00  5.08417E-06  0.00000E+00  0.00000E+00  5.28881E-06 -1.79226E-06  0.00000E+00  0.00000E+00  0.00000E+00  0.00000E+00  4.18736E-05  0.00000E+00  0.00000E+00  0.00000E+00  0.00000E+00  4.28210E-04 -8.29070E-05
 THETA2       -7.02379E-04  4.04082E-03  5.03604E-08  4.97699E-07 -1.75583E-07  8.08088E-08  0.00000E+00  0.00000E+00  2.19088E-05  0.00000E+00  0.00000E+00  6.63124E-06  2.41004E-06  0.00000E+00  0.00000E+00  0.00000E+00  0.00000E+00  5.31704E-04  0.00000E+00  0.00000E+00  0.00000E+00  0.00000E+00 -2.75240E-04  5.45715E-04
 SIGMA(1,1)    3.73551E-08  5.03604E-08  1.60649E-08 -3.29239E-09 -1.20825E-09 -4.15569E-09  0.00000E+00  0.00000E+00  2.28754E-09  0.00000E+00  0.00000E+00  2.65719E-10 -1.59293E-09  0.00000E+00  0.00000E+00  0.00000E+00  0.00000E+00 -8.44560E-08  0.00000E+00  0.00000E+00  0.00000E+00  0.00000E+00  2.14666E-08  6.85880E-09
 OMEGA(1,1)   -3.43737E-07  4.97699E-07 -3.29239E-09  9.72722E-08  7.20787E-09  2.04555E-10  0.00000E+00  0.00000E+00  1.65124E-08  0.00000E+00  0.00000E+00 -5.36619E-09  1.41412E-08  0.00000E+00  0.00000E+00  0.00000E+00  0.00000E+00  1.30619E-07  0.00000E+00  0.00000E+00  0.00000E+00  0.00000E+00 -7.58679E-08 -2.84384E-08
 OMEGA(2,1)    3.21070E-08 -1.75583E-07 -1.20825E-09  7.20787E-09  5.47330E-08  5.91920E-09  0.00000E+00  0.00000E+00  3.46620E-09  0.00000E+00  0.00000E+00 -1.64213E-08  3.84893E-09  0.00000E+00  0.00000E+00  0.00000E+00  0.00000E+00 -6.78844E-09  0.00000E+00  0.00000E+00  0.00000E+00  0.00000E+00  1.13990E-07 -1.13757E-07
 OMEGA(2,2)    1.05326E-06  8.08088E-08 -4.15569E-09  2.04555E-10  5.91920E-09  1.18768E-07  0.00000E+00  0.00000E+00 -8.17875E-09  0.00000E+00  0.00000E+00  1.02418E-08 -1.02871E-08  0.00000E+00  0.00000E+00  0.00000E+00  0.00000E+00 -3.32439E-07  0.00000E+00  0.00000E+00  0.00000E+00  0.00000E+00  1.81810E-07 -4.68639E-07
 OMEGA(3,1)    0.00000E+00  0.00000E+00  0.00000E+00  0.00000E+00  0.00000E+00  0.00000E+00  0.00000E+00  0.00000E+00  0.00000E+00  0.00000E+00  0.00000E+00  0.00000E+00  0.00000E+00  0.00000E+00  0.00000E+00  0.00000E+00  0.00000E+00  0.00000E+00  0.00000E+00  0.00000E+00  0.00000E+00  0.00000E+00  0.00000E+00  0.00000E+00
 OMEGA(3,2)    0.00000E+00  0.00000E+00  0.00000E+00  0.00000E+00  0.00000E+00  0.00000E+00  0.00000E+00  0.00000E+00  0.00000E+00  0.00000E+00  0.00000E+00  0.00000E+00  0.00000E+00  0.00000E+00  0.00000E+00  0.00000E+00  0.00000E+00  0.00000E+00  0.00000E+00  0.00000E+00  0.00000E+00  0.00000E+00  0.00000E+00  0.00000E+00
 OMEGA(3,3)    5.08417E-06  2.19088E-05  2.28754E-09  1.65124E-08  3.46620E-09 -8.17875E-09  0.00000E+00  0.00000E+00  4.48255E-06  0.00000E+00  0.00000E+00 -2.27433E-07 -8.95995E-08  0.00000E+00  0.00000E+00  0.00000E+00  0.00000E+00  7.21363E-06  0.00000E+00  0.00000E+00  0.00000E+00  0.00000E+00 -4.22345E-06  1.71301E-06
 OMEGA(4,1)    0.00000E+00  0.00000E+00  0.00000E+00  0.00000E+00  0.00000E+00  0.00000E+00  0.00000E+00  0.00000E+00  0.00000E+00  0.00000E+00  0.00000E+00  0.00000E+00  0.00000E+00  0.00000E+00  0.00000E+00  0.00000E+00  0.00000E+00  0.00000E+00  0.00000E+00  0.00000E+00  0.00000E+00  0.00000E+00  0.00000E+00  0.00000E+00
 OMEGA(4,2)    0.00000E+00  0.00000E+00  0.00000E+00  0.00000E+00  0.00000E+00  0.00000E+00  0.00000E+00  0.00000E+00  0.00000E+00  0.00000E+00  0.00000E+00  0.00000E+00  0.00000E+00  0.00000E+00  0.00000E+00  0.00000E+00  0.00000E+00  0.00000E+00  0.00000E+00  0.00000E+00  0.00000E+00  0.00000E+00  0.00000E+00  0.00000E+00
 OMEGA(4,3)    5.28881E-06  6.63124E-06  2.65719E-10 -5.36619E-09 -1.64213E-08  1.02418E-08  0.00000E+00  0.00000E+00 -2.27433E-07  0.00000E+00  0.00000E+00  2.80845E-06  1.01440E-08  0.00000E+00  0.00000E+00  0.00000E+00  0.00000E+00  3.32132E-06  0.00000E+00  0.00000E+00  0.00000E+00  0.00000E+00  1.64924E-06 -3.56234E-06
 OMEGA(4,4)   -1.79226E-06  2.41004E-06 -1.59293E-09  1.41412E-08  3.84893E-09 -1.02871E-08  0.00000E+00  0.00000E+00 -8.95995E-08  0.00000E+00  0.00000E+00  1.01440E-08  6.07001E-06  0.00000E+00  0.00000E+00  0.00000E+00  0.00000E+00  3.62283E-06  0.00000E+00  0.00000E+00  0.00000E+00  0.00000E+00 -7.89561E-07  1.43380E-07
 OMEGA(5,1)    0.00000E+00  0.00000E+00  0.00000E+00  0.00000E+00  0.00000E+00  0.00000E+00  0.00000E+00  0.00000E+00  0.00000E+00  0.00000E+00  0.00000E+00  0.00000E+00  0.00000E+00  0.00000E+00  0.00000E+00  0.00000E+00  0.00000E+00  0.00000E+00  0.00000E+00  0.00000E+00  0.00000E+00  0.00000E+00  0.00000E+00  0.00000E+00
 OMEGA(5,2)    0.00000E+00  0.00000E+00  0.00000E+00  0.00000E+00  0.00000E+00  0.00000E+00  0.00000E+00  0.00000E+00  0.00000E+00  0.00000E+00  0.00000E+00  0.00000E+00  0.00000E+00  0.00000E+00  0.00000E+00  0.00000E+00  0.00000E+00  0.00000E+00  0.00000E+00  0.00000E+00  0.00000E+00  0.00000E+00  0.00000E+00  0.00000E+00
 OMEGA(5,3)    0.00000E+00  0.00000E+00  0.00000E+00  0.00000E+00  0.00000E+00  0.00000E+00  0.00000E+00  0.00000E+00  0.00000E+00  0.00000E+00  0.00000E+00  0.00000E+00  0.00000E+00  0.00000E+00  0.00000E+00  0.00000E+00  0.00000E+00  0.00000E+00  0.00000E+00  0.00000E+00  0.00000E+00  0.00000E+00  0.00000E+00  0.00000E+00
 OMEGA(5,4)    0.00000E+00  0.00000E+00  0.00000E+00  0.00000E+00  0.00000E+00  0.00000E+00  0.00000E+00  0.00000E+00  0.00000E+00  0.00000E+00  0.00000E+00  0.00000E+00  0.00000E+00  0.00000E+00  0.00000E+00  0.00000E+00  0.00000E+00  0.00000E+00  0.00000E+00  0.00000E+00  0.00000E+00  0.00000E+00  0.00000E+00  0.00000E+00
 OMEGA(5,5)    4.18736E-05  5.31704E-04 -8.44560E-08  1.30619E-07 -6.78844E-09 -3.32439E-07  0.00000E+00  0.00000E+00  7.21363E-06  0.00000E+00  0.00000E+00  3.32132E-06  3.62283E-06  0.00000E+00  0.00000E+00  0.00000E+00  0.00000E+00  1.03818E-03  0.00000E+00  0.00000E+00  0.00000E+00  0.00000E+00 -4.93950E-04  2.03394E-04
 OMEGA(6,1)    0.00000E+00  0.00000E+00  0.00000E+00  0.00000E+00  0.00000E+00  0.00000E+00  0.00000E+00  0.00000E+00  0.00000E+00  0.00000E+00  0.00000E+00  0.00000E+00  0.00000E+00  0.00000E+00  0.00000E+00  0.00000E+00  0.00000E+00  0.00000E+00  0.00000E+00  0.00000E+00  0.00000E+00  0.00000E+00  0.00000E+00  0.00000E+00
 OMEGA(6,2)    0.00000E+00  0.00000E+00  0.00000E+00  0.00000E+00  0.00000E+00  0.00000E+00  0.00000E+00  0.00000E+00  0.00000E+00  0.00000E+00  0.00000E+00  0.00000E+00  0.00000E+00  0.00000E+00  0.00000E+00  0.00000E+00  0.00000E+00  0.00000E+00  0.00000E+00  0.00000E+00  0.00000E+00  0.00000E+00  0.00000E+00  0.00000E+00
 OMEGA(6,3)    0.00000E+00  0.00000E+00  0.00000E+00  0.00000E+00  0.00000E+00  0.00000E+00  0.00000E+00  0.00000E+00  0.00000E+00  0.00000E+00  0.00000E+00  0.00000E+00  0.00000E+00  0.00000E+00  0.00000E+00  0.00000E+00  0.00000E+00  0.00000E+00  0.00000E+00  0.00000E+00  0.00000E+00  0.00000E+00  0.00000E+00  0.00000E+00
 OMEGA(6,4)    0.00000E+00  0.00000E+00  0.00000E+00  0.00000E+00  0.00000E+00  0.00000E+00  0.00000E+00  0.00000E+00  0.00000E+00  0.00000E+00  0.00000E+00  0.00000E+00  0.00000E+00  0.00000E+00  0.00000E+00  0.00000E+00  0.00000E+00  0.00000E+00  0.00000E+00  0.00000E+00  0.00000E+00  0.00000E+00  0.00000E+00  0.00000E+00
 OMEGA(6,5)    4.28210E-04 -2.75240E-04  2.14666E-08 -7.58679E-08  1.13990E-07  1.81810E-07  0.00000E+00  0.00000E+00 -4.22345E-06  0.00000E+00  0.00000E+00  1.64924E-06 -7.89561E-07  0.00000E+00  0.00000E+00  0.00000E+00  0.00000E+00 -4.93950E-04  0.00000E+00  0.00000E+00  0.00000E+00  0.00000E+00  6.05559E-04 -2.04203E-04
 OMEGA(6,6)   -8.29070E-05  5.45715E-04  6.85880E-09 -2.84384E-08 -1.13757E-07 -4.68639E-07  0.00000E+00  0.00000E+00  1.71301E-06  0.00000E+00  0.00000E+00 -3.56234E-06  1.43380E-07  0.00000E+00  0.00000E+00  0.00000E+00  0.00000E+00  2.03394E-04  0.00000E+00  0.00000E+00  0.00000E+00  0.00000E+00 -2.04203E-04  7.52066E-04
