TABLE NO.     1: Iterative Two Stage: Problem=1 Subproblem=0 Superproblem1=0 Iteration1=0 Superproblem2=0 Iteration2=0
 NAME         THETA1       THETA2       SIGMA(1,1)   OMEGA(1,1)   OMEGA(2,1)   OMEGA(2,2)   OMEGA(3,1)   OMEGA(3,2)   OMEGA(3,3)   OMEGA(4,1)   OMEGA(4,2)   OMEGA(4,3)   OMEGA(4,4)   OMEGA(5,1)   OMEGA(5,2)   OMEGA(5,3)   OMEGA(5,4)   OMEGA(5,5)   OMEGA(6,1)   OMEGA(6,2)   OMEGA(6,3)   OMEGA(6,4)   OMEGA(6,5)   OMEGA(6,6)
 THETA1        2.51669E+02  5.30479E+01 -2.13756E+03  3.42603E+02  4.17839E+02 -2.64028E+03  0.00000E+00  0.00000E+00 -5.45749E+02  0.00000E+00  0.00000E+00 -3.61837E+02  1.12198E+02  0.00000E+00  0.00000E+00  0.00000E+00  0.00000E+00 -1.75461E+02  0.00000E+00  0.00000E+00  0.00000E+00  0.00000E+00 -3.18844E+02 -4.91717E+01
 THETA2        5.30479E+01  3.10423E+02 -2.70503E+03 -1.30204E+03  8.09897E+02 -1.97792E+03  0.00000E+00  0.00000E+00 -1.44228E+03  0.00000E+00  0.00000E+00 -8.68468E+02 -3.93679E+01  0.00000E+00  0.00000E+00  0.00000E+00  0.00000E+00 -1.59399E+02  0.00000E+00  0.00000E+00  0.00000E+00  0.00000E+00 -9.84332E+01 -2.09951E+02
 SIGMA(1,1)   -2.13756E+03 -2.70503E+03  6.11189E+07  1.23818E+06  2.73642E+05  1.27908E+06  0.00000E+00  0.00000E+00 -3.01069E+04  0.00000E+00  0.00000E+00 -1.18278E+03  1.57095E+04  0.00000E+00  0.00000E+00  0.00000E+00  0.00000E+00  1.09326E+04  0.00000E+00  0.00000E+00  0.00000E+00  0.00000E+00  6.77960E+03  1.53474E+03
 OMEGA(1,1)    3.42603E+02 -1.30204E+03  1.23818E+06  1.09211E+07 -1.45527E+06  2.25096E+05  0.00000E+00  0.00000E+00 -3.35619E+04  0.00000E+00  0.00000E+00  1.42610E+04 -2.25217E+04  0.00000E+00  0.00000E+00  0.00000E+00  0.00000E+00 -1.40561E+03  0.00000E+00  0.00000E+00  0.00000E+00  0.00000E+00 -7.15056E+01 -3.80574E+02
 OMEGA(2,1)    4.17839E+02  8.09897E+02  2.73642E+05 -1.45527E+06  1.95178E+07 -6.86923E+03  0.00000E+00  0.00000E+00 -1.36335E+04  0.00000E+00  0.00000E+00  1.20019E+05 -1.18967E+04  0.00000E+00  0.00000E+00  0.00000E+00  0.00000E+00 -3.98808E+03  0.00000E+00  0.00000E+00  0.00000E+00  0.00000E+00 -6.57003E+03  1.89771E+03
 OMEGA(2,2)   -2.64028E+03 -1.97792E+03  1.27908E+06  2.25096E+05 -6.86923E+03  8.61708E+06  0.00000E+00  0.00000E+00  2.09380E+04  0.00000E+00  0.00000E+00 -2.33290E+04  1.14410E+04  0.00000E+00  0.00000E+00  0.00000E+00  0.00000E+00  3.36673E+03  0.00000E+00  0.00000E+00  0.00000E+00  0.00000E+00  4.16106E+03  4.65972E+03
 OMEGA(3,1)    0.00000E+00  0.00000E+00  0.00000E+00  0.00000E+00  0.00000E+00  0.00000E+00  0.00000E+00  0.00000E+00  0.00000E+00  0.00000E+00  0.00000E+00  0.00000E+00  0.00000E+00  0.00000E+00  0.00000E+00  0.00000E+00  0.00000E+00  0.00000E+00  0.00000E+00  0.00000E+00  0.00000E+00  0.00000E+00  0.00000E+00  0.00000E+00
 OMEGA(3,2)    0.00000E+00  0.00000E+00  0.00000E+00  0.00000E+00  0.00000E+00  0.00000E+00  0.00000E+00  0.00000E+00  0.00000E+00  0.00000E+00  0.00000E+00  0.00000E+00  0.00000E+00  0.00000E+00  0.00000E+00  0.00000E+00  0.00000E+00  0.00000E+00  0.00000E+00  0.00000E+00  0.00000E+00  0.00000E+00  0.00000E+00  0.00000E+00
 OMEGA(3,3)   -5.45749E+02 -1.44228E+03 -3.01069E+04 -3.35619E+04 -1.36335E+04  2.09380E+04  0.00000E+00  0.00000E+00  2.42827E+05  0.00000E+00  0.00000E+00  1.80155E+04  3.90710E+03  0.00000E+00  0.00000E+00  0.00000E+00  0.00000E+00 -8.10581E+02  0.00000E+00  0.00000E+00  0.00000E+00  0.00000E+00  1.13143E+03  8.10944E+02
 OMEGA(4,1)    0.00000E+00  0.00000E+00  0.00000E+00  0.00000E+00  0.00000E+00  0.00000E+00  0.00000E+00  0.00000E+00  0.00000E+00  0.00000E+00  0.00000E+00  0.00000E+00  0.00000E+00  0.00000E+00  0.00000E+00  0.00000E+00  0.00000E+00  0.00000E+00  0.00000E+00  0.00000E+00  0.00000E+00  0.00000E+00  0.00000E+00  0.00000E+00
 OMEGA(4,2)    0.00000E+00  0.00000E+00  0.00000E+00  0.00000E+00  0.00000E+00  0.00000E+00  0.00000E+00  0.00000E+00  0.00000E+00  0.00000E+00  0.00000E+00  0.00000E+00  0.00000E+00  0.00000E+00  0.00000E+00  0.00000E+00  0.00000E+00  0.00000E+00  0.00000E+00  0.00000E+00  0.00000E+00  0.00000E+00  0.00000E+00  0.00000E+00
 OMEGA(4,3)   -3.61837E+02 -8.68468E+02 -1.18278E+03  1.42610E+04  1.20019E+05 -2.33290E+04  0.00000E+00  0.00000E+00  1.80155E+04  0.00000E+00  0.00000E+00  3.75047E+05 -4.05694E+03  0.00000E+00  0.00000E+00  0.00000E+00  0.00000E+00 -2.37756E+03  0.00000E+00  0.00000E+00  0.00000E+00  0.00000E+00 -2.20764E+03  2.45782E+03
 OMEGA(4,4)    1.12198E+02 -3.93679E+01  1.57095E+04 -2.25217E+04 -1.18967E+04  1.14410E+04  0.00000E+00  0.00000E+00  3.90710E+03  0.00000E+00  0.00000E+00 -4.05694E+03  1.68074E+05  0.00000E+00  0.00000E+00  0.00000E+00  0.00000E+00 -9.82372E+02  0.00000E+00  0.00000E+00  0.00000E+00  0.00000E+00 -5.22726E+02 -9.55265E+01
 OMEGA(5,1)    0.00000E+00  0.00000E+00  0.00000E+00  0.00000E+00  0.00000E+00  0.00000E+00  0.00000E+00  0.00000E+00  0.00000E+00  0.00000E+00  0.00000E+00  0.00000E+00  0.00000E+00  0.00000E+00  0.00000E+00  0.00000E+00  0.00000E+00  0.00000E+00  0.00000E+00  0.00000E+00  0.00000E+00  0.00000E+00  0.00000E+00  0.00000E+00
 OMEGA(5,2)    0.00000E+00  0.00000E+00  0.00000E+00  0.00000E+00  0.00000E+00  0.00000E+00  0.00000E+00  0.00000E+00  0.00000E+00  0.00000E+00  0.00000E+00  0.00000E+00  0.00000E+00  0.00000E+00  0.00000E+00  0.00000E+00  0.00000E+00  0.00000E+00  0.00000E+00  0.00000E+00  0.00000E+00  0.00000E+00  0.00000E+00  0.00000E+00
 OMEGA(5,3)    0.00000E+00  0.00000E+00  0.00000E+00  0.00000E+00  0.00000E+00  0.00000E+00  0.00000E+00  0.00000E+00  0.00000E+00  0.00000E+00  0.00000E+00  0.00000E+00  0.00000E+00  0.00000E+00  0.00000E+00  0.00000E+00  0.00000E+00  0.00000E+00  0.00000E+00  0.00000E+00  0.00000E+00  0.00000E+00  0.00000E+00  0.00000E+00
 OMEGA(5,4)    0.00000E+00  0.00000E+00  0.00000E+00  0.00000E+00  0.00000E+00  0.00000E+00  0.00000E+00  0.00000E+00  0.00000E+00  0.00000E+00  0.00000E+00  0.00000E+00  0.00000E+00  0.00000E+00  0.00000E+00  0.00000E+00  0.00000E+00  0.00000E+00  0.00000E+00  0.00000E+00  0.00000E+00  0.00000E+00  0.00000E+00  0.00000E+00
 OMEGA(5,5)   -1.75461E+02 -1.59399E+02  1.09326E+04 -1.40561E+03 -3.98808E+03  3.36673E+03  0.00000E+00  0.00000E+00 -8.10581E+02  0.00000E+00  0.00000E+00 -2.37756E+03 -9.82372E+02  0.00000E+00  0.00000E+00  0.00000E+00  0.00000E+00  1.74905E+03  0.00000E+00  0.00000E+00  0.00000E+00  0.00000E+00  1.47549E+03 -3.71283E+01
 OMEGA(6,1)    0.00000E+00  0.00000E+00  0.00000E+00  0.00000E+00  0.00000E+00  0.00000E+00  0.00000E+00  0.00000E+00  0.00000E+00  0.00000E+00  0.00000E+00  0.00000E+00  0.00000E+00  0.00000E+00  0.00000E+00  0.00000E+00  0.00000E+00  0.00000E+00  0.00000E+00  0.00000E+00  0.00000E+00  0.00000E+00  0.00000E+00  0.00000E+00
 OMEGA(6,2)    0.00000E+00  0.00000E+00  0.00000E+00  0.00000E+00  0.00000E+00  0.00000E+00  0.00000E+00  0.00000E+00  0.00000E+00  0.00000E+00  0.00000E+00  0.00000E+00  0.00000E+00  0.00000E+00  0.00000E+00  0.00000E+00  0.00000E+00  0.00000E+00  0.00000E+00  0.00000E+00  0.00000E+00  0.00000E+00  0.00000E+00  0.00000E+00
 OMEGA(6,3)    0.00000E+00  0.00000E+00  0.00000E+00  0.00000E+00  0.00000E+00  0.00000E+00  0.00000E+00  0.00000E+00  0.00000E+00  0.00000E+00  0.00000E+00  0.00000E+00  0.00000E+00  0.00000E+00  0.00000E+00  0.00000E+00  0.00000E+00  0.00000E+00  0.00000E+00  0.00000E+00  0.00000E+00  0.00000E+00  0.00000E+00  0.00000E+00
 OMEGA(6,4)    0.00000E+00  0.00000E+00  0.00000E+00  0.00000E+00  0.00000E+00  0.00000E+00  0.00000E+00  0.00000E+00  0.00000E+00  0.00000E+00  0.00000E+00  0.00000E+00  0.00000E+00  0.00000E+00  0.00000E+00  0.00000E+00  0.00000E+00  0.00000E+00  0.00000E+00  0.00000E+00  0.00000E+00  0.00000E+00  0.00000E+00  0.00000E+00
 OMEGA(6,5)   -3.18844E+02 -9.84332E+01  6.77960E+03 -7.15056E+01 -6.57003E+03  4.16106E+03  0.00000E+00  0.00000E+00  1.13143E+03  0.00000E+00  0.00000E+00 -2.20764E+03 -5.22726E+02  0.00000E+00  0.00000E+00  0.00000E+00  0.00000E+00  1.47549E+03  0.00000E+00  0.00000E+00  0.00000E+00  0.00000E+00  3.11491E+03  4.31763E+02
 OMEGA(6,6)   -4.91717E+01 -2.09951E+02  1.53474E+03 -3.80574E+02  1.89771E+03  4.65972E+03  0.00000E+00  0.00000E+00  8.10944E+02  0.00000E+00  0.00000E+00  2.45782E+03 -9.55265E+01  0.00000E+00  0.00000E+00  0.00000E+00  0.00000E+00 -3.71283E+01  0.00000E+00  0.00000E+00  0.00000E+00  0.00000E+00  4.31763E+02  1.52561E+03
TABLE NO.     2: First Order Conditional Estimation with Interaction: Problem=1 Subproblem=0 Superproblem1=0 Iteration1=0 Superproblem2=0 Iteration2=0
 NAME         THETA1       THETA2       SIGMA(1,1)   OMEGA(1,1)   OMEGA(2,1)   OMEGA(2,2)   OMEGA(3,1)   OMEGA(3,2)   OMEGA(3,3)   OMEGA(4,1)   OMEGA(4,2)   OMEGA(4,3)   OMEGA(4,4)   OMEGA(5,1)   OMEGA(5,2)   OMEGA(5,3)   OMEGA(5,4)   OMEGA(5,5)   OMEGA(6,1)   OMEGA(6,2)   OMEGA(6,3)   OMEGA(6,4)   OMEGA(6,5)   OMEGA(6,6)
 THETA1        3.64393E+02  9.10095E+01  3.10216E+03 -1.28013E+03 -1.05850E+03  1.07767E+02  0.00000E+00  0.00000E+00  2.51944E+02  0.00000E+00  0.00000E+00 -4.62304E+02  1.52498E+02  0.00000E+00  0.00000E+00  0.00000E+00  0.00000E+00  1.09456E+01  0.00000E+00  0.00000E+00  0.00000E+00  0.00000E+00 -1.18661E+01  2.00571E+00
 THETA2        9.10095E+01  4.23033E+02 -1.28800E+03 -6.29180E+02 -8.54361E+02 -5.07150E+01  0.00000E+00  0.00000E+00 -1.39820E+02  0.00000E+00  0.00000E+00  1.23118E+02 -3.29529E+00  0.00000E+00  0.00000E+00  0.00000E+00  0.00000E+00 -2.09744E+00  0.00000E+00  0.00000E+00  0.00000E+00  0.00000E+00  8.74040E+00 -6.75827E+00
 SIGMA(1,1)    3.10216E+03 -1.28800E+03  6.38659E+07  1.91723E+06  6.64115E+05  2.08074E+06  0.00000E+00  0.00000E+00  1.14440E+04  0.00000E+00  0.00000E+00  6.03757E+03  3.92805E+03  0.00000E+00  0.00000E+00  0.00000E+00  0.00000E+00 -1.47889E+04  0.00000E+00  0.00000E+00  0.00000E+00  0.00000E+00 -3.63865E+03 -1.31974E+04
 OMEGA(1,1)   -1.28013E+03 -6.29180E+02  1.91723E+06  1.07222E+07 -1.27288E+06  1.07559E+05  0.00000E+00  0.00000E+00 -2.03353E+03  0.00000E+00  0.00000E+00  1.53138E+02 -1.39090E+02  0.00000E+00  0.00000E+00  0.00000E+00  0.00000E+00 -4.74739E+01  0.00000E+00  0.00000E+00  0.00000E+00  0.00000E+00 -2.12872E+01  4.98167E-01
 OMEGA(2,1)   -1.05850E+03 -8.54361E+02  6.64115E+05 -1.27288E+06  1.90820E+07 -8.37325E+05  0.00000E+00  0.00000E+00 -1.10298E+02  0.00000E+00  0.00000E+00 -4.22951E+03 -3.48502E+02  0.00000E+00  0.00000E+00  0.00000E+00  0.00000E+00 -1.77403E+01  0.00000E+00  0.00000E+00  0.00000E+00  0.00000E+00 -1.01737E+02 -2.97528E+01
 OMEGA(2,2)    1.07767E+02 -5.07150E+01  2.08074E+06  1.07559E+05 -8.37325E+05  8.72713E+06  0.00000E+00  0.00000E+00 -4.87034E+01  0.00000E+00  0.00000E+00 -5.24881E+02 -1.65134E+03  0.00000E+00  0.00000E+00  0.00000E+00  0.00000E+00 -5.39635E-01  0.00000E+00  0.00000E+00  0.00000E+00  0.00000E+00 -2.82351E+01 -5.86961E+01
 OMEGA(3,1)    0.00000E+00  0.00000E+00  0.00000E+00  0.00000E+00  0.00000E+00  0.00000E+00  0.00000E+00  0.00000E+00  0.00000E+00  0.00000E+00  0.00000E+00  0.00000E+00  0.00000E+00  0.00000E+00  0.00000E+00  0.00000E+00  0.00000E+00  0.00000E+00  0.00000E+00  0.00000E+00  0.00000E+00  0.00000E+00  0.00000E+00  0.00000E+00
 OMEGA(3,2)    0.00000E+00  0.00000E+00  0.00000E+00  0.00000E+00  0.00000E+00  0.00000E+00  0.00000E+00  0.00000E+00  0.00000E+00  0.00000E+00  0.00000E+00  0.00000E+00  0.00000E+00  0.00000E+00  0.00000E+00  0.00000E+00  0.00000E+00  0.00000E+00  0.00000E+00  0.00000E+00  0.00000E+00  0.00000E+00  0.00000E+00  0.00000E+00
 OMEGA(3,3)    2.51944E+02 -1.39820E+02  1.14440E+04 -2.03353E+03 -1.10298E+02 -4.87034E+01  0.00000E+00  0.00000E+00  2.07816E+05  0.00000E+00  0.00000E+00 -2.42837E+04  5.99171E+02  0.00000E+00  0.00000E+00  0.00000E+00  0.00000E+00 -4.74879E+01  0.00000E+00  0.00000E+00  0.00000E+00  0.00000E+00 -2.12871E+01  5.08399E-01
 OMEGA(4,1)    0.00000E+00  0.00000E+00  0.00000E+00  0.00000E+00  0.00000E+00  0.00000E+00  0.00000E+00  0.00000E+00  0.00000E+00  0.00000E+00  0.00000E+00  0.00000E+00  0.00000E+00  0.00000E+00  0.00000E+00  0.00000E+00  0.00000E+00  0.00000E+00  0.00000E+00  0.00000E+00  0.00000E+00  0.00000E+00  0.00000E+00  0.00000E+00
 OMEGA(4,2)    0.00000E+00  0.00000E+00  0.00000E+00  0.00000E+00  0.00000E+00  0.00000E+00  0.00000E+00  0.00000E+00  0.00000E+00  0.00000E+00  0.00000E+00  0.00000E+00  0.00000E+00  0.00000E+00  0.00000E+00  0.00000E+00  0.00000E+00  0.00000E+00  0.00000E+00  0.00000E+00  0.00000E+00  0.00000E+00  0.00000E+00  0.00000E+00
 OMEGA(4,3)   -4.62304E+02  1.23118E+02  6.03757E+03  1.53138E+02 -4.22951E+03 -5.24881E+02  0.00000E+00  0.00000E+00 -2.42837E+04  0.00000E+00  0.00000E+00  3.55207E+05 -2.15788E+04  0.00000E+00  0.00000E+00  0.00000E+00  0.00000E+00 -1.75690E+01  0.00000E+00  0.00000E+00  0.00000E+00  0.00000E+00 -1.01566E+02 -2.93228E+01
 OMEGA(4,4)    1.52498E+02 -3.29529E+00  3.92805E+03 -1.39090E+02 -3.48502E+02 -1.65134E+03  0.00000E+00  0.00000E+00  5.99171E+02  0.00000E+00  0.00000E+00 -2.15788E+04  1.50955E+05  0.00000E+00  0.00000E+00  0.00000E+00  0.00000E+00 -5.47544E-01  0.00000E+00  0.00000E+00  0.00000E+00  0.00000E+00 -2.82474E+01 -5.86917E+01
 OMEGA(5,1)    0.00000E+00  0.00000E+00  0.00000E+00  0.00000E+00  0.00000E+00  0.00000E+00  0.00000E+00  0.00000E+00  0.00000E+00  0.00000E+00  0.00000E+00  0.00000E+00  0.00000E+00  0.00000E+00  0.00000E+00  0.00000E+00  0.00000E+00  0.00000E+00  0.00000E+00  0.00000E+00  0.00000E+00  0.00000E+00  0.00000E+00  0.00000E+00
 OMEGA(5,2)    0.00000E+00  0.00000E+00  0.00000E+00  0.00000E+00  0.00000E+00  0.00000E+00  0.00000E+00  0.00000E+00  0.00000E+00  0.00000E+00  0.00000E+00  0.00000E+00  0.00000E+00  0.00000E+00  0.00000E+00  0.00000E+00  0.00000E+00  0.00000E+00  0.00000E+00  0.00000E+00  0.00000E+00  0.00000E+00  0.00000E+00  0.00000E+00
 OMEGA(5,3)    0.00000E+00  0.00000E+00  0.00000E+00  0.00000E+00  0.00000E+00  0.00000E+00  0.00000E+00  0.00000E+00  0.00000E+00  0.00000E+00  0.00000E+00  0.00000E+00  0.00000E+00  0.00000E+00  0.00000E+00  0.00000E+00  0.00000E+00  0.00000E+00  0.00000E+00  0.00000E+00  0.00000E+00  0.00000E+00  0.00000E+00  0.00000E+00
 OMEGA(5,4)    0.00000E+00  0.00000E+00  0.00000E+00  0.00000E+00  0.00000E+00  0.00000E+00  0.00000E+00  0.00000E+00  0.00000E+00  0.00000E+00  0.00000E+00  0.00000E+00  0.00000E+00  0.00000E+00  0.00000E+00  0.00000E+00  0.00000E+00  0.00000E+00  0.00000E+00  0.00000E+00  0.00000E+00  0.00000E+00  0.00000E+00  0.00000E+00
 OMEGA(5,5)    1.09456E+01 -2.09744E+00 -1.47889E+04 -4.74739E+01 -1.77403E+01 -5.39635E-01  0.00000E+00  0.00000E+00 -4.74879E+01  0.00000E+00  0.00000E+00 -1.75690E+01 -5.47544E-01  0.00000E+00  0.00000E+00  0.00000E+00  0.00000E+00  1.12429E+03  0.00000E+00  0.00000E+00  0.00000E+00  0.00000E+00  4.30040E+02  4.13373E+01
 OMEGA(6,1)    0.00000E+00  0.00000E+00  0.00000E+00  0.00000E+00  0.00000E+00  0.00000E+00  0.00000E+00  0.00000E+00  0.00000E+00  0.00000E+00  0.00000E+00  0.00000E+00  0.00000E+00  0.00000E+00  0.00000E+00  0.00000E+00  0.00000E+00  0.00000E+00  0.00000E+00  0.00000E+00  0.00000E+00  0.00000E+00  0.00000E+00  0.00000E+00
 OMEGA(6,2)    0.00000E+00  0.00000E+00  0.00000E+00  0.00000E+00  0.00000E+00  0.00000E+00  0.00000E+00  0.00000E+00  0.00000E+00  0.00000E+00  0.00000E+00  0.00000E+00  0.00000E+00  0.00000E+00  0.00000E+00  0.00000E+00  0.00000E+00  0.00000E+00  0.00000E+00  0.00000E+00  0.00000E+00  0.00000E+00  0.00000E+00  0.00000E+00
 OMEGA(6,3)    0.00000E+00  0.00000E+00  0.00000E+00  0.00000E+00  0.00000E+00  0.00000E+00  0.00000E+00  0.00000E+00  0.00000E+00  0.00000E+00  0.00000E+00  0.00000E+00  0.00000E+00  0.00000E+00  0.00000E+00  0.00000E+00  0.00000E+00  0.00000E+00  0.00000E+00  0.00000E+00  0.00000E+00  0.00000E+00  0.00000E+00  0.00000E+00
 OMEGA(6,4)    0.00000E+00  0.00000E+00  0.00000E+00  0.00000E+00  0.00000E+00  0.00000E+00  0.00000E+00  0.00000E+00  0.00000E+00  0.00000E+00  0.00000E+00  0.00000E+00  0.00000E+00  0.00000E+00  0.00000E+00  0.00000E+00  0.00000E+00  0.00000E+00  0.00000E+00  0.00000E+00  0.00000E+00  0.00000E+00  0.00000E+00  0.00000E+00
 OMEGA(6,5)   -1.18661E+01  8.74040E+00 -3.63865E+03 -2.12872E+01 -1.01737E+02 -2.82351E+01  0.00000E+00  0.00000E+00 -2.12871E+01  0.00000E+00  0.00000E+00 -1.01566E+02 -2.82474E+01  0.00000E+00  0.00000E+00  0.00000E+00  0.00000E+00  4.30040E+02  0.00000E+00  0.00000E+00  0.00000E+00  0.00000E+00  2.87453E+03  5.12706E+02
 OMEGA(6,6)    2.00571E+00 -6.75827E+00 -1.31974E+04  4.98167E-01 -2.97528E+01 -5.86961E+01  0.00000E+00  0.00000E+00  5.08399E-01  0.00000E+00  0.00000E+00 -2.93228E+01 -5.86917E+01  0.00000E+00  0.00000E+00  0.00000E+00  0.00000E+00  4.13373E+01  0.00000E+00  0.00000E+00  0.00000E+00  0.00000E+00  5.12706E+02  1.73309E+03
