TABLE NO.     1: Iterative Two Stage (No Prior): Problem=1 Subproblem=0 Superproblem1=0 Iteration1=0 Superproblem2=0 Iteration2=0
 NAME         THETA1       THETA2       THETA3       SIGMA(1,1)   OMEGA(1,1)   OMEGA(2,1)   OMEGA(2,2)   OMEGA(3,1)   OMEGA(3,2)   OMEGA(3,3)   OMEGA(4,1)   OMEGA(4,2)   OMEGA(4,3)   OMEGA(4,4)   OMEGA(5,1)   OMEGA(5,2)   OMEGA(5,3)   OMEGA(5,4)   OMEGA(5,5)   OMEGA(6,1)   OMEGA(6,2)   OMEGA(6,3)   OMEGA(6,4)   OMEGA(6,5)   OMEGA(6,6)
 THETA1        5.78206E-02 -1.56669E-01  6.01123E-01  1.54965E-02 -7.10754E-04 -7.32574E-02 -7.12965E-02 -5.35812E-02 -3.43054E-02  5.67038E-02  0.00000E+00  0.00000E+00  0.00000E+00  3.79643E-01  0.00000E+00  0.00000E+00  0.00000E+00  2.58105E-01 -4.60213E-02  0.00000E+00  0.00000E+00  0.00000E+00  1.10969E-01  3.97332E-01 -8.69529E-03
 THETA2       -1.56669E-01  5.94391E-02 -5.16524E-02  3.69292E-02 -6.40429E-02 -2.21261E-03  2.87159E-02 -1.70099E-02  3.36674E-02 -6.39839E-02  0.00000E+00  0.00000E+00  0.00000E+00  1.93512E-01  0.00000E+00  0.00000E+00  0.00000E+00 -6.16166E-02  1.02115E-01  0.00000E+00  0.00000E+00  0.00000E+00  5.62971E-01 -3.12731E-01  4.31090E-01
 THETA3        6.01123E-01 -5.16524E-02  9.14342E-02 -3.06809E-02 -2.14440E-02 -4.83688E-02  3.20678E-02 -1.21817E-02  2.42053E-02  1.50822E-02  0.00000E+00  0.00000E+00  0.00000E+00  3.70237E-01  0.00000E+00  0.00000E+00  0.00000E+00  6.99714E-01 -4.66277E-01  0.00000E+00  0.00000E+00  0.00000E+00  1.38063E-01  3.98935E-01  1.06953E-01
 SIGMA(1,1)    1.54965E-02  3.69292E-02 -3.06809E-02  5.57700E-05 -6.57455E-02 -1.61865E-02 -5.84776E-02 -7.59081E-02 -6.97075E-02 -7.34464E-02  0.00000E+00  0.00000E+00  0.00000E+00  4.89981E-02  0.00000E+00  0.00000E+00  0.00000E+00 -3.90179E-02  7.81072E-02  0.00000E+00  0.00000E+00  0.00000E+00  4.15595E-02 -1.28003E-02  4.40163E-03
 OMEGA(1,1)   -7.10754E-04 -6.40429E-02 -2.14440E-02 -6.57455E-02  8.95454E-04  7.10105E-02  7.41625E-03  1.23324E-01  3.05028E-02  8.55738E-02  0.00000E+00  0.00000E+00  0.00000E+00 -7.52898E-02  0.00000E+00  0.00000E+00  0.00000E+00  6.77285E-03 -9.48060E-03  0.00000E+00  0.00000E+00  0.00000E+00 -4.20397E-02  2.40652E-03 -2.16937E-02
 OMEGA(2,1)   -7.32574E-02 -2.21261E-03 -4.83688E-02 -1.61865E-02  7.10105E-02  5.34020E-04  6.98586E-02  1.55263E-01  1.26557E-01  4.15256E-02  0.00000E+00  0.00000E+00  0.00000E+00 -1.00892E-02  0.00000E+00  0.00000E+00  0.00000E+00 -3.20619E-02  1.93329E-02  0.00000E+00  0.00000E+00  0.00000E+00 -1.38086E-02 -3.37274E-02 -3.15790E-02
 OMEGA(2,2)   -7.12965E-02  2.87159E-02  3.20678E-02 -5.84776E-02  7.41625E-03  6.98586E-02  5.10572E-04  4.10245E-02  2.15373E-01  4.19818E-02  0.00000E+00  0.00000E+00  0.00000E+00  1.18769E-02  0.00000E+00  0.00000E+00  0.00000E+00  5.28750E-02 -5.31508E-02  0.00000E+00  0.00000E+00  0.00000E+00  4.34853E-02 -2.70065E-03  5.28189E-02
 OMEGA(3,1)   -5.35812E-02 -1.70099E-02 -1.21817E-02 -7.59081E-02  1.23324E-01  1.55263E-01  4.10245E-02  6.66839E-04  1.05372E-01  1.96689E-01  0.00000E+00  0.00000E+00  0.00000E+00 -5.36384E-03  0.00000E+00  0.00000E+00  0.00000E+00  3.53098E-02 -7.15453E-02  0.00000E+00  0.00000E+00  0.00000E+00 -2.46623E-02 -2.88446E-03 -2.67240E-02
 OMEGA(3,2)   -3.43054E-02  3.36674E-02  2.42053E-02 -6.97075E-02  3.05028E-02  1.26557E-01  2.15373E-01  1.05372E-01  3.77333E-04  1.23549E-01  0.00000E+00  0.00000E+00  0.00000E+00 -3.04289E-02  0.00000E+00  0.00000E+00  0.00000E+00  1.03489E-02  7.87841E-03  0.00000E+00  0.00000E+00  0.00000E+00 -3.83444E-03 -4.17489E-02  3.95735E-03
 OMEGA(3,3)    5.67038E-02 -6.39839E-02  1.50822E-02 -7.34464E-02  8.55738E-02  4.15256E-02  4.19818E-02  1.96689E-01  1.23549E-01  5.17189E-04  0.00000E+00  0.00000E+00  0.00000E+00 -1.12348E-02  0.00000E+00  0.00000E+00  0.00000E+00  2.00805E-02  8.53490E-03  0.00000E+00  0.00000E+00  0.00000E+00 -6.12606E-02  2.97916E-02 -5.38085E-02
 OMEGA(4,1)    0.00000E+00  0.00000E+00  0.00000E+00  0.00000E+00  0.00000E+00  0.00000E+00  0.00000E+00  0.00000E+00  0.00000E+00  0.00000E+00  0.00000E+00  0.00000E+00  0.00000E+00  0.00000E+00  0.00000E+00  0.00000E+00  0.00000E+00  0.00000E+00  0.00000E+00  0.00000E+00  0.00000E+00  0.00000E+00  0.00000E+00  0.00000E+00  0.00000E+00
 OMEGA(4,2)    0.00000E+00  0.00000E+00  0.00000E+00  0.00000E+00  0.00000E+00  0.00000E+00  0.00000E+00  0.00000E+00  0.00000E+00  0.00000E+00  0.00000E+00  0.00000E+00  0.00000E+00  0.00000E+00  0.00000E+00  0.00000E+00  0.00000E+00  0.00000E+00  0.00000E+00  0.00000E+00  0.00000E+00  0.00000E+00  0.00000E+00  0.00000E+00  0.00000E+00
 OMEGA(4,3)    0.00000E+00  0.00000E+00  0.00000E+00  0.00000E+00  0.00000E+00  0.00000E+00  0.00000E+00  0.00000E+00  0.00000E+00  0.00000E+00  0.00000E+00  0.00000E+00  0.00000E+00  0.00000E+00  0.00000E+00  0.00000E+00  0.00000E+00  0.00000E+00  0.00000E+00  0.00000E+00  0.00000E+00  0.00000E+00  0.00000E+00  0.00000E+00  0.00000E+00
 OMEGA(4,4)    3.79643E-01  1.93512E-01  3.70237E-01  4.89981E-02 -7.52898E-02 -1.00892E-02  1.18769E-02 -5.36384E-03 -3.04289E-02 -1.12348E-02  0.00000E+00  0.00000E+00  0.00000E+00  1.32368E-02  0.00000E+00  0.00000E+00  0.00000E+00  1.13595E-01  3.62688E-02  0.00000E+00  0.00000E+00  0.00000E+00  6.93303E-01 -8.76146E-02  5.37342E-01
 OMEGA(5,1)    0.00000E+00  0.00000E+00  0.00000E+00  0.00000E+00  0.00000E+00  0.00000E+00  0.00000E+00  0.00000E+00  0.00000E+00  0.00000E+00  0.00000E+00  0.00000E+00  0.00000E+00  0.00000E+00  0.00000E+00  0.00000E+00  0.00000E+00  0.00000E+00  0.00000E+00  0.00000E+00  0.00000E+00  0.00000E+00  0.00000E+00  0.00000E+00  0.00000E+00
 OMEGA(5,2)    0.00000E+00  0.00000E+00  0.00000E+00  0.00000E+00  0.00000E+00  0.00000E+00  0.00000E+00  0.00000E+00  0.00000E+00  0.00000E+00  0.00000E+00  0.00000E+00  0.00000E+00  0.00000E+00  0.00000E+00  0.00000E+00  0.00000E+00  0.00000E+00  0.00000E+00  0.00000E+00  0.00000E+00  0.00000E+00  0.00000E+00  0.00000E+00  0.00000E+00
 OMEGA(5,3)    0.00000E+00  0.00000E+00  0.00000E+00  0.00000E+00  0.00000E+00  0.00000E+00  0.00000E+00  0.00000E+00  0.00000E+00  0.00000E+00  0.00000E+00  0.00000E+00  0.00000E+00  0.00000E+00  0.00000E+00  0.00000E+00  0.00000E+00  0.00000E+00  0.00000E+00  0.00000E+00  0.00000E+00  0.00000E+00  0.00000E+00  0.00000E+00  0.00000E+00
 OMEGA(5,4)    2.58105E-01 -6.16166E-02  6.99714E-01 -3.90179E-02  6.77285E-03 -3.20619E-02  5.28750E-02  3.53098E-02  1.03489E-02  2.00805E-02  0.00000E+00  0.00000E+00  0.00000E+00  1.13595E-01  0.00000E+00  0.00000E+00  0.00000E+00  1.48378E-02 -6.90015E-01  0.00000E+00  0.00000E+00  0.00000E+00 -1.17734E-01  7.08917E-01 -1.19298E-01
 OMEGA(5,5)   -4.60213E-02  1.02115E-01 -4.66277E-01  7.81072E-02 -9.48060E-03  1.93329E-02 -5.31508E-02 -7.15453E-02  7.87841E-03  8.53490E-03  0.00000E+00  0.00000E+00  0.00000E+00  3.62688E-02  0.00000E+00  0.00000E+00  0.00000E+00 -6.90015E-01  1.85383E-02  0.00000E+00  0.00000E+00  0.00000E+00  9.25388E-02 -4.60147E-01  1.01305E-02
 OMEGA(6,1)    0.00000E+00  0.00000E+00  0.00000E+00  0.00000E+00  0.00000E+00  0.00000E+00  0.00000E+00  0.00000E+00  0.00000E+00  0.00000E+00  0.00000E+00  0.00000E+00  0.00000E+00  0.00000E+00  0.00000E+00  0.00000E+00  0.00000E+00  0.00000E+00  0.00000E+00  0.00000E+00  0.00000E+00  0.00000E+00  0.00000E+00  0.00000E+00  0.00000E+00
 OMEGA(6,2)    0.00000E+00  0.00000E+00  0.00000E+00  0.00000E+00  0.00000E+00  0.00000E+00  0.00000E+00  0.00000E+00  0.00000E+00  0.00000E+00  0.00000E+00  0.00000E+00  0.00000E+00  0.00000E+00  0.00000E+00  0.00000E+00  0.00000E+00  0.00000E+00  0.00000E+00  0.00000E+00  0.00000E+00  0.00000E+00  0.00000E+00  0.00000E+00  0.00000E+00
 OMEGA(6,3)    0.00000E+00  0.00000E+00  0.00000E+00  0.00000E+00  0.00000E+00  0.00000E+00  0.00000E+00  0.00000E+00  0.00000E+00  0.00000E+00  0.00000E+00  0.00000E+00  0.00000E+00  0.00000E+00  0.00000E+00  0.00000E+00  0.00000E+00  0.00000E+00  0.00000E+00  0.00000E+00  0.00000E+00  0.00000E+00  0.00000E+00  0.00000E+00  0.00000E+00
 OMEGA(6,4)    1.10969E-01  5.62971E-01  1.38063E-01  4.15595E-02 -4.20397E-02 -1.38086E-02  4.34853E-02 -2.46623E-02 -3.83444E-03 -6.12606E-02  0.00000E+00  0.00000E+00  0.00000E+00  6.93303E-01  0.00000E+00  0.00000E+00  0.00000E+00 -1.17734E-01  9.25388E-02  0.00000E+00  0.00000E+00  0.00000E+00  2.04425E-02 -4.52383E-01  9.01785E-01
 OMEGA(6,5)    3.97332E-01 -3.12731E-01  3.98935E-01 -1.28003E-02  2.40652E-03 -3.37274E-02 -2.70065E-03 -2.88446E-03 -4.17489E-02  2.97916E-02  0.00000E+00  0.00000E+00  0.00000E+00 -8.76146E-02  0.00000E+00  0.00000E+00  0.00000E+00  7.08917E-01 -4.60147E-01  0.00000E+00  0.00000E+00  0.00000E+00 -4.52383E-01  1.39956E-02 -5.30257E-01
 OMEGA(6,6)   -8.69529E-03  4.31090E-01  1.06953E-01  4.40163E-03 -2.16937E-02 -3.15790E-02  5.28189E-02 -2.67240E-02  3.95735E-03 -5.38085E-02  0.00000E+00  0.00000E+00  0.00000E+00  5.37342E-01  0.00000E+00  0.00000E+00  0.00000E+00 -1.19298E-01  1.01305E-02  0.00000E+00  0.00000E+00  0.00000E+00  9.01785E-01 -5.30257E-01  3.24005E-02
TABLE NO.     2: Importance Sampling (No Prior): Problem=1 Subproblem=0 Superproblem1=0 Iteration1=0 Superproblem2=0 Iteration2=0
 NAME         THETA1       THETA2       THETA3       SIGMA(1,1)   OMEGA(1,1)   OMEGA(2,1)   OMEGA(2,2)   OMEGA(3,1)   OMEGA(3,2)   OMEGA(3,3)   OMEGA(4,1)   OMEGA(4,2)   OMEGA(4,3)   OMEGA(4,4)   OMEGA(5,1)   OMEGA(5,2)   OMEGA(5,3)   OMEGA(5,4)   OMEGA(5,5)   OMEGA(6,1)   OMEGA(6,2)   OMEGA(6,3)   OMEGA(6,4)   OMEGA(6,5)   OMEGA(6,6)
 THETA1        5.64539E-02 -1.54855E-01  6.07879E-01  1.02290E-02 -1.37346E-02 -7.25180E-02 -8.20120E-02 -5.18238E-02 -2.29469E-02  5.63599E-02  0.00000E+00  0.00000E+00  0.00000E+00  3.59741E-01  0.00000E+00  0.00000E+00  0.00000E+00  2.35256E-01 -3.80583E-02  0.00000E+00  0.00000E+00  0.00000E+00  1.18725E-01  3.86925E-01 -7.83254E-03
 THETA2       -1.54855E-01  5.65232E-02 -5.95629E-02  2.94559E-02 -6.39947E-02 -6.37931E-03  2.50555E-02 -2.10331E-02  2.90475E-02 -5.07153E-02  0.00000E+00  0.00000E+00  0.00000E+00  1.78879E-01  0.00000E+00  0.00000E+00  0.00000E+00 -4.95513E-02  1.04784E-01  0.00000E+00  0.00000E+00  0.00000E+00  5.25842E-01 -2.84661E-01  3.91024E-01
 THETA3        6.07879E-01 -5.95629E-02  8.37946E-02 -2.63239E-02 -2.28551E-02 -4.49457E-02  1.65158E-02 -2.53174E-02  2.50513E-02  1.48770E-02  0.00000E+00  0.00000E+00  0.00000E+00  3.45481E-01  0.00000E+00  0.00000E+00  0.00000E+00  6.42182E-01 -4.03194E-01  0.00000E+00  0.00000E+00  0.00000E+00  1.38147E-01  3.56152E-01  9.58053E-02
 SIGMA(1,1)    1.02290E-02  2.94559E-02 -2.63239E-02  5.51847E-05 -5.46385E-02 -2.38392E-02 -2.06197E-02 -3.05668E-02 -2.78435E-02 -2.24462E-02  0.00000E+00  0.00000E+00  0.00000E+00  4.76170E-02  0.00000E+00  0.00000E+00  0.00000E+00 -2.51017E-02  6.70515E-02  0.00000E+00  0.00000E+00  0.00000E+00  3.78324E-02 -5.13231E-03  2.17336E-03
 OMEGA(1,1)   -1.37346E-02 -6.39947E-02 -2.28551E-02 -5.46385E-02  8.76694E-04  1.06738E-01  6.58900E-03  2.02935E-01  1.30499E-02  2.04209E-02  0.00000E+00  0.00000E+00  0.00000E+00 -1.01415E-01  0.00000E+00  0.00000E+00  0.00000E+00  2.00851E-02 -4.52262E-02  0.00000E+00  0.00000E+00  0.00000E+00 -5.86519E-02  1.40705E-02 -4.10660E-02
 OMEGA(2,1)   -7.25180E-02 -6.37931E-03 -4.49457E-02 -2.38392E-02  1.06738E-01  5.33093E-04  8.28849E-02  1.25058E-01  1.02706E-01  1.28893E-02  0.00000E+00  0.00000E+00  0.00000E+00 -1.03621E-02  0.00000E+00  0.00000E+00  0.00000E+00 -2.56289E-02  1.01154E-02  0.00000E+00  0.00000E+00  0.00000E+00 -1.42320E-02 -3.03326E-02 -3.20419E-02
 OMEGA(2,2)   -8.20120E-02  2.50555E-02  1.65158E-02 -2.06197E-02  6.58900E-03  8.28849E-02  5.07426E-04  1.37643E-02  1.61810E-01  3.02710E-03  0.00000E+00  0.00000E+00  0.00000E+00 -1.25945E-02  0.00000E+00  0.00000E+00  0.00000E+00  4.99686E-02 -6.19859E-02  0.00000E+00  0.00000E+00  0.00000E+00  2.68850E-02  6.46977E-03  3.18711E-02
 OMEGA(3,1)   -5.18238E-02 -2.10331E-02 -2.53174E-02 -3.05668E-02  2.02935E-01  1.25058E-01  1.37643E-02  5.99741E-04  5.93707E-02  1.21805E-01  0.00000E+00  0.00000E+00  0.00000E+00 -1.66713E-02  0.00000E+00  0.00000E+00  0.00000E+00  2.08125E-02 -6.00884E-02  0.00000E+00  0.00000E+00  0.00000E+00 -2.44865E-02 -1.20765E-02 -2.55699E-02
 OMEGA(3,2)   -2.29469E-02  2.90475E-02  2.50513E-02 -2.78435E-02  1.30499E-02  1.02706E-01  1.61810E-01  5.93707E-02  3.61238E-04  1.56577E-01  0.00000E+00  0.00000E+00  0.00000E+00 -3.49519E-02  0.00000E+00  0.00000E+00  0.00000E+00  8.92889E-03  1.27303E-02  0.00000E+00  0.00000E+00  0.00000E+00 -1.23896E-02 -3.57951E-02 -6.60000E-03
 OMEGA(3,3)    5.63599E-02 -5.07153E-02  1.48770E-02 -2.24462E-02  2.04209E-02  1.28893E-02  3.02710E-03  1.21805E-01  1.56577E-01  5.09780E-04  0.00000E+00  0.00000E+00  0.00000E+00 -3.10900E-02  0.00000E+00  0.00000E+00  0.00000E+00  2.11106E-02 -2.53713E-03  0.00000E+00  0.00000E+00  0.00000E+00 -6.72509E-02  3.44959E-02 -6.47023E-02
 OMEGA(4,1)    0.00000E+00  0.00000E+00  0.00000E+00  0.00000E+00  0.00000E+00  0.00000E+00  0.00000E+00  0.00000E+00  0.00000E+00  0.00000E+00  0.00000E+00  0.00000E+00  0.00000E+00  0.00000E+00  0.00000E+00  0.00000E+00  0.00000E+00  0.00000E+00  0.00000E+00  0.00000E+00  0.00000E+00  0.00000E+00  0.00000E+00  0.00000E+00  0.00000E+00
 OMEGA(4,2)    0.00000E+00  0.00000E+00  0.00000E+00  0.00000E+00  0.00000E+00  0.00000E+00  0.00000E+00  0.00000E+00  0.00000E+00  0.00000E+00  0.00000E+00  0.00000E+00  0.00000E+00  0.00000E+00  0.00000E+00  0.00000E+00  0.00000E+00  0.00000E+00  0.00000E+00  0.00000E+00  0.00000E+00  0.00000E+00  0.00000E+00  0.00000E+00  0.00000E+00
 OMEGA(4,3)    0.00000E+00  0.00000E+00  0.00000E+00  0.00000E+00  0.00000E+00  0.00000E+00  0.00000E+00  0.00000E+00  0.00000E+00  0.00000E+00  0.00000E+00  0.00000E+00  0.00000E+00  0.00000E+00  0.00000E+00  0.00000E+00  0.00000E+00  0.00000E+00  0.00000E+00  0.00000E+00  0.00000E+00  0.00000E+00  0.00000E+00  0.00000E+00  0.00000E+00
 OMEGA(4,4)    3.59741E-01  1.78879E-01  3.45481E-01  4.76170E-02 -1.01415E-01 -1.03621E-02 -1.25945E-02 -1.66713E-02 -3.49519E-02 -3.10900E-02  0.00000E+00  0.00000E+00  0.00000E+00  1.21451E-02  0.00000E+00  0.00000E+00  0.00000E+00  8.98585E-02  2.02612E-02  0.00000E+00  0.00000E+00  0.00000E+00  6.91708E-01 -7.45413E-02  5.06714E-01
 OMEGA(5,1)    0.00000E+00  0.00000E+00  0.00000E+00  0.00000E+00  0.00000E+00  0.00000E+00  0.00000E+00  0.00000E+00  0.00000E+00  0.00000E+00  0.00000E+00  0.00000E+00  0.00000E+00  0.00000E+00  0.00000E+00  0.00000E+00  0.00000E+00  0.00000E+00  0.00000E+00  0.00000E+00  0.00000E+00  0.00000E+00  0.00000E+00  0.00000E+00  0.00000E+00
 OMEGA(5,2)    0.00000E+00  0.00000E+00  0.00000E+00  0.00000E+00  0.00000E+00  0.00000E+00  0.00000E+00  0.00000E+00  0.00000E+00  0.00000E+00  0.00000E+00  0.00000E+00  0.00000E+00  0.00000E+00  0.00000E+00  0.00000E+00  0.00000E+00  0.00000E+00  0.00000E+00  0.00000E+00  0.00000E+00  0.00000E+00  0.00000E+00  0.00000E+00  0.00000E+00
 OMEGA(5,3)    0.00000E+00  0.00000E+00  0.00000E+00  0.00000E+00  0.00000E+00  0.00000E+00  0.00000E+00  0.00000E+00  0.00000E+00  0.00000E+00  0.00000E+00  0.00000E+00  0.00000E+00  0.00000E+00  0.00000E+00  0.00000E+00  0.00000E+00  0.00000E+00  0.00000E+00  0.00000E+00  0.00000E+00  0.00000E+00  0.00000E+00  0.00000E+00  0.00000E+00
 OMEGA(5,4)    2.35256E-01 -4.95513E-02  6.42182E-01 -2.51017E-02  2.00851E-02 -2.56289E-02  4.99686E-02  2.08125E-02  8.92889E-03  2.11106E-02  0.00000E+00  0.00000E+00  0.00000E+00  8.98585E-02  0.00000E+00  0.00000E+00  0.00000E+00  1.27240E-02 -6.34024E-01  0.00000E+00  0.00000E+00  0.00000E+00 -1.18015E-01  6.94127E-01 -1.26485E-01
 OMEGA(5,5)   -3.80583E-02  1.04784E-01 -4.03194E-01  6.70515E-02 -4.52262E-02  1.01154E-02 -6.19859E-02 -6.00884E-02  1.27303E-02 -2.53713E-03  0.00000E+00  0.00000E+00  0.00000E+00  2.02612E-02  0.00000E+00  0.00000E+00  0.00000E+00 -6.34024E-01  1.57605E-02  0.00000E+00  0.00000E+00  0.00000E+00  6.96767E-02 -4.11576E-01 -1.83446E-02
 OMEGA(6,1)    0.00000E+00  0.00000E+00  0.00000E+00  0.00000E+00  0.00000E+00  0.00000E+00  0.00000E+00  0.00000E+00  0.00000E+00  0.00000E+00  0.00000E+00  0.00000E+00  0.00000E+00  0.00000E+00  0.00000E+00  0.00000E+00  0.00000E+00  0.00000E+00  0.00000E+00  0.00000E+00  0.00000E+00  0.00000E+00  0.00000E+00  0.00000E+00  0.00000E+00
 OMEGA(6,2)    0.00000E+00  0.00000E+00  0.00000E+00  0.00000E+00  0.00000E+00  0.00000E+00  0.00000E+00  0.00000E+00  0.00000E+00  0.00000E+00  0.00000E+00  0.00000E+00  0.00000E+00  0.00000E+00  0.00000E+00  0.00000E+00  0.00000E+00  0.00000E+00  0.00000E+00  0.00000E+00  0.00000E+00  0.00000E+00  0.00000E+00  0.00000E+00  0.00000E+00
 OMEGA(6,3)    0.00000E+00  0.00000E+00  0.00000E+00  0.00000E+00  0.00000E+00  0.00000E+00  0.00000E+00  0.00000E+00  0.00000E+00  0.00000E+00  0.00000E+00  0.00000E+00  0.00000E+00  0.00000E+00  0.00000E+00  0.00000E+00  0.00000E+00  0.00000E+00  0.00000E+00  0.00000E+00  0.00000E+00  0.00000E+00  0.00000E+00  0.00000E+00  0.00000E+00
 OMEGA(6,4)    1.18725E-01  5.25842E-01  1.38147E-01  3.78324E-02 -5.86519E-02 -1.42320E-02  2.68850E-02 -2.44865E-02 -1.23896E-02 -6.72509E-02  0.00000E+00  0.00000E+00  0.00000E+00  6.91708E-01  0.00000E+00  0.00000E+00  0.00000E+00 -1.18015E-01  6.96767E-02  0.00000E+00  0.00000E+00  0.00000E+00  1.82776E-02 -4.21957E-01  8.87889E-01
 OMEGA(6,5)    3.86925E-01 -2.84661E-01  3.56152E-01 -5.13231E-03  1.40705E-02 -3.03326E-02  6.46977E-03 -1.20765E-02 -3.57951E-02  3.44959E-02  0.00000E+00  0.00000E+00  0.00000E+00 -7.45413E-02  0.00000E+00  0.00000E+00  0.00000E+00  6.94127E-01 -4.11576E-01  0.00000E+00  0.00000E+00  0.00000E+00 -4.21957E-01  1.26001E-02 -5.09546E-01
 OMEGA(6,6)   -7.83254E-03  3.91024E-01  9.58053E-02  2.17336E-03 -4.10660E-02 -3.20419E-02  3.18711E-02 -2.55699E-02 -6.60000E-03 -6.47023E-02  0.00000E+00  0.00000E+00  0.00000E+00  5.06714E-01  0.00000E+00  0.00000E+00  0.00000E+00 -1.26485E-01 -1.83446E-02  0.00000E+00  0.00000E+00  0.00000E+00  8.87889E-01 -5.09546E-01  2.87441E-02
TABLE NO.     3: MCMC Bayesian Analysis: Problem=1 Subproblem=0 Superproblem1=0 Iteration1=0 Superproblem2=0 Iteration2=0
 NAME         THETA1       THETA2       THETA3       SIGMA(1,1)   OMEGA(1,1)   OMEGA(2,1)   OMEGA(2,2)   OMEGA(3,1)   OMEGA(3,2)   OMEGA(3,3)   OMEGA(4,1)   OMEGA(4,2)   OMEGA(4,3)   OMEGA(4,4)   OMEGA(5,1)   OMEGA(5,2)   OMEGA(5,3)   OMEGA(5,4)   OMEGA(5,5)   OMEGA(6,1)   OMEGA(6,2)   OMEGA(6,3)   OMEGA(6,4)   OMEGA(6,5)   OMEGA(6,6)
 THETA1        4.97433E-02 -1.39875E-01  5.73772E-01  2.89524E-02  2.91106E-03  1.03446E-02 -5.46641E-03  2.62448E-02  7.46566E-03  1.58392E-02  0.00000E+00  0.00000E+00  0.00000E+00  8.14338E-03  0.00000E+00  0.00000E+00  0.00000E+00  8.33154E-03  4.57973E-02  0.00000E+00  0.00000E+00  0.00000E+00 -7.85010E-03  6.83442E-03 -1.02333E-02
 THETA2       -1.39875E-01  4.51663E-02 -1.18260E-01 -7.50105E-03  1.80647E-02 -3.29429E-03  3.33170E-03  1.60397E-02  2.30350E-02  1.75305E-02  0.00000E+00  0.00000E+00  0.00000E+00  4.08622E-02  0.00000E+00  0.00000E+00  0.00000E+00 -5.15327E-02 -1.74015E-02  0.00000E+00  0.00000E+00  0.00000E+00  3.93215E-02 -3.91821E-02  1.74092E-02
 THETA3        5.73772E-01 -1.18260E-01  6.24943E-02 -2.41493E-02  2.22067E-02  1.91798E-02 -3.72866E-02  8.57917E-03 -1.81567E-02 -3.43135E-03  0.00000E+00  0.00000E+00  0.00000E+00  3.21323E-02  0.00000E+00  0.00000E+00  0.00000E+00 -2.76999E-02  3.53671E-02  0.00000E+00  0.00000E+00  0.00000E+00 -1.93312E-03 -3.73013E-02 -1.76995E-02
 SIGMA(1,1)    2.89524E-02 -7.50105E-03 -2.41493E-02  5.52522E-05 -2.76092E-02 -4.47852E-02  3.68169E-02 -7.44981E-03  5.10479E-03 -7.82597E-04  0.00000E+00  0.00000E+00  0.00000E+00  8.54616E-03  0.00000E+00  0.00000E+00  0.00000E+00 -2.10743E-02  2.88746E-02  0.00000E+00  0.00000E+00  0.00000E+00 -1.02374E-02 -5.80800E-03 -1.26533E-02
 OMEGA(1,1)    2.91106E-03  1.80647E-02  2.22067E-02 -2.76092E-02  7.88347E-04  1.03084E-01 -1.23711E-03  2.21824E-01 -2.92919E-02  2.92495E-02  0.00000E+00  0.00000E+00  0.00000E+00 -9.70646E-03  0.00000E+00  0.00000E+00  0.00000E+00  1.62602E-03 -1.95062E-02  0.00000E+00  0.00000E+00  0.00000E+00  4.24604E-03 -1.17211E-02  2.71583E-02
 OMEGA(2,1)    1.03446E-02 -3.29429E-03  1.91798E-02 -4.47852E-02  1.03084E-01  5.28549E-04  4.05483E-02  1.04044E-01  7.61748E-02 -1.26230E-02  0.00000E+00  0.00000E+00  0.00000E+00 -2.90434E-03  0.00000E+00  0.00000E+00  0.00000E+00  3.23389E-02  1.01576E-02  0.00000E+00  0.00000E+00  0.00000E+00 -5.94210E-03  3.01857E-02  9.67272E-03
 OMEGA(2,2)   -5.46641E-03  3.33170E-03 -3.72866E-02  3.68169E-02 -1.23711E-03  4.05483E-02  4.87952E-04 -2.10825E-02  1.59803E-01  8.42243E-03  0.00000E+00  0.00000E+00  0.00000E+00  3.87891E-02  0.00000E+00  0.00000E+00  0.00000E+00  3.92705E-02 -1.83821E-02  0.00000E+00  0.00000E+00  0.00000E+00  1.58725E-02  1.76651E-02  1.89165E-02
 OMEGA(3,1)    2.62448E-02  1.60397E-02  8.57917E-03 -7.44981E-03  2.21824E-01  1.04044E-01 -2.10825E-02  5.57605E-04 -2.69305E-03  5.93288E-02  0.00000E+00  0.00000E+00  0.00000E+00 -2.06449E-02  0.00000E+00  0.00000E+00  0.00000E+00 -1.54254E-03  1.35197E-02  0.00000E+00  0.00000E+00  0.00000E+00 -4.99995E-03  7.60997E-03 -3.10284E-02
 OMEGA(3,2)    7.46566E-03  2.30350E-02 -1.81567E-02  5.10479E-03 -2.92919E-02  7.61748E-02  1.59803E-01 -2.69305E-03  3.62418E-04  1.11754E-01  0.00000E+00  0.00000E+00  0.00000E+00  2.78163E-02  0.00000E+00  0.00000E+00  0.00000E+00  2.84919E-02 -5.83412E-02  0.00000E+00  0.00000E+00  0.00000E+00  4.21843E-03  4.70754E-02 -1.09368E-02
 OMEGA(3,3)    1.58392E-02  1.75305E-02 -3.43135E-03 -7.82597E-04  2.92495E-02 -1.26230E-02  8.42243E-03  5.93288E-02  1.11754E-01  5.26899E-04  0.00000E+00  0.00000E+00  0.00000E+00  5.36669E-02  0.00000E+00  0.00000E+00  0.00000E+00 -2.58297E-02  3.82934E-04  0.00000E+00  0.00000E+00  0.00000E+00  6.75238E-02 -2.01202E-02  6.14489E-02
 OMEGA(4,1)    0.00000E+00  0.00000E+00  0.00000E+00  0.00000E+00  0.00000E+00  0.00000E+00  0.00000E+00  0.00000E+00  0.00000E+00  0.00000E+00  0.00000E+00  0.00000E+00  0.00000E+00  0.00000E+00  0.00000E+00  0.00000E+00  0.00000E+00  0.00000E+00  0.00000E+00  0.00000E+00  0.00000E+00  0.00000E+00  0.00000E+00  0.00000E+00  0.00000E+00
 OMEGA(4,2)    0.00000E+00  0.00000E+00  0.00000E+00  0.00000E+00  0.00000E+00  0.00000E+00  0.00000E+00  0.00000E+00  0.00000E+00  0.00000E+00  0.00000E+00  0.00000E+00  0.00000E+00  0.00000E+00  0.00000E+00  0.00000E+00  0.00000E+00  0.00000E+00  0.00000E+00  0.00000E+00  0.00000E+00  0.00000E+00  0.00000E+00  0.00000E+00  0.00000E+00
 OMEGA(4,3)    0.00000E+00  0.00000E+00  0.00000E+00  0.00000E+00  0.00000E+00  0.00000E+00  0.00000E+00  0.00000E+00  0.00000E+00  0.00000E+00  0.00000E+00  0.00000E+00  0.00000E+00  0.00000E+00  0.00000E+00  0.00000E+00  0.00000E+00  0.00000E+00  0.00000E+00  0.00000E+00  0.00000E+00  0.00000E+00  0.00000E+00  0.00000E+00  0.00000E+00
 OMEGA(4,4)    8.14338E-03  4.08622E-02  3.21323E-02  8.54616E-03 -9.70646E-03 -2.90434E-03  3.87891E-02 -2.06449E-02  2.78163E-02  5.36669E-02  0.00000E+00  0.00000E+00  0.00000E+00  1.52212E-02  0.00000E+00  0.00000E+00  0.00000E+00 -2.28725E-01  8.08216E-02  0.00000E+00  0.00000E+00  0.00000E+00  7.22799E-01 -1.48613E-01  3.77596E-01
 OMEGA(5,1)    0.00000E+00  0.00000E+00  0.00000E+00  0.00000E+00  0.00000E+00  0.00000E+00  0.00000E+00  0.00000E+00  0.00000E+00  0.00000E+00  0.00000E+00  0.00000E+00  0.00000E+00  0.00000E+00  0.00000E+00  0.00000E+00  0.00000E+00  0.00000E+00  0.00000E+00  0.00000E+00  0.00000E+00  0.00000E+00  0.00000E+00  0.00000E+00  0.00000E+00
 OMEGA(5,2)    0.00000E+00  0.00000E+00  0.00000E+00  0.00000E+00  0.00000E+00  0.00000E+00  0.00000E+00  0.00000E+00  0.00000E+00  0.00000E+00  0.00000E+00  0.00000E+00  0.00000E+00  0.00000E+00  0.00000E+00  0.00000E+00  0.00000E+00  0.00000E+00  0.00000E+00  0.00000E+00  0.00000E+00  0.00000E+00  0.00000E+00  0.00000E+00  0.00000E+00
 OMEGA(5,3)    0.00000E+00  0.00000E+00  0.00000E+00  0.00000E+00  0.00000E+00  0.00000E+00  0.00000E+00  0.00000E+00  0.00000E+00  0.00000E+00  0.00000E+00  0.00000E+00  0.00000E+00  0.00000E+00  0.00000E+00  0.00000E+00  0.00000E+00  0.00000E+00  0.00000E+00  0.00000E+00  0.00000E+00  0.00000E+00  0.00000E+00  0.00000E+00  0.00000E+00
 OMEGA(5,4)    8.33154E-03 -5.15327E-02 -2.76999E-02 -2.10743E-02  1.62602E-03  3.23389E-02  3.92705E-02 -1.54254E-03  2.84919E-02 -2.58297E-02  0.00000E+00  0.00000E+00  0.00000E+00 -2.28725E-01  0.00000E+00  0.00000E+00  0.00000E+00  9.67879E-03 -2.21800E-01  0.00000E+00  0.00000E+00  0.00000E+00 -2.09615E-01  6.08667E-01 -1.24720E-01
 OMEGA(5,5)    4.57973E-02 -1.74015E-02  3.53671E-02  2.88746E-02 -1.95062E-02  1.01576E-02 -1.83821E-02  1.35197E-02 -5.83412E-02  3.82934E-04  0.00000E+00  0.00000E+00  0.00000E+00  8.08216E-02  0.00000E+00  0.00000E+00  0.00000E+00 -2.21800E-01  1.33691E-02  0.00000E+00  0.00000E+00  0.00000E+00  3.73934E-02 -2.19589E-01  4.70391E-02
 OMEGA(6,1)    0.00000E+00  0.00000E+00  0.00000E+00  0.00000E+00  0.00000E+00  0.00000E+00  0.00000E+00  0.00000E+00  0.00000E+00  0.00000E+00  0.00000E+00  0.00000E+00  0.00000E+00  0.00000E+00  0.00000E+00  0.00000E+00  0.00000E+00  0.00000E+00  0.00000E+00  0.00000E+00  0.00000E+00  0.00000E+00  0.00000E+00  0.00000E+00  0.00000E+00
 OMEGA(6,2)    0.00000E+00  0.00000E+00  0.00000E+00  0.00000E+00  0.00000E+00  0.00000E+00  0.00000E+00  0.00000E+00  0.00000E+00  0.00000E+00  0.00000E+00  0.00000E+00  0.00000E+00  0.00000E+00  0.00000E+00  0.00000E+00  0.00000E+00  0.00000E+00  0.00000E+00  0.00000E+00  0.00000E+00  0.00000E+00  0.00000E+00  0.00000E+00  0.00000E+00
 OMEGA(6,3)    0.00000E+00  0.00000E+00  0.00000E+00  0.00000E+00  0.00000E+00  0.00000E+00  0.00000E+00  0.00000E+00  0.00000E+00  0.00000E+00  0.00000E+00  0.00000E+00  0.00000E+00  0.00000E+00  0.00000E+00  0.00000E+00  0.00000E+00  0.00000E+00  0.00000E+00  0.00000E+00  0.00000E+00  0.00000E+00  0.00000E+00  0.00000E+00  0.00000E+00
 OMEGA(6,4)   -7.85010E-03  3.93215E-02 -1.93312E-03 -1.02374E-02  4.24604E-03 -5.94210E-03  1.58725E-02 -4.99995E-03  4.21843E-03  6.75238E-02  0.00000E+00  0.00000E+00  0.00000E+00  7.22799E-01  0.00000E+00  0.00000E+00  0.00000E+00 -2.09615E-01  3.73934E-02  0.00000E+00  0.00000E+00  0.00000E+00  1.56781E-02 -1.97735E-01  7.35115E-01
 OMEGA(6,5)    6.83442E-03 -3.91821E-02 -3.73013E-02 -5.80800E-03 -1.17211E-02  3.01857E-02  1.76651E-02  7.60997E-03  4.70754E-02 -2.01202E-02  0.00000E+00  0.00000E+00  0.00000E+00 -1.48613E-01  0.00000E+00  0.00000E+00  0.00000E+00  6.08667E-01 -2.19589E-01  0.00000E+00  0.00000E+00  0.00000E+00 -1.97735E-01  1.20993E-02 -1.73149E-01
 OMEGA(6,6)   -1.02333E-02  1.74092E-02 -1.76995E-02 -1.26533E-02  2.71583E-02  9.67272E-03  1.89165E-02 -3.10284E-02 -1.09368E-02  6.14489E-02  0.00000E+00  0.00000E+00  0.00000E+00  3.77596E-01  0.00000E+00  0.00000E+00  0.00000E+00 -1.24720E-01  4.70391E-02  0.00000E+00  0.00000E+00  0.00000E+00  7.35115E-01 -1.73149E-01  2.45278E-02
TABLE NO.     4: First Order Conditional Estimation with Interaction (No Prior): Problem=1 Subproblem=0 Superproblem1=0 Iteration1=0 Superproblem2=0 Iteration2=0
 NAME         THETA1       THETA2       THETA3       SIGMA(1,1)   OMEGA(1,1)   OMEGA(2,1)   OMEGA(2,2)   OMEGA(3,1)   OMEGA(3,2)   OMEGA(3,3)   OMEGA(4,1)   OMEGA(4,2)   OMEGA(4,3)   OMEGA(4,4)   OMEGA(5,1)   OMEGA(5,2)   OMEGA(5,3)   OMEGA(5,4)   OMEGA(5,5)   OMEGA(6,1)   OMEGA(6,2)   OMEGA(6,3)   OMEGA(6,4)   OMEGA(6,5)   OMEGA(6,6)
 THETA1        4.32186E-02 -2.09975E-01  6.60258E-01  1.87547E-03 -6.84115E-04 -7.67346E-03  2.57491E-04  9.77838E-03 -2.17569E-05  9.13933E-04  0.00000E+00  0.00000E+00  0.00000E+00  2.03346E-02  0.00000E+00  0.00000E+00  0.00000E+00 -2.77409E-03 -4.00616E-04  0.00000E+00  0.00000E+00  0.00000E+00  1.06768E-02  3.74138E-04  2.06872E-03
 THETA2       -2.09975E-01  3.92780E-02 -1.81850E-01  1.90809E-03  4.11639E-04 -2.32900E-03  3.12804E-04  3.20472E-03  2.19425E-05  2.78353E-04  0.00000E+00  0.00000E+00  0.00000E+00 -2.46753E-03  0.00000E+00  0.00000E+00  0.00000E+00  1.07071E-02  2.33922E-03  0.00000E+00  0.00000E+00  0.00000E+00 -1.64945E-03  1.35446E-03 -6.82775E-04
 THETA3        6.60258E-01 -1.81850E-01  5.46326E-02  1.85117E-03  1.83693E-04 -3.27746E-03  2.94669E-04  4.42813E-03  9.68120E-06  3.66134E-04  0.00000E+00  0.00000E+00  0.00000E+00  1.15387E-02  0.00000E+00  0.00000E+00  0.00000E+00 -2.39338E-03 -6.45893E-05  0.00000E+00  0.00000E+00  0.00000E+00  1.12985E-02  6.67959E-04  2.59955E-03
 SIGMA(1,1)    1.87547E-03  1.90809E-03  1.85117E-03  5.47955E-05 -4.18586E-02 -2.30147E-02 -1.58779E-02 -2.36156E-02 -2.36866E-02 -1.88538E-02  0.00000E+00  0.00000E+00  0.00000E+00  1.29693E-02  0.00000E+00  0.00000E+00  0.00000E+00  1.05376E-02  4.34606E-03  0.00000E+00  0.00000E+00  0.00000E+00  1.23975E-02  9.00680E-03  8.55886E-03
 OMEGA(1,1)   -6.84115E-04  4.11639E-04  1.83693E-04 -4.18586E-02  8.59572E-04  1.11649E-01  5.69298E-03  1.86686E-01  1.12438E-02  1.19147E-02  0.00000E+00  0.00000E+00  0.00000E+00  5.34567E-03  0.00000E+00  0.00000E+00  0.00000E+00  6.45457E-04 -3.87583E-05  0.00000E+00  0.00000E+00  0.00000E+00  6.21350E-04 -1.86289E-04 -3.89804E-04
 OMEGA(2,1)   -7.67346E-03 -2.32900E-03 -3.27746E-03 -2.30147E-02  1.11649E-01  5.30650E-04  8.51913E-02  1.15916E-01  1.00552E-01  1.47252E-02  0.00000E+00  0.00000E+00  0.00000E+00  1.38541E-03  0.00000E+00  0.00000E+00  0.00000E+00  4.10202E-03  1.00105E-03  0.00000E+00  0.00000E+00  0.00000E+00  1.61460E-04  6.88591E-04 -1.60826E-04
 OMEGA(2,2)    2.57491E-04  3.12804E-04  2.94669E-04 -1.58779E-02  5.69298E-03  8.51913E-02  5.03456E-04  9.02066E-03  1.60426E-01  1.32101E-02  0.00000E+00  0.00000E+00  0.00000E+00 -1.23307E-04  0.00000E+00  0.00000E+00  0.00000E+00  1.65813E-03  1.33002E-03  0.00000E+00  0.00000E+00  0.00000E+00 -1.07639E-04  7.82411E-04 -6.60974E-05
 OMEGA(3,1)    9.77838E-03  3.20472E-03  4.42813E-03 -2.36156E-02  1.86686E-01  1.15916E-01  9.02066E-03  5.90716E-04  6.26128E-02  1.18635E-01  0.00000E+00  0.00000E+00  0.00000E+00  1.33604E-03  0.00000E+00  0.00000E+00  0.00000E+00  3.53202E-04  9.48040E-07  0.00000E+00  0.00000E+00  0.00000E+00  2.73356E-03  4.99284E-04  7.51085E-04
 OMEGA(3,2)   -2.17569E-05  2.19425E-05  9.68120E-06 -2.36866E-02  1.12438E-02  1.00552E-01  1.60426E-01  6.26128E-02  3.59112E-04  1.56598E-01  0.00000E+00  0.00000E+00  0.00000E+00  1.53871E-04  0.00000E+00  0.00000E+00  0.00000E+00  7.07978E-05  4.55046E-04  0.00000E+00  0.00000E+00  0.00000E+00  6.79854E-04  6.89719E-04  4.92490E-04
 OMEGA(3,3)    9.13933E-04  2.78353E-04  3.66134E-04 -1.88538E-02  1.19147E-02  1.47252E-02  1.32101E-02  1.18635E-01  1.56598E-01  5.04773E-04  0.00000E+00  0.00000E+00  0.00000E+00 -2.43270E-04  0.00000E+00  0.00000E+00  0.00000E+00  9.12382E-06 -1.73796E-05  0.00000E+00  0.00000E+00  0.00000E+00 -1.27050E-04  2.47169E-04  2.75691E-04
 OMEGA(4,1)    0.00000E+00  0.00000E+00  0.00000E+00  0.00000E+00  0.00000E+00  0.00000E+00  0.00000E+00  0.00000E+00  0.00000E+00  0.00000E+00  0.00000E+00  0.00000E+00  0.00000E+00  0.00000E+00  0.00000E+00  0.00000E+00  0.00000E+00  0.00000E+00  0.00000E+00  0.00000E+00  0.00000E+00  0.00000E+00  0.00000E+00  0.00000E+00  0.00000E+00
 OMEGA(4,2)    0.00000E+00  0.00000E+00  0.00000E+00  0.00000E+00  0.00000E+00  0.00000E+00  0.00000E+00  0.00000E+00  0.00000E+00  0.00000E+00  0.00000E+00  0.00000E+00  0.00000E+00  0.00000E+00  0.00000E+00  0.00000E+00  0.00000E+00  0.00000E+00  0.00000E+00  0.00000E+00  0.00000E+00  0.00000E+00  0.00000E+00  0.00000E+00  0.00000E+00
 OMEGA(4,3)    0.00000E+00  0.00000E+00  0.00000E+00  0.00000E+00  0.00000E+00  0.00000E+00  0.00000E+00  0.00000E+00  0.00000E+00  0.00000E+00  0.00000E+00  0.00000E+00  0.00000E+00  0.00000E+00  0.00000E+00  0.00000E+00  0.00000E+00  0.00000E+00  0.00000E+00  0.00000E+00  0.00000E+00  0.00000E+00  0.00000E+00  0.00000E+00  0.00000E+00
 OMEGA(4,4)    2.03346E-02 -2.46753E-03  1.15387E-02  1.29693E-02  5.34567E-03  1.38541E-03 -1.23307E-04  1.33604E-03  1.53871E-04 -2.43270E-04  0.00000E+00  0.00000E+00  0.00000E+00  1.23694E-02  0.00000E+00  0.00000E+00  0.00000E+00 -1.65598E-01  1.47605E-02  0.00000E+00  0.00000E+00  0.00000E+00  7.90483E-01 -1.10492E-01  4.62249E-01
 OMEGA(5,1)    0.00000E+00  0.00000E+00  0.00000E+00  0.00000E+00  0.00000E+00  0.00000E+00  0.00000E+00  0.00000E+00  0.00000E+00  0.00000E+00  0.00000E+00  0.00000E+00  0.00000E+00  0.00000E+00  0.00000E+00  0.00000E+00  0.00000E+00  0.00000E+00  0.00000E+00  0.00000E+00  0.00000E+00  0.00000E+00  0.00000E+00  0.00000E+00  0.00000E+00
 OMEGA(5,2)    0.00000E+00  0.00000E+00  0.00000E+00  0.00000E+00  0.00000E+00  0.00000E+00  0.00000E+00  0.00000E+00  0.00000E+00  0.00000E+00  0.00000E+00  0.00000E+00  0.00000E+00  0.00000E+00  0.00000E+00  0.00000E+00  0.00000E+00  0.00000E+00  0.00000E+00  0.00000E+00  0.00000E+00  0.00000E+00  0.00000E+00  0.00000E+00  0.00000E+00
 OMEGA(5,3)    0.00000E+00  0.00000E+00  0.00000E+00  0.00000E+00  0.00000E+00  0.00000E+00  0.00000E+00  0.00000E+00  0.00000E+00  0.00000E+00  0.00000E+00  0.00000E+00  0.00000E+00  0.00000E+00  0.00000E+00  0.00000E+00  0.00000E+00  0.00000E+00  0.00000E+00  0.00000E+00  0.00000E+00  0.00000E+00  0.00000E+00  0.00000E+00  0.00000E+00
 OMEGA(5,4)   -2.77409E-03  1.07071E-02 -2.39338E-03  1.05376E-02  6.45457E-04  4.10202E-03  1.65813E-03  3.53202E-04  7.07978E-05  9.12382E-06  0.00000E+00  0.00000E+00  0.00000E+00 -1.65598E-01  0.00000E+00  0.00000E+00  0.00000E+00  7.75379E-03 -1.32427E-01  0.00000E+00  0.00000E+00  0.00000E+00 -1.67088E-01  6.89350E-01 -1.17558E-01
 OMEGA(5,5)   -4.00616E-04  2.33922E-03 -6.45893E-05  4.34606E-03 -3.87583E-05  1.00105E-03  1.33002E-03  9.48040E-07  4.55046E-04 -1.73796E-05  0.00000E+00  0.00000E+00  0.00000E+00  1.47605E-02  0.00000E+00  0.00000E+00  0.00000E+00 -1.32427E-01  9.08135E-03  0.00000E+00  0.00000E+00  0.00000E+00  1.58414E-02 -1.53626E-01  1.38138E-02
 OMEGA(6,1)    0.00000E+00  0.00000E+00  0.00000E+00  0.00000E+00  0.00000E+00  0.00000E+00  0.00000E+00  0.00000E+00  0.00000E+00  0.00000E+00  0.00000E+00  0.00000E+00  0.00000E+00  0.00000E+00  0.00000E+00  0.00000E+00  0.00000E+00  0.00000E+00  0.00000E+00  0.00000E+00  0.00000E+00  0.00000E+00  0.00000E+00  0.00000E+00  0.00000E+00
 OMEGA(6,2)    0.00000E+00  0.00000E+00  0.00000E+00  0.00000E+00  0.00000E+00  0.00000E+00  0.00000E+00  0.00000E+00  0.00000E+00  0.00000E+00  0.00000E+00  0.00000E+00  0.00000E+00  0.00000E+00  0.00000E+00  0.00000E+00  0.00000E+00  0.00000E+00  0.00000E+00  0.00000E+00  0.00000E+00  0.00000E+00  0.00000E+00  0.00000E+00  0.00000E+00
 OMEGA(6,3)    0.00000E+00  0.00000E+00  0.00000E+00  0.00000E+00  0.00000E+00  0.00000E+00  0.00000E+00  0.00000E+00  0.00000E+00  0.00000E+00  0.00000E+00  0.00000E+00  0.00000E+00  0.00000E+00  0.00000E+00  0.00000E+00  0.00000E+00  0.00000E+00  0.00000E+00  0.00000E+00  0.00000E+00  0.00000E+00  0.00000E+00  0.00000E+00  0.00000E+00
 OMEGA(6,4)    1.06768E-02 -1.64945E-03  1.12985E-02  1.23975E-02  6.21350E-04  1.61460E-04 -1.07639E-04  2.73356E-03  6.79854E-04 -1.27050E-04  0.00000E+00  0.00000E+00  0.00000E+00  7.90483E-01  0.00000E+00  0.00000E+00  0.00000E+00 -1.67088E-01  1.58414E-02  0.00000E+00  0.00000E+00  0.00000E+00  1.28856E-02 -1.53115E-01  8.02264E-01
 OMEGA(6,5)    3.74138E-04  1.35446E-03  6.67959E-04  9.00680E-03 -1.86289E-04  6.88591E-04  7.82411E-04  4.99284E-04  6.89719E-04  2.47169E-04  0.00000E+00  0.00000E+00  0.00000E+00 -1.10492E-01  0.00000E+00  0.00000E+00  0.00000E+00  6.89350E-01 -1.53626E-01  0.00000E+00  0.00000E+00  0.00000E+00 -1.53115E-01  9.16208E-03 -1.61374E-01
 OMEGA(6,6)    2.06872E-03 -6.82775E-04  2.59955E-03  8.55886E-03 -3.89804E-04 -1.60826E-04 -6.60974E-05  7.51085E-04  4.92490E-04  2.75691E-04  0.00000E+00  0.00000E+00  0.00000E+00  4.62249E-01  0.00000E+00  0.00000E+00  0.00000E+00 -1.17558E-01  1.38138E-02  0.00000E+00  0.00000E+00  0.00000E+00  8.02264E-01 -1.61374E-01  1.79879E-02
