TABLE NO.     1: Stochastic Approximation Expectation-Maximization: Problem=1 Subproblem=0 Superproblem1=0 Iteration1=0 Superproblem2=0 Iteration2=0
 NAME         THETA1       THETA2       SIGMA(1,1)   OMEGA(1,1)   OMEGA(2,1)   OMEGA(2,2)   OMEGA(3,1)   OMEGA(3,2)   OMEGA(3,3)   OMEGA(4,1)   OMEGA(4,2)   OMEGA(4,3)   OMEGA(4,4)   OMEGA(5,1)   OMEGA(5,2)   OMEGA(5,3)   OMEGA(5,4)   OMEGA(5,5)   OMEGA(6,1)   OMEGA(6,2)   OMEGA(6,3)   OMEGA(6,4)   OMEGA(6,5)   OMEGA(6,6)
 THETA1        6.94119E-02 -1.57258E-01  3.05035E-03 -1.60173E-02 -3.44797E-04  4.60181E-02  0.00000E+00  0.00000E+00  3.78245E-02  0.00000E+00  0.00000E+00  4.92123E-02 -1.21286E-02  0.00000E+00  0.00000E+00  0.00000E+00  0.00000E+00  1.65906E-02  0.00000E+00  0.00000E+00  0.00000E+00  0.00000E+00  2.55134E-01 -4.32544E-02
 THETA2       -1.57258E-01  6.41915E-02  3.82786E-03  3.39248E-02 -1.10544E-02  1.18040E-02  0.00000E+00  0.00000E+00  1.71199E-01  0.00000E+00  0.00000E+00  5.92460E-02  2.56018E-02  0.00000E+00  0.00000E+00  0.00000E+00  0.00000E+00  2.84051E-01  0.00000E+00  0.00000E+00  0.00000E+00  0.00000E+00 -1.96760E-01  3.41000E-01
 SIGMA(1,1)    3.05035E-03  3.82786E-03  1.28330E-04 -8.73579E-02 -4.05619E-02 -1.00717E-01  0.00000E+00  0.00000E+00  8.91527E-03  0.00000E+00  0.00000E+00  1.45865E-03 -3.04975E-03  0.00000E+00  0.00000E+00  0.00000E+00  0.00000E+00 -2.55482E-02  0.00000E+00  0.00000E+00  0.00000E+00  0.00000E+00  9.14045E-03 -1.57797E-03
 OMEGA(1,1)   -1.60173E-02  3.39248E-02 -8.73579E-02  3.07807E-04  1.06712E-01 -9.61479E-03  0.00000E+00  0.00000E+00  3.03024E-02  0.00000E+00  0.00000E+00 -9.68051E-03  1.81341E-02  0.00000E+00  0.00000E+00  0.00000E+00  0.00000E+00  2.83203E-02  0.00000E+00  0.00000E+00  0.00000E+00  0.00000E+00 -1.96955E-02  1.66283E-02
 OMEGA(2,1)   -3.44797E-04 -1.10544E-02 -4.05619E-02  1.06712E-01  2.31483E-04 -9.61128E-04  0.00000E+00  0.00000E+00  9.86018E-03  0.00000E+00  0.00000E+00 -4.10795E-02  6.21642E-03  0.00000E+00  0.00000E+00  0.00000E+00  0.00000E+00  4.26859E-04  0.00000E+00  0.00000E+00  0.00000E+00  0.00000E+00  2.08068E-02 -1.53368E-02
 OMEGA(2,2)    4.60181E-02  1.18040E-02 -1.00717E-01 -9.61479E-03 -9.61128E-04  3.46365E-04  0.00000E+00  0.00000E+00 -1.15597E-02  0.00000E+00  0.00000E+00  1.86054E-02 -1.12103E-02  0.00000E+00  0.00000E+00  0.00000E+00  0.00000E+00 -1.27693E-02  0.00000E+00  0.00000E+00  0.00000E+00  0.00000E+00  1.29521E-02 -3.20834E-02
 OMEGA(3,1)    0.00000E+00  0.00000E+00  0.00000E+00  0.00000E+00  0.00000E+00  0.00000E+00  0.00000E+00  0.00000E+00  0.00000E+00  0.00000E+00  0.00000E+00  0.00000E+00  0.00000E+00  0.00000E+00  0.00000E+00  0.00000E+00  0.00000E+00  0.00000E+00  0.00000E+00  0.00000E+00  0.00000E+00  0.00000E+00  0.00000E+00  0.00000E+00
 OMEGA(3,2)    0.00000E+00  0.00000E+00  0.00000E+00  0.00000E+00  0.00000E+00  0.00000E+00  0.00000E+00  0.00000E+00  0.00000E+00  0.00000E+00  0.00000E+00  0.00000E+00  0.00000E+00  0.00000E+00  0.00000E+00  0.00000E+00  0.00000E+00  0.00000E+00  0.00000E+00  0.00000E+00  0.00000E+00  0.00000E+00  0.00000E+00  0.00000E+00
 OMEGA(3,3)    3.78245E-02  1.71199E-01  8.91527E-03  3.03024E-02  9.86018E-03 -1.15597E-02  0.00000E+00  0.00000E+00  2.12799E-03  0.00000E+00  0.00000E+00 -6.90804E-02 -1.37599E-02  0.00000E+00  0.00000E+00  0.00000E+00  0.00000E+00  1.26565E-01  0.00000E+00  0.00000E+00  0.00000E+00  0.00000E+00 -9.63057E-02  4.98884E-02
 OMEGA(4,1)    0.00000E+00  0.00000E+00  0.00000E+00  0.00000E+00  0.00000E+00  0.00000E+00  0.00000E+00  0.00000E+00  0.00000E+00  0.00000E+00  0.00000E+00  0.00000E+00  0.00000E+00  0.00000E+00  0.00000E+00  0.00000E+00  0.00000E+00  0.00000E+00  0.00000E+00  0.00000E+00  0.00000E+00  0.00000E+00  0.00000E+00  0.00000E+00
 OMEGA(4,2)    0.00000E+00  0.00000E+00  0.00000E+00  0.00000E+00  0.00000E+00  0.00000E+00  0.00000E+00  0.00000E+00  0.00000E+00  0.00000E+00  0.00000E+00  0.00000E+00  0.00000E+00  0.00000E+00  0.00000E+00  0.00000E+00  0.00000E+00  0.00000E+00  0.00000E+00  0.00000E+00  0.00000E+00  0.00000E+00  0.00000E+00  0.00000E+00
 OMEGA(4,3)    4.92123E-02  5.92460E-02  1.45865E-03 -9.68051E-03 -4.10795E-02  1.86054E-02  0.00000E+00  0.00000E+00 -6.90804E-02  0.00000E+00  0.00000E+00  1.67856E-03 -5.25511E-04  0.00000E+00  0.00000E+00  0.00000E+00  0.00000E+00  5.88260E-02  0.00000E+00  0.00000E+00  0.00000E+00  0.00000E+00  4.09386E-02 -8.10424E-02
 OMEGA(4,4)   -1.21286E-02  2.56018E-02 -3.04975E-03  1.81341E-02  6.21642E-03 -1.12103E-02  0.00000E+00  0.00000E+00 -1.37599E-02  0.00000E+00  0.00000E+00 -5.25511E-04  2.46016E-03  0.00000E+00  0.00000E+00  0.00000E+00  0.00000E+00  5.96056E-02  0.00000E+00  0.00000E+00  0.00000E+00  0.00000E+00 -2.28978E-02  1.78111E-02
 OMEGA(5,1)    0.00000E+00  0.00000E+00  0.00000E+00  0.00000E+00  0.00000E+00  0.00000E+00  0.00000E+00  0.00000E+00  0.00000E+00  0.00000E+00  0.00000E+00  0.00000E+00  0.00000E+00  0.00000E+00  0.00000E+00  0.00000E+00  0.00000E+00  0.00000E+00  0.00000E+00  0.00000E+00  0.00000E+00  0.00000E+00  0.00000E+00  0.00000E+00
 OMEGA(5,2)    0.00000E+00  0.00000E+00  0.00000E+00  0.00000E+00  0.00000E+00  0.00000E+00  0.00000E+00  0.00000E+00  0.00000E+00  0.00000E+00  0.00000E+00  0.00000E+00  0.00000E+00  0.00000E+00  0.00000E+00  0.00000E+00  0.00000E+00  0.00000E+00  0.00000E+00  0.00000E+00  0.00000E+00  0.00000E+00  0.00000E+00  0.00000E+00
 OMEGA(5,3)    0.00000E+00  0.00000E+00  0.00000E+00  0.00000E+00  0.00000E+00  0.00000E+00  0.00000E+00  0.00000E+00  0.00000E+00  0.00000E+00  0.00000E+00  0.00000E+00  0.00000E+00  0.00000E+00  0.00000E+00  0.00000E+00  0.00000E+00  0.00000E+00  0.00000E+00  0.00000E+00  0.00000E+00  0.00000E+00  0.00000E+00  0.00000E+00
 OMEGA(5,4)    0.00000E+00  0.00000E+00  0.00000E+00  0.00000E+00  0.00000E+00  0.00000E+00  0.00000E+00  0.00000E+00  0.00000E+00  0.00000E+00  0.00000E+00  0.00000E+00  0.00000E+00  0.00000E+00  0.00000E+00  0.00000E+00  0.00000E+00  0.00000E+00  0.00000E+00  0.00000E+00  0.00000E+00  0.00000E+00  0.00000E+00  0.00000E+00
 OMEGA(5,5)    1.65906E-02  2.84051E-01 -2.55482E-02  2.83203E-02  4.26859E-04 -1.27693E-02  0.00000E+00  0.00000E+00  1.26565E-01  0.00000E+00  0.00000E+00  5.88260E-02  5.96056E-02  0.00000E+00  0.00000E+00  0.00000E+00  0.00000E+00  3.40311E-02  0.00000E+00  0.00000E+00  0.00000E+00  0.00000E+00 -6.43952E-01  2.71622E-01
 OMEGA(6,1)    0.00000E+00  0.00000E+00  0.00000E+00  0.00000E+00  0.00000E+00  0.00000E+00  0.00000E+00  0.00000E+00  0.00000E+00  0.00000E+00  0.00000E+00  0.00000E+00  0.00000E+00  0.00000E+00  0.00000E+00  0.00000E+00  0.00000E+00  0.00000E+00  0.00000E+00  0.00000E+00  0.00000E+00  0.00000E+00  0.00000E+00  0.00000E+00
 OMEGA(6,2)    0.00000E+00  0.00000E+00  0.00000E+00  0.00000E+00  0.00000E+00  0.00000E+00  0.00000E+00  0.00000E+00  0.00000E+00  0.00000E+00  0.00000E+00  0.00000E+00  0.00000E+00  0.00000E+00  0.00000E+00  0.00000E+00  0.00000E+00  0.00000E+00  0.00000E+00  0.00000E+00  0.00000E+00  0.00000E+00  0.00000E+00  0.00000E+00
 OMEGA(6,3)    0.00000E+00  0.00000E+00  0.00000E+00  0.00000E+00  0.00000E+00  0.00000E+00  0.00000E+00  0.00000E+00  0.00000E+00  0.00000E+00  0.00000E+00  0.00000E+00  0.00000E+00  0.00000E+00  0.00000E+00  0.00000E+00  0.00000E+00  0.00000E+00  0.00000E+00  0.00000E+00  0.00000E+00  0.00000E+00  0.00000E+00  0.00000E+00
 OMEGA(6,4)    0.00000E+00  0.00000E+00  0.00000E+00  0.00000E+00  0.00000E+00  0.00000E+00  0.00000E+00  0.00000E+00  0.00000E+00  0.00000E+00  0.00000E+00  0.00000E+00  0.00000E+00  0.00000E+00  0.00000E+00  0.00000E+00  0.00000E+00  0.00000E+00  0.00000E+00  0.00000E+00  0.00000E+00  0.00000E+00  0.00000E+00  0.00000E+00
 OMEGA(6,5)    2.55134E-01 -1.96760E-01  9.14045E-03 -1.96955E-02  2.08068E-02  1.29521E-02  0.00000E+00  0.00000E+00 -9.63057E-02  0.00000E+00  0.00000E+00  4.09386E-02 -2.28978E-02  0.00000E+00  0.00000E+00  0.00000E+00  0.00000E+00 -6.43952E-01  0.00000E+00  0.00000E+00  0.00000E+00  0.00000E+00  2.58166E-02 -3.24001E-01
 OMEGA(6,6)   -4.32544E-02  3.41000E-01 -1.57797E-03  1.66283E-02 -1.53368E-02 -3.20834E-02  0.00000E+00  0.00000E+00  4.98884E-02  0.00000E+00  0.00000E+00 -8.10424E-02  1.78111E-02  0.00000E+00  0.00000E+00  0.00000E+00  0.00000E+00  2.71622E-01  0.00000E+00  0.00000E+00  0.00000E+00  0.00000E+00 -3.24001E-01  2.87889E-02
TABLE NO.     2: Objective Function Evaluation by Importance Sampling: Problem=1 Subproblem=0 Superproblem1=0 Iteration1=0 Superproblem2=0 Iteration2=0
 NAME         THETA1       THETA2       SIGMA(1,1)   OMEGA(1,1)   OMEGA(2,1)   OMEGA(2,2)   OMEGA(3,1)   OMEGA(3,2)   OMEGA(3,3)   OMEGA(4,1)   OMEGA(4,2)   OMEGA(4,3)   OMEGA(4,4)   OMEGA(5,1)   OMEGA(5,2)   OMEGA(5,3)   OMEGA(5,4)   OMEGA(5,5)   OMEGA(6,1)   OMEGA(6,2)   OMEGA(6,3)   OMEGA(6,4)   OMEGA(6,5)   OMEGA(6,6)
 THETA1        6.90105E-02 -1.60111E-01  4.27067E-03 -1.59704E-02  1.98865E-03  4.42866E-02  0.00000E+00  0.00000E+00  3.47970E-02  0.00000E+00  0.00000E+00  4.57308E-02 -1.05412E-02  0.00000E+00  0.00000E+00  0.00000E+00  0.00000E+00  1.88317E-02  0.00000E+00  0.00000E+00  0.00000E+00  0.00000E+00  2.52153E-01 -4.38074E-02
 THETA2       -1.60111E-01  6.35674E-02  6.25051E-03  2.51037E-02 -1.18066E-02  3.68871E-03  0.00000E+00  0.00000E+00  1.62787E-01  0.00000E+00  0.00000E+00  6.22482E-02  1.53884E-02  0.00000E+00  0.00000E+00  0.00000E+00  0.00000E+00  2.59597E-01  0.00000E+00  0.00000E+00  0.00000E+00  0.00000E+00 -1.75954E-01  3.13042E-01
 SIGMA(1,1)    4.27067E-03  6.25051E-03  1.26747E-04 -8.32871E-02 -4.07467E-02 -9.51381E-02  0.00000E+00  0.00000E+00  8.52446E-03  0.00000E+00  0.00000E+00  1.25098E-03 -5.10108E-03  0.00000E+00  0.00000E+00  0.00000E+00  0.00000E+00 -2.06802E-02  0.00000E+00  0.00000E+00  0.00000E+00  0.00000E+00  6.88250E-03  1.97325E-03
 OMEGA(1,1)   -1.59704E-02  2.51037E-02 -8.32871E-02  3.11885E-04  9.87843E-02  1.90312E-03  0.00000E+00  0.00000E+00  2.50066E-02  0.00000E+00  0.00000E+00 -1.02669E-02  1.84033E-02  0.00000E+00  0.00000E+00  0.00000E+00  0.00000E+00  1.29980E-02  0.00000E+00  0.00000E+00  0.00000E+00  0.00000E+00 -9.88520E-03 -3.32493E-03
 OMEGA(2,1)    1.98865E-03 -1.18066E-02 -4.07467E-02  9.87843E-02  2.33951E-04  7.34158E-02  0.00000E+00  0.00000E+00  6.99788E-03  0.00000E+00  0.00000E+00 -4.18842E-02  6.67761E-03  0.00000E+00  0.00000E+00  0.00000E+00  0.00000E+00 -9.00554E-04  0.00000E+00  0.00000E+00  0.00000E+00  0.00000E+00  1.97999E-02 -1.77307E-02
 OMEGA(2,2)    4.42866E-02  3.68871E-03 -9.51381E-02  1.90312E-03  7.34158E-02  3.44627E-04  0.00000E+00  0.00000E+00 -1.12092E-02  0.00000E+00  0.00000E+00  1.77334E-02 -1.21157E-02  0.00000E+00  0.00000E+00  0.00000E+00  0.00000E+00 -2.99384E-02  0.00000E+00  0.00000E+00  0.00000E+00  0.00000E+00  2.14383E-02 -4.95863E-02
 OMEGA(3,1)    0.00000E+00  0.00000E+00  0.00000E+00  0.00000E+00  0.00000E+00  0.00000E+00  0.00000E+00  0.00000E+00  0.00000E+00  0.00000E+00  0.00000E+00  0.00000E+00  0.00000E+00  0.00000E+00  0.00000E+00  0.00000E+00  0.00000E+00  0.00000E+00  0.00000E+00  0.00000E+00  0.00000E+00  0.00000E+00  0.00000E+00  0.00000E+00
 OMEGA(3,2)    0.00000E+00  0.00000E+00  0.00000E+00  0.00000E+00  0.00000E+00  0.00000E+00  0.00000E+00  0.00000E+00  0.00000E+00  0.00000E+00  0.00000E+00  0.00000E+00  0.00000E+00  0.00000E+00  0.00000E+00  0.00000E+00  0.00000E+00  0.00000E+00  0.00000E+00  0.00000E+00  0.00000E+00  0.00000E+00  0.00000E+00  0.00000E+00
 OMEGA(3,3)    3.47970E-02  1.62787E-01  8.52446E-03  2.50066E-02  6.99788E-03 -1.12092E-02  0.00000E+00  0.00000E+00  2.11720E-03  0.00000E+00  0.00000E+00 -6.40998E-02 -1.71770E-02  0.00000E+00  0.00000E+00  0.00000E+00  0.00000E+00  1.05744E-01  0.00000E+00  0.00000E+00  0.00000E+00  0.00000E+00 -8.10637E-02  2.95032E-02
 OMEGA(4,1)    0.00000E+00  0.00000E+00  0.00000E+00  0.00000E+00  0.00000E+00  0.00000E+00  0.00000E+00  0.00000E+00  0.00000E+00  0.00000E+00  0.00000E+00  0.00000E+00  0.00000E+00  0.00000E+00  0.00000E+00  0.00000E+00  0.00000E+00  0.00000E+00  0.00000E+00  0.00000E+00  0.00000E+00  0.00000E+00  0.00000E+00  0.00000E+00
 OMEGA(4,2)    0.00000E+00  0.00000E+00  0.00000E+00  0.00000E+00  0.00000E+00  0.00000E+00  0.00000E+00  0.00000E+00  0.00000E+00  0.00000E+00  0.00000E+00  0.00000E+00  0.00000E+00  0.00000E+00  0.00000E+00  0.00000E+00  0.00000E+00  0.00000E+00  0.00000E+00  0.00000E+00  0.00000E+00  0.00000E+00  0.00000E+00  0.00000E+00
 OMEGA(4,3)    4.57308E-02  6.22482E-02  1.25098E-03 -1.02669E-02 -4.18842E-02  1.77334E-02  0.00000E+00  0.00000E+00 -6.40998E-02  0.00000E+00  0.00000E+00  1.67584E-03  2.45685E-03  0.00000E+00  0.00000E+00  0.00000E+00  0.00000E+00  6.15095E-02  0.00000E+00  0.00000E+00  0.00000E+00  0.00000E+00  3.99918E-02 -7.75129E-02
 OMEGA(4,4)   -1.05412E-02  1.53884E-02 -5.10108E-03  1.84033E-02  6.67761E-03 -1.21157E-02  0.00000E+00  0.00000E+00 -1.71770E-02  0.00000E+00  0.00000E+00  2.45685E-03  2.46374E-03  0.00000E+00  0.00000E+00  0.00000E+00  0.00000E+00  4.56371E-02  0.00000E+00  0.00000E+00  0.00000E+00  0.00000E+00 -1.30231E-02  2.12210E-03
 OMEGA(5,1)    0.00000E+00  0.00000E+00  0.00000E+00  0.00000E+00  0.00000E+00  0.00000E+00  0.00000E+00  0.00000E+00  0.00000E+00  0.00000E+00  0.00000E+00  0.00000E+00  0.00000E+00  0.00000E+00  0.00000E+00  0.00000E+00  0.00000E+00  0.00000E+00  0.00000E+00  0.00000E+00  0.00000E+00  0.00000E+00  0.00000E+00  0.00000E+00
 OMEGA(5,2)    0.00000E+00  0.00000E+00  0.00000E+00  0.00000E+00  0.00000E+00  0.00000E+00  0.00000E+00  0.00000E+00  0.00000E+00  0.00000E+00  0.00000E+00  0.00000E+00  0.00000E+00  0.00000E+00  0.00000E+00  0.00000E+00  0.00000E+00  0.00000E+00  0.00000E+00  0.00000E+00  0.00000E+00  0.00000E+00  0.00000E+00  0.00000E+00
 OMEGA(5,3)    0.00000E+00  0.00000E+00  0.00000E+00  0.00000E+00  0.00000E+00  0.00000E+00  0.00000E+00  0.00000E+00  0.00000E+00  0.00000E+00  0.00000E+00  0.00000E+00  0.00000E+00  0.00000E+00  0.00000E+00  0.00000E+00  0.00000E+00  0.00000E+00  0.00000E+00  0.00000E+00  0.00000E+00  0.00000E+00  0.00000E+00  0.00000E+00
 OMEGA(5,4)    0.00000E+00  0.00000E+00  0.00000E+00  0.00000E+00  0.00000E+00  0.00000E+00  0.00000E+00  0.00000E+00  0.00000E+00  0.00000E+00  0.00000E+00  0.00000E+00  0.00000E+00  0.00000E+00  0.00000E+00  0.00000E+00  0.00000E+00  0.00000E+00  0.00000E+00  0.00000E+00  0.00000E+00  0.00000E+00  0.00000E+00  0.00000E+00
 OMEGA(5,5)    1.88317E-02  2.59597E-01 -2.06802E-02  1.29980E-02 -9.00554E-04 -2.99384E-02  0.00000E+00  0.00000E+00  1.05744E-01  0.00000E+00  0.00000E+00  6.15095E-02  4.56371E-02  0.00000E+00  0.00000E+00  0.00000E+00  0.00000E+00  3.22207E-02  0.00000E+00  0.00000E+00  0.00000E+00  0.00000E+00 -6.22973E-01  2.30184E-01
 OMEGA(6,1)    0.00000E+00  0.00000E+00  0.00000E+00  0.00000E+00  0.00000E+00  0.00000E+00  0.00000E+00  0.00000E+00  0.00000E+00  0.00000E+00  0.00000E+00  0.00000E+00  0.00000E+00  0.00000E+00  0.00000E+00  0.00000E+00  0.00000E+00  0.00000E+00  0.00000E+00  0.00000E+00  0.00000E+00  0.00000E+00  0.00000E+00  0.00000E+00
 OMEGA(6,2)    0.00000E+00  0.00000E+00  0.00000E+00  0.00000E+00  0.00000E+00  0.00000E+00  0.00000E+00  0.00000E+00  0.00000E+00  0.00000E+00  0.00000E+00  0.00000E+00  0.00000E+00  0.00000E+00  0.00000E+00  0.00000E+00  0.00000E+00  0.00000E+00  0.00000E+00  0.00000E+00  0.00000E+00  0.00000E+00  0.00000E+00  0.00000E+00
 OMEGA(6,3)    0.00000E+00  0.00000E+00  0.00000E+00  0.00000E+00  0.00000E+00  0.00000E+00  0.00000E+00  0.00000E+00  0.00000E+00  0.00000E+00  0.00000E+00  0.00000E+00  0.00000E+00  0.00000E+00  0.00000E+00  0.00000E+00  0.00000E+00  0.00000E+00  0.00000E+00  0.00000E+00  0.00000E+00  0.00000E+00  0.00000E+00  0.00000E+00
 OMEGA(6,4)    0.00000E+00  0.00000E+00  0.00000E+00  0.00000E+00  0.00000E+00  0.00000E+00  0.00000E+00  0.00000E+00  0.00000E+00  0.00000E+00  0.00000E+00  0.00000E+00  0.00000E+00  0.00000E+00  0.00000E+00  0.00000E+00  0.00000E+00  0.00000E+00  0.00000E+00  0.00000E+00  0.00000E+00  0.00000E+00  0.00000E+00  0.00000E+00
 OMEGA(6,5)    2.52153E-01 -1.75954E-01  6.88250E-03 -9.88520E-03  1.97999E-02  2.14383E-02  0.00000E+00  0.00000E+00 -8.10637E-02  0.00000E+00  0.00000E+00  3.99918E-02 -1.30231E-02  0.00000E+00  0.00000E+00  0.00000E+00  0.00000E+00 -6.22973E-01  0.00000E+00  0.00000E+00  0.00000E+00  0.00000E+00  2.46081E-02 -3.02591E-01
 OMEGA(6,6)   -4.38074E-02  3.13042E-01  1.97325E-03 -3.32493E-03 -1.77307E-02 -4.95863E-02  0.00000E+00  0.00000E+00  2.95032E-02  0.00000E+00  0.00000E+00 -7.75129E-02  2.12210E-03  0.00000E+00  0.00000E+00  0.00000E+00  0.00000E+00  2.30184E-01  0.00000E+00  0.00000E+00  0.00000E+00  0.00000E+00 -3.02591E-01  2.74238E-02
