TABLE NO.     1: Iterative Two Stage (No Prior): Problem=1 Subproblem=0 Superproblem1=0 Iteration1=0 Superproblem2=0 Iteration2=0
 NAME         THETA1       THETA2       THETA3       SIGMA(1,1)   OMEGA(1,1)   OMEGA(2,1)   OMEGA(2,2)   OMEGA(3,1)   OMEGA(3,2)   OMEGA(3,3)   OMEGA(4,1)   OMEGA(4,2)   OMEGA(4,3)   OMEGA(4,4)   OMEGA(5,1)   OMEGA(5,2)   OMEGA(5,3)   OMEGA(5,4)   OMEGA(5,5)   OMEGA(6,1)   OMEGA(6,2)   OMEGA(6,3)   OMEGA(6,4)   OMEGA(6,5)   OMEGA(6,6)
 THETA1        5.72146E-03  5.46242E-02  8.92646E-02  1.19381E-02 -6.70937E-02  5.21365E-02 -1.46763E-04  1.81326E-01  1.94653E-02  2.75029E-02  0.00000E+00  0.00000E+00  0.00000E+00  3.59489E-02  0.00000E+00  0.00000E+00  0.00000E+00  1.00319E-02  4.71469E-04  0.00000E+00  0.00000E+00  0.00000E+00  1.78102E-02  1.49948E-02 -2.09393E-03
 THETA2        5.46242E-02  3.66863E-03  1.07781E-01 -2.58931E-03  3.51998E-02 -9.75458E-03  1.43298E-01  2.02499E-02 -2.75641E-02  4.52164E-02  0.00000E+00  0.00000E+00  0.00000E+00  1.53270E-02  0.00000E+00  0.00000E+00  0.00000E+00  1.55735E-02 -6.68544E-03  0.00000E+00  0.00000E+00  0.00000E+00  2.02944E-02  8.23465E-03  1.36013E-02
 THETA3        8.92646E-02  1.07781E-01  3.64391E-03  1.51935E-02  6.12009E-02  1.43330E-02 -1.78773E-02  2.25233E-02  5.07432E-02  2.98823E-03  0.00000E+00  0.00000E+00  0.00000E+00  8.42360E-03  0.00000E+00  0.00000E+00  0.00000E+00  1.09142E-02  2.37291E-04  0.00000E+00  0.00000E+00  0.00000E+00  1.24366E-02  2.36423E-03  5.73808E-03
 SIGMA(1,1)    1.19381E-02 -2.58931E-03  1.51935E-02  5.56266E-05 -6.42516E-02 -1.32682E-02 -5.45209E-02 -6.90348E-02 -6.60599E-02 -7.32166E-02  0.00000E+00  0.00000E+00  0.00000E+00  4.81847E-02  0.00000E+00  0.00000E+00  0.00000E+00 -9.46298E-03  5.61632E-02  0.00000E+00  0.00000E+00  0.00000E+00  2.47000E-02  2.71070E-03 -7.40149E-03
 OMEGA(1,1)   -6.70937E-02  3.51998E-02  6.12009E-02 -6.42516E-02  9.16012E-04  6.57257E-02  1.37220E-02  1.07741E-01  3.41754E-02  8.06392E-02  0.00000E+00  0.00000E+00  0.00000E+00 -6.58799E-02  0.00000E+00  0.00000E+00  0.00000E+00  3.23384E-02 -2.13915E-02  0.00000E+00  0.00000E+00  0.00000E+00 -4.32729E-03 -9.79547E-03  9.80205E-03
 OMEGA(2,1)    5.21365E-02 -9.75458E-03  1.43330E-02 -1.32682E-02  6.57257E-02  5.44031E-04  6.26008E-02  1.57745E-01  1.26752E-01  4.55551E-02  0.00000E+00  0.00000E+00  0.00000E+00  2.68859E-02  0.00000E+00  0.00000E+00  0.00000E+00 -1.45128E-02  1.77940E-02  0.00000E+00  0.00000E+00  0.00000E+00  4.07206E-03 -7.47128E-03 -2.91594E-02
 OMEGA(2,2)   -1.46763E-04  1.43298E-01 -1.78773E-02 -5.45209E-02  1.37220E-02  6.26008E-02  5.23054E-04  3.58111E-02  2.00696E-01  5.49067E-02  0.00000E+00  0.00000E+00  0.00000E+00  2.24427E-02  0.00000E+00  0.00000E+00  0.00000E+00  1.43021E-02 -1.00581E-02  0.00000E+00  0.00000E+00  0.00000E+00  4.60691E-02  1.37094E-02  3.84643E-02
 OMEGA(3,1)    1.81326E-01  2.02499E-02  2.25233E-02 -6.90348E-02  1.07741E-01  1.57745E-01  3.58111E-02  6.90192E-04  1.04691E-01  2.01667E-01  0.00000E+00  0.00000E+00  0.00000E+00  2.60493E-02  0.00000E+00  0.00000E+00  0.00000E+00  4.61928E-02 -6.81049E-02  0.00000E+00  0.00000E+00  0.00000E+00 -2.96199E-03  1.01746E-02 -2.15638E-02
 OMEGA(3,2)    1.94653E-02 -2.75641E-02  5.07432E-02 -6.60599E-02  3.41754E-02  1.26752E-01  2.00696E-01  1.04691E-01  3.84768E-04  1.27434E-01  0.00000E+00  0.00000E+00  0.00000E+00 -3.83270E-02  0.00000E+00  0.00000E+00  0.00000E+00 -2.52794E-02  4.10344E-02  0.00000E+00  0.00000E+00  0.00000E+00 -2.49394E-02 -3.77659E-02 -1.74400E-02
 OMEGA(3,3)    2.75029E-02  4.52164E-02  2.98823E-03 -7.32166E-02  8.06392E-02  4.55551E-02  5.49067E-02  2.01667E-01  1.27434E-01  5.26520E-04  0.00000E+00  0.00000E+00  0.00000E+00 -1.69037E-02  0.00000E+00  0.00000E+00  0.00000E+00  2.86970E-02  4.46965E-03  0.00000E+00  0.00000E+00  0.00000E+00 -4.16412E-02 -1.22142E-03 -3.03450E-02
 OMEGA(4,1)    0.00000E+00  0.00000E+00  0.00000E+00  0.00000E+00  0.00000E+00  0.00000E+00  0.00000E+00  0.00000E+00  0.00000E+00  0.00000E+00  0.00000E+00  0.00000E+00  0.00000E+00  0.00000E+00  0.00000E+00  0.00000E+00  0.00000E+00  0.00000E+00  0.00000E+00  0.00000E+00  0.00000E+00  0.00000E+00  0.00000E+00  0.00000E+00  0.00000E+00
 OMEGA(4,2)    0.00000E+00  0.00000E+00  0.00000E+00  0.00000E+00  0.00000E+00  0.00000E+00  0.00000E+00  0.00000E+00  0.00000E+00  0.00000E+00  0.00000E+00  0.00000E+00  0.00000E+00  0.00000E+00  0.00000E+00  0.00000E+00  0.00000E+00  0.00000E+00  0.00000E+00  0.00000E+00  0.00000E+00  0.00000E+00  0.00000E+00  0.00000E+00  0.00000E+00
 OMEGA(4,3)    0.00000E+00  0.00000E+00  0.00000E+00  0.00000E+00  0.00000E+00  0.00000E+00  0.00000E+00  0.00000E+00  0.00000E+00  0.00000E+00  0.00000E+00  0.00000E+00  0.00000E+00  0.00000E+00  0.00000E+00  0.00000E+00  0.00000E+00  0.00000E+00  0.00000E+00  0.00000E+00  0.00000E+00  0.00000E+00  0.00000E+00  0.00000E+00  0.00000E+00
 OMEGA(4,4)    3.59489E-02  1.53270E-02  8.42360E-03  4.81847E-02 -6.58799E-02  2.68859E-02  2.24427E-02  2.60493E-02 -3.83270E-02 -1.69037E-02  0.00000E+00  0.00000E+00  0.00000E+00  1.15829E-02  0.00000E+00  0.00000E+00  0.00000E+00 -1.51453E-01  1.66435E-01  0.00000E+00  0.00000E+00  0.00000E+00  7.03036E-01 -2.77700E-01  5.24874E-01
 OMEGA(5,1)    0.00000E+00  0.00000E+00  0.00000E+00  0.00000E+00  0.00000E+00  0.00000E+00  0.00000E+00  0.00000E+00  0.00000E+00  0.00000E+00  0.00000E+00  0.00000E+00  0.00000E+00  0.00000E+00  0.00000E+00  0.00000E+00  0.00000E+00  0.00000E+00  0.00000E+00  0.00000E+00  0.00000E+00  0.00000E+00  0.00000E+00  0.00000E+00  0.00000E+00
 OMEGA(5,2)    0.00000E+00  0.00000E+00  0.00000E+00  0.00000E+00  0.00000E+00  0.00000E+00  0.00000E+00  0.00000E+00  0.00000E+00  0.00000E+00  0.00000E+00  0.00000E+00  0.00000E+00  0.00000E+00  0.00000E+00  0.00000E+00  0.00000E+00  0.00000E+00  0.00000E+00  0.00000E+00  0.00000E+00  0.00000E+00  0.00000E+00  0.00000E+00  0.00000E+00
 OMEGA(5,3)    0.00000E+00  0.00000E+00  0.00000E+00  0.00000E+00  0.00000E+00  0.00000E+00  0.00000E+00  0.00000E+00  0.00000E+00  0.00000E+00  0.00000E+00  0.00000E+00  0.00000E+00  0.00000E+00  0.00000E+00  0.00000E+00  0.00000E+00  0.00000E+00  0.00000E+00  0.00000E+00  0.00000E+00  0.00000E+00  0.00000E+00  0.00000E+00  0.00000E+00
 OMEGA(5,4)    1.00319E-02  1.55735E-02  1.09142E-02 -9.46298E-03  3.23384E-02 -1.45128E-02  1.43021E-02  4.61928E-02 -2.52794E-02  2.86970E-02  0.00000E+00  0.00000E+00  0.00000E+00 -1.51453E-01  0.00000E+00  0.00000E+00  0.00000E+00  1.01304E-02 -5.26824E-01  0.00000E+00  0.00000E+00  0.00000E+00 -3.16557E-01  7.78333E-01 -3.07821E-01
 OMEGA(5,5)    4.71469E-04 -6.68544E-03  2.37291E-04  5.61632E-02 -2.13915E-02  1.77940E-02 -1.00581E-02 -6.81049E-02  4.10344E-02  4.46965E-03  0.00000E+00  0.00000E+00  0.00000E+00  1.66435E-01  0.00000E+00  0.00000E+00  0.00000E+00 -5.26824E-01  1.52997E-02  0.00000E+00  0.00000E+00  0.00000E+00  1.10726E-01 -4.22820E-01  4.44841E-02
 OMEGA(6,1)    0.00000E+00  0.00000E+00  0.00000E+00  0.00000E+00  0.00000E+00  0.00000E+00  0.00000E+00  0.00000E+00  0.00000E+00  0.00000E+00  0.00000E+00  0.00000E+00  0.00000E+00  0.00000E+00  0.00000E+00  0.00000E+00  0.00000E+00  0.00000E+00  0.00000E+00  0.00000E+00  0.00000E+00  0.00000E+00  0.00000E+00  0.00000E+00  0.00000E+00
 OMEGA(6,2)    0.00000E+00  0.00000E+00  0.00000E+00  0.00000E+00  0.00000E+00  0.00000E+00  0.00000E+00  0.00000E+00  0.00000E+00  0.00000E+00  0.00000E+00  0.00000E+00  0.00000E+00  0.00000E+00  0.00000E+00  0.00000E+00  0.00000E+00  0.00000E+00  0.00000E+00  0.00000E+00  0.00000E+00  0.00000E+00  0.00000E+00  0.00000E+00  0.00000E+00
 OMEGA(6,3)    0.00000E+00  0.00000E+00  0.00000E+00  0.00000E+00  0.00000E+00  0.00000E+00  0.00000E+00  0.00000E+00  0.00000E+00  0.00000E+00  0.00000E+00  0.00000E+00  0.00000E+00  0.00000E+00  0.00000E+00  0.00000E+00  0.00000E+00  0.00000E+00  0.00000E+00  0.00000E+00  0.00000E+00  0.00000E+00  0.00000E+00  0.00000E+00  0.00000E+00
 OMEGA(6,4)    1.78102E-02  2.02944E-02  1.24366E-02  2.47000E-02 -4.32729E-03  4.07206E-03  4.60691E-02 -2.96199E-03 -2.49394E-02 -4.16412E-02  0.00000E+00  0.00000E+00  0.00000E+00  7.03036E-01  0.00000E+00  0.00000E+00  0.00000E+00 -3.16557E-01  1.10726E-01  0.00000E+00  0.00000E+00  0.00000E+00  1.63510E-02 -5.25126E-01  8.97006E-01
 OMEGA(6,5)    1.49948E-02  8.23465E-03  2.36423E-03  2.71070E-03 -9.79547E-03 -7.47128E-03  1.37094E-02  1.01746E-02 -3.77659E-02 -1.22142E-03  0.00000E+00  0.00000E+00  0.00000E+00 -2.77700E-01  0.00000E+00  0.00000E+00  0.00000E+00  7.78333E-01 -4.22820E-01  0.00000E+00  0.00000E+00  0.00000E+00 -5.25126E-01  1.19754E-02 -5.77826E-01
 OMEGA(6,6)   -2.09393E-03  1.36013E-02  5.73808E-03 -7.40149E-03  9.80205E-03 -2.91594E-02  3.84643E-02 -2.15638E-02 -1.74400E-02 -3.03450E-02  0.00000E+00  0.00000E+00  0.00000E+00  5.24874E-01  0.00000E+00  0.00000E+00  0.00000E+00 -3.07821E-01  4.44841E-02  0.00000E+00  0.00000E+00  0.00000E+00  8.97006E-01 -5.77826E-01  2.89275E-02
TABLE NO.     2: Importance Sampling (No Prior): Problem=1 Subproblem=0 Superproblem1=0 Iteration1=0 Superproblem2=0 Iteration2=0
 NAME         THETA1       THETA2       THETA3       SIGMA(1,1)   OMEGA(1,1)   OMEGA(2,1)   OMEGA(2,2)   OMEGA(3,1)   OMEGA(3,2)   OMEGA(3,3)   OMEGA(4,1)   OMEGA(4,2)   OMEGA(4,3)   OMEGA(4,4)   OMEGA(5,1)   OMEGA(5,2)   OMEGA(5,3)   OMEGA(5,4)   OMEGA(5,5)   OMEGA(6,1)   OMEGA(6,2)   OMEGA(6,3)   OMEGA(6,4)   OMEGA(6,5)   OMEGA(6,6)
 THETA1        5.55143E-03  5.71278E-02  9.13092E-02  3.16484E-03  2.65987E-03 -1.42554E-02  3.21723E-03  2.61209E-02 -2.52604E-03  4.70397E-05  0.00000E+00  0.00000E+00  0.00000E+00  1.01732E-02  0.00000E+00  0.00000E+00  0.00000E+00  1.47568E-02 -1.24424E-02  0.00000E+00  0.00000E+00  0.00000E+00  8.39820E-03  2.66543E-02 -7.01844E-03
 THETA2        5.71278E-02  3.58166E-03  1.13014E-01  1.24087E-02  4.92834E-04 -2.69016E-03  4.21778E-03  4.82236E-04 -2.19434E-03 -1.08404E-03  0.00000E+00  0.00000E+00  0.00000E+00  9.67939E-03  0.00000E+00  0.00000E+00  0.00000E+00  1.00004E-02 -4.53738E-03  0.00000E+00  0.00000E+00  0.00000E+00  1.15243E-02  6.84645E-03  4.86074E-03
 THETA3        9.13092E-02  1.13014E-01  3.59462E-03  1.38481E-02  1.04931E-03 -5.46418E-04  1.55537E-03 -1.79093E-03 -1.49895E-03 -1.43329E-03  0.00000E+00  0.00000E+00  0.00000E+00  1.08726E-02  0.00000E+00  0.00000E+00  0.00000E+00  1.17929E-02 -4.59344E-03  0.00000E+00  0.00000E+00  0.00000E+00  1.22797E-02  8.47558E-03  4.64751E-03
 SIGMA(1,1)    3.16484E-03  1.24087E-02  1.38481E-02  5.50497E-05 -4.87580E-02 -2.06273E-02 -1.55365E-02 -2.66430E-02 -2.56854E-02 -2.16428E-02  0.00000E+00  0.00000E+00  0.00000E+00  4.39709E-02  0.00000E+00  0.00000E+00  0.00000E+00  1.54770E-03  4.61704E-02  0.00000E+00  0.00000E+00  0.00000E+00  2.39598E-02  8.24588E-03 -9.09361E-03
 OMEGA(1,1)    2.65987E-03  4.92834E-04  1.04931E-03 -4.87580E-02  8.54569E-04  9.81149E-02 -9.79613E-03  1.92631E-01  1.00760E-02  3.66546E-04  0.00000E+00  0.00000E+00  0.00000E+00 -9.61957E-02  0.00000E+00  0.00000E+00  0.00000E+00  4.61239E-02 -6.23888E-02  0.00000E+00  0.00000E+00  0.00000E+00 -3.04293E-02  1.43297E-02 -2.28506E-02
 OMEGA(2,1)   -1.42554E-02 -2.69016E-03 -5.46418E-04 -2.06273E-02  9.81149E-02  5.28789E-04  7.46868E-02  1.16030E-01  9.92986E-02  1.31674E-02  0.00000E+00  0.00000E+00  0.00000E+00  2.14121E-02  0.00000E+00  0.00000E+00  0.00000E+00 -1.14503E-02  9.62508E-03  0.00000E+00  0.00000E+00  0.00000E+00  4.21935E-03 -6.55758E-03 -2.81691E-02
 OMEGA(2,2)    3.21723E-03  4.21778E-03  1.55537E-03 -1.55365E-02 -9.79613E-03  7.46868E-02  5.05826E-04  5.68264E-03  1.52192E-01 -1.80018E-03  0.00000E+00  0.00000E+00  0.00000E+00 -4.06166E-03  0.00000E+00  0.00000E+00  0.00000E+00  2.54672E-02 -3.68153E-02  0.00000E+00  0.00000E+00  0.00000E+00  2.55788E-02  3.59524E-02  1.33495E-02
 OMEGA(3,1)    2.61209E-02  4.82236E-04 -1.79093E-03 -2.66430E-02  1.92631E-01  1.16030E-01  5.68264E-03  5.92068E-04  5.54856E-02  1.18228E-01  0.00000E+00  0.00000E+00  0.00000E+00  7.62496E-03  0.00000E+00  0.00000E+00  0.00000E+00  3.61648E-02 -6.31059E-02  0.00000E+00  0.00000E+00  0.00000E+00 -4.02319E-03  1.66299E-03 -1.79663E-02
 OMEGA(3,2)   -2.52604E-03 -2.19434E-03 -1.49895E-03 -2.56854E-02  1.00760E-02  9.92986E-02  1.52192E-01  5.54856E-02  3.63083E-04  1.59319E-01  0.00000E+00  0.00000E+00  0.00000E+00 -4.57893E-02  0.00000E+00  0.00000E+00  0.00000E+00 -2.04754E-02  3.59121E-02  0.00000E+00  0.00000E+00  0.00000E+00 -3.32505E-02 -3.16559E-02 -2.52343E-02
 OMEGA(3,3)    4.70397E-05 -1.08404E-03 -1.43329E-03 -2.16428E-02  3.66546E-04  1.31674E-02 -1.80018E-03  1.18228E-01  1.59319E-01  5.09733E-04  0.00000E+00  0.00000E+00  0.00000E+00 -4.89332E-02  0.00000E+00  0.00000E+00  0.00000E+00  3.10445E-02 -1.43652E-02  0.00000E+00  0.00000E+00  0.00000E+00 -6.45310E-02  1.19431E-02 -5.49252E-02
 OMEGA(4,1)    0.00000E+00  0.00000E+00  0.00000E+00  0.00000E+00  0.00000E+00  0.00000E+00  0.00000E+00  0.00000E+00  0.00000E+00  0.00000E+00  0.00000E+00  0.00000E+00  0.00000E+00  0.00000E+00  0.00000E+00  0.00000E+00  0.00000E+00  0.00000E+00  0.00000E+00  0.00000E+00  0.00000E+00  0.00000E+00  0.00000E+00  0.00000E+00  0.00000E+00
 OMEGA(4,2)    0.00000E+00  0.00000E+00  0.00000E+00  0.00000E+00  0.00000E+00  0.00000E+00  0.00000E+00  0.00000E+00  0.00000E+00  0.00000E+00  0.00000E+00  0.00000E+00  0.00000E+00  0.00000E+00  0.00000E+00  0.00000E+00  0.00000E+00  0.00000E+00  0.00000E+00  0.00000E+00  0.00000E+00  0.00000E+00  0.00000E+00  0.00000E+00  0.00000E+00
 OMEGA(4,3)    0.00000E+00  0.00000E+00  0.00000E+00  0.00000E+00  0.00000E+00  0.00000E+00  0.00000E+00  0.00000E+00  0.00000E+00  0.00000E+00  0.00000E+00  0.00000E+00  0.00000E+00  0.00000E+00  0.00000E+00  0.00000E+00  0.00000E+00  0.00000E+00  0.00000E+00  0.00000E+00  0.00000E+00  0.00000E+00  0.00000E+00  0.00000E+00  0.00000E+00
 OMEGA(4,4)    1.01732E-02  9.67939E-03  1.08726E-02  4.39709E-02 -9.61957E-02  2.14121E-02 -4.06166E-03  7.62496E-03 -4.57893E-02 -4.89332E-02  0.00000E+00  0.00000E+00  0.00000E+00  1.08171E-02  0.00000E+00  0.00000E+00  0.00000E+00 -1.31281E-01  1.07653E-01  0.00000E+00  0.00000E+00  0.00000E+00  6.94511E-01 -2.36598E-01  4.92607E-01
 OMEGA(5,1)    0.00000E+00  0.00000E+00  0.00000E+00  0.00000E+00  0.00000E+00  0.00000E+00  0.00000E+00  0.00000E+00  0.00000E+00  0.00000E+00  0.00000E+00  0.00000E+00  0.00000E+00  0.00000E+00  0.00000E+00  0.00000E+00  0.00000E+00  0.00000E+00  0.00000E+00  0.00000E+00  0.00000E+00  0.00000E+00  0.00000E+00  0.00000E+00  0.00000E+00
 OMEGA(5,2)    0.00000E+00  0.00000E+00  0.00000E+00  0.00000E+00  0.00000E+00  0.00000E+00  0.00000E+00  0.00000E+00  0.00000E+00  0.00000E+00  0.00000E+00  0.00000E+00  0.00000E+00  0.00000E+00  0.00000E+00  0.00000E+00  0.00000E+00  0.00000E+00  0.00000E+00  0.00000E+00  0.00000E+00  0.00000E+00  0.00000E+00  0.00000E+00  0.00000E+00
 OMEGA(5,3)    0.00000E+00  0.00000E+00  0.00000E+00  0.00000E+00  0.00000E+00  0.00000E+00  0.00000E+00  0.00000E+00  0.00000E+00  0.00000E+00  0.00000E+00  0.00000E+00  0.00000E+00  0.00000E+00  0.00000E+00  0.00000E+00  0.00000E+00  0.00000E+00  0.00000E+00  0.00000E+00  0.00000E+00  0.00000E+00  0.00000E+00  0.00000E+00  0.00000E+00
 OMEGA(5,4)    1.47568E-02  1.00004E-02  1.17929E-02  1.54770E-03  4.61239E-02 -1.14503E-02  2.54672E-02  3.61648E-02 -2.04754E-02  3.10445E-02  0.00000E+00  0.00000E+00  0.00000E+00 -1.31281E-01  0.00000E+00  0.00000E+00  0.00000E+00  9.42543E-03 -4.96963E-01  0.00000E+00  0.00000E+00  0.00000E+00 -2.89992E-01  7.65426E-01 -2.80406E-01
 OMEGA(5,5)   -1.24424E-02 -4.53738E-03 -4.59344E-03  4.61704E-02 -6.23888E-02  9.62508E-03 -3.68153E-02 -6.31059E-02  3.59121E-02 -1.43652E-02  0.00000E+00  0.00000E+00  0.00000E+00  1.07653E-01  0.00000E+00  0.00000E+00  0.00000E+00 -4.96963E-01  1.37013E-02  0.00000E+00  0.00000E+00  0.00000E+00  6.71142E-02 -3.87608E-01 -5.51593E-03
 OMEGA(6,1)    0.00000E+00  0.00000E+00  0.00000E+00  0.00000E+00  0.00000E+00  0.00000E+00  0.00000E+00  0.00000E+00  0.00000E+00  0.00000E+00  0.00000E+00  0.00000E+00  0.00000E+00  0.00000E+00  0.00000E+00  0.00000E+00  0.00000E+00  0.00000E+00  0.00000E+00  0.00000E+00  0.00000E+00  0.00000E+00  0.00000E+00  0.00000E+00  0.00000E+00
 OMEGA(6,2)    0.00000E+00  0.00000E+00  0.00000E+00  0.00000E+00  0.00000E+00  0.00000E+00  0.00000E+00  0.00000E+00  0.00000E+00  0.00000E+00  0.00000E+00  0.00000E+00  0.00000E+00  0.00000E+00  0.00000E+00  0.00000E+00  0.00000E+00  0.00000E+00  0.00000E+00  0.00000E+00  0.00000E+00  0.00000E+00  0.00000E+00  0.00000E+00  0.00000E+00
 OMEGA(6,3)    0.00000E+00  0.00000E+00  0.00000E+00  0.00000E+00  0.00000E+00  0.00000E+00  0.00000E+00  0.00000E+00  0.00000E+00  0.00000E+00  0.00000E+00  0.00000E+00  0.00000E+00  0.00000E+00  0.00000E+00  0.00000E+00  0.00000E+00  0.00000E+00  0.00000E+00  0.00000E+00  0.00000E+00  0.00000E+00  0.00000E+00  0.00000E+00  0.00000E+00
 OMEGA(6,4)    8.39820E-03  1.15243E-02  1.22797E-02  2.39598E-02 -3.04293E-02  4.21935E-03  2.55788E-02 -4.02319E-03 -3.32505E-02 -6.45310E-02  0.00000E+00  0.00000E+00  0.00000E+00  6.94511E-01  0.00000E+00  0.00000E+00  0.00000E+00 -2.89992E-01  6.71142E-02  0.00000E+00  0.00000E+00  0.00000E+00  1.50687E-02 -4.86871E-01  8.84596E-01
 OMEGA(6,5)    2.66543E-02  6.84645E-03  8.47558E-03  8.24588E-03  1.43297E-02 -6.55758E-03  3.59524E-02  1.66299E-03 -3.16559E-02  1.19431E-02  0.00000E+00  0.00000E+00  0.00000E+00 -2.36598E-01  0.00000E+00  0.00000E+00  0.00000E+00  7.65426E-01 -3.87608E-01  0.00000E+00  0.00000E+00  0.00000E+00 -4.86871E-01  1.10780E-02 -5.42727E-01
 OMEGA(6,6)   -7.01844E-03  4.86074E-03  4.64751E-03 -9.09361E-03 -2.28506E-02 -2.81691E-02  1.33495E-02 -1.79663E-02 -2.52343E-02 -5.49252E-02  0.00000E+00  0.00000E+00  0.00000E+00  4.92607E-01  0.00000E+00  0.00000E+00  0.00000E+00 -2.80406E-01 -5.51593E-03  0.00000E+00  0.00000E+00  0.00000E+00  8.84596E-01 -5.42727E-01  2.62353E-02
TABLE NO.     3: MCMC Bayesian Analysis: Problem=1 Subproblem=0 Superproblem1=0 Iteration1=0 Superproblem2=0 Iteration2=0
 NAME         THETA1       THETA2       THETA3       SIGMA(1,1)   OMEGA(1,1)   OMEGA(2,1)   OMEGA(2,2)   OMEGA(3,1)   OMEGA(3,2)   OMEGA(3,3)   OMEGA(4,1)   OMEGA(4,2)   OMEGA(4,3)   OMEGA(4,4)   OMEGA(5,1)   OMEGA(5,2)   OMEGA(5,3)   OMEGA(5,4)   OMEGA(5,5)   OMEGA(6,1)   OMEGA(6,2)   OMEGA(6,3)   OMEGA(6,4)   OMEGA(6,5)   OMEGA(6,6)
 THETA1        5.63844E-03  7.81157E-02  1.24059E-01 -8.07609E-03 -2.27978E-02 -2.93685E-02 -4.84630E-02 -8.74988E-02  2.38878E-02  8.53802E-03  0.00000E+00  0.00000E+00  0.00000E+00 -6.72006E-02  0.00000E+00  0.00000E+00  0.00000E+00 -3.43152E-03  9.67901E-03  0.00000E+00  0.00000E+00  0.00000E+00 -1.01881E-02 -7.39561E-02 -1.94622E-02
 THETA2        7.81157E-02  3.67476E-03  9.64583E-02  2.98136E-02  3.12872E-02  5.01117E-02  2.21343E-02  1.72496E-02 -1.14544E-02  4.50156E-02  0.00000E+00  0.00000E+00  0.00000E+00  2.50272E-02  0.00000E+00  0.00000E+00  0.00000E+00 -2.65284E-02  6.91489E-02  0.00000E+00  0.00000E+00  0.00000E+00  3.88296E-02 -3.95548E-03  3.29908E-02
 THETA3        1.24059E-01  9.64583E-02  3.63596E-03 -1.18627E-02  1.28789E-01  2.96588E-02  2.12985E-02  3.99621E-02 -1.94785E-02  5.78676E-02  0.00000E+00  0.00000E+00  0.00000E+00 -7.01791E-02  0.00000E+00  0.00000E+00  0.00000E+00  2.14525E-02  6.54614E-02  0.00000E+00  0.00000E+00  0.00000E+00 -7.52863E-02  1.99900E-02 -3.94872E-02
 SIGMA(1,1)   -8.07609E-03  2.98136E-02 -1.18627E-02  5.43910E-05  9.25052E-03 -3.90913E-02 -5.22981E-03  1.01179E-02 -5.16404E-02 -2.47737E-02  0.00000E+00  0.00000E+00  0.00000E+00 -6.74502E-03  0.00000E+00  0.00000E+00  0.00000E+00 -3.20761E-02  2.59562E-02  0.00000E+00  0.00000E+00  0.00000E+00 -5.66549E-02  6.97555E-03 -6.44370E-02
 OMEGA(1,1)   -2.27978E-02  3.12872E-02  1.28789E-01  9.25052E-03  8.32467E-04  1.43732E-02 -7.40600E-02  1.32193E-01  1.58778E-02  3.32971E-02  0.00000E+00  0.00000E+00  0.00000E+00 -4.14459E-02  0.00000E+00  0.00000E+00  0.00000E+00  2.82998E-02 -5.46628E-02  0.00000E+00  0.00000E+00  0.00000E+00 -2.82514E-02  1.24719E-02  1.87397E-02
 OMEGA(2,1)   -2.93685E-02  5.01117E-02  2.96588E-02 -3.90913E-02  1.43732E-02  4.90646E-04  1.03536E-01  1.65157E-01  9.89326E-02  2.15009E-02  0.00000E+00  0.00000E+00  0.00000E+00 -7.07534E-02  0.00000E+00  0.00000E+00  0.00000E+00  4.48578E-02 -1.70167E-02  0.00000E+00  0.00000E+00  0.00000E+00 -7.21903E-02  1.61210E-02 -2.84365E-02
 OMEGA(2,2)   -4.84630E-02  2.21343E-02  2.12985E-02 -5.22981E-03 -7.40600E-02  1.03536E-01  5.40285E-04 -5.27620E-02  2.12840E-01 -1.51026E-03  0.00000E+00  0.00000E+00  0.00000E+00  4.29043E-02  0.00000E+00  0.00000E+00  0.00000E+00 -4.27936E-02 -1.11822E-03  0.00000E+00  0.00000E+00  0.00000E+00 -1.57760E-02 -3.19983E-02 -6.04612E-02
 OMEGA(3,1)   -8.74988E-02  1.72496E-02  3.99621E-02  1.01179E-02  1.32193E-01  1.65157E-01 -5.27620E-02  5.87380E-04  5.12201E-03  1.40504E-01  0.00000E+00  0.00000E+00  0.00000E+00  2.68118E-02  0.00000E+00  0.00000E+00  0.00000E+00  3.46341E-02 -8.84521E-02  0.00000E+00  0.00000E+00  0.00000E+00 -5.47952E-02  1.46893E-02 -9.07415E-02
 OMEGA(3,2)    2.38878E-02 -1.14544E-02 -1.94785E-02 -5.16404E-02  1.58778E-02  9.89326E-02  2.12840E-01  5.12201E-03  3.61167E-04  3.17352E-02  0.00000E+00  0.00000E+00  0.00000E+00 -2.71308E-02  0.00000E+00  0.00000E+00  0.00000E+00  2.59736E-02 -7.19757E-04  0.00000E+00  0.00000E+00  0.00000E+00 -5.53963E-02  2.92338E-02 -5.10891E-02
 OMEGA(3,3)    8.53802E-03  4.50156E-02  5.78676E-02 -2.47737E-02  3.32971E-02  2.15009E-02 -1.51026E-03  1.40504E-01  3.17352E-02  5.31032E-04  0.00000E+00  0.00000E+00  0.00000E+00 -9.11319E-03  0.00000E+00  0.00000E+00  0.00000E+00  3.48259E-02  5.40263E-02  0.00000E+00  0.00000E+00  0.00000E+00 -1.49727E-02  4.03231E-02  1.73080E-02
 OMEGA(4,1)    0.00000E+00  0.00000E+00  0.00000E+00  0.00000E+00  0.00000E+00  0.00000E+00  0.00000E+00  0.00000E+00  0.00000E+00  0.00000E+00  0.00000E+00  0.00000E+00  0.00000E+00  0.00000E+00  0.00000E+00  0.00000E+00  0.00000E+00  0.00000E+00  0.00000E+00  0.00000E+00  0.00000E+00  0.00000E+00  0.00000E+00  0.00000E+00  0.00000E+00
 OMEGA(4,2)    0.00000E+00  0.00000E+00  0.00000E+00  0.00000E+00  0.00000E+00  0.00000E+00  0.00000E+00  0.00000E+00  0.00000E+00  0.00000E+00  0.00000E+00  0.00000E+00  0.00000E+00  0.00000E+00  0.00000E+00  0.00000E+00  0.00000E+00  0.00000E+00  0.00000E+00  0.00000E+00  0.00000E+00  0.00000E+00  0.00000E+00  0.00000E+00  0.00000E+00
 OMEGA(4,3)    0.00000E+00  0.00000E+00  0.00000E+00  0.00000E+00  0.00000E+00  0.00000E+00  0.00000E+00  0.00000E+00  0.00000E+00  0.00000E+00  0.00000E+00  0.00000E+00  0.00000E+00  0.00000E+00  0.00000E+00  0.00000E+00  0.00000E+00  0.00000E+00  0.00000E+00  0.00000E+00  0.00000E+00  0.00000E+00  0.00000E+00  0.00000E+00  0.00000E+00
 OMEGA(4,4)   -6.72006E-02  2.50272E-02 -7.01791E-02 -6.74502E-03 -4.14459E-02 -7.07534E-02  4.29043E-02  2.68118E-02 -2.71308E-02 -9.11319E-03  0.00000E+00  0.00000E+00  0.00000E+00  1.42460E-02  0.00000E+00  0.00000E+00  0.00000E+00 -1.06737E-01  2.16056E-02  0.00000E+00  0.00000E+00  0.00000E+00  7.27474E-01 -3.88215E-02  3.27917E-01
 OMEGA(5,1)    0.00000E+00  0.00000E+00  0.00000E+00  0.00000E+00  0.00000E+00  0.00000E+00  0.00000E+00  0.00000E+00  0.00000E+00  0.00000E+00  0.00000E+00  0.00000E+00  0.00000E+00  0.00000E+00  0.00000E+00  0.00000E+00  0.00000E+00  0.00000E+00  0.00000E+00  0.00000E+00  0.00000E+00  0.00000E+00  0.00000E+00  0.00000E+00  0.00000E+00
 OMEGA(5,2)    0.00000E+00  0.00000E+00  0.00000E+00  0.00000E+00  0.00000E+00  0.00000E+00  0.00000E+00  0.00000E+00  0.00000E+00  0.00000E+00  0.00000E+00  0.00000E+00  0.00000E+00  0.00000E+00  0.00000E+00  0.00000E+00  0.00000E+00  0.00000E+00  0.00000E+00  0.00000E+00  0.00000E+00  0.00000E+00  0.00000E+00  0.00000E+00  0.00000E+00
 OMEGA(5,3)    0.00000E+00  0.00000E+00  0.00000E+00  0.00000E+00  0.00000E+00  0.00000E+00  0.00000E+00  0.00000E+00  0.00000E+00  0.00000E+00  0.00000E+00  0.00000E+00  0.00000E+00  0.00000E+00  0.00000E+00  0.00000E+00  0.00000E+00  0.00000E+00  0.00000E+00  0.00000E+00  0.00000E+00  0.00000E+00  0.00000E+00  0.00000E+00  0.00000E+00
 OMEGA(5,4)   -3.43152E-03 -2.65284E-02  2.14525E-02 -3.20761E-02  2.82998E-02  4.48578E-02 -4.27936E-02  3.46341E-02  2.59736E-02  3.48259E-02  0.00000E+00  0.00000E+00  0.00000E+00 -1.06737E-01  0.00000E+00  0.00000E+00  0.00000E+00  9.50326E-03 -1.31660E-01  0.00000E+00  0.00000E+00  0.00000E+00 -6.49604E-02  6.21846E-01 -1.12950E-02
 OMEGA(5,5)    9.67901E-03  6.91489E-02  6.54614E-02  2.59562E-02 -5.46628E-02 -1.70167E-02 -1.11822E-03 -8.84521E-02 -7.19757E-04  5.40263E-02  0.00000E+00  0.00000E+00  0.00000E+00  2.16056E-02  0.00000E+00  0.00000E+00  0.00000E+00 -1.31660E-01  1.24661E-02  0.00000E+00  0.00000E+00  0.00000E+00 -3.52055E-02 -1.34867E-01 -2.48503E-03
 OMEGA(6,1)    0.00000E+00  0.00000E+00  0.00000E+00  0.00000E+00  0.00000E+00  0.00000E+00  0.00000E+00  0.00000E+00  0.00000E+00  0.00000E+00  0.00000E+00  0.00000E+00  0.00000E+00  0.00000E+00  0.00000E+00  0.00000E+00  0.00000E+00  0.00000E+00  0.00000E+00  0.00000E+00  0.00000E+00  0.00000E+00  0.00000E+00  0.00000E+00  0.00000E+00
 OMEGA(6,2)    0.00000E+00  0.00000E+00  0.00000E+00  0.00000E+00  0.00000E+00  0.00000E+00  0.00000E+00  0.00000E+00  0.00000E+00  0.00000E+00  0.00000E+00  0.00000E+00  0.00000E+00  0.00000E+00  0.00000E+00  0.00000E+00  0.00000E+00  0.00000E+00  0.00000E+00  0.00000E+00  0.00000E+00  0.00000E+00  0.00000E+00  0.00000E+00  0.00000E+00
 OMEGA(6,3)    0.00000E+00  0.00000E+00  0.00000E+00  0.00000E+00  0.00000E+00  0.00000E+00  0.00000E+00  0.00000E+00  0.00000E+00  0.00000E+00  0.00000E+00  0.00000E+00  0.00000E+00  0.00000E+00  0.00000E+00  0.00000E+00  0.00000E+00  0.00000E+00  0.00000E+00  0.00000E+00  0.00000E+00  0.00000E+00  0.00000E+00  0.00000E+00  0.00000E+00
 OMEGA(6,4)   -1.01881E-02  3.88296E-02 -7.52863E-02 -5.66549E-02 -2.82514E-02 -7.21903E-02 -1.57760E-02 -5.47952E-02 -5.53963E-02 -1.49727E-02  0.00000E+00  0.00000E+00  0.00000E+00  7.27474E-01  0.00000E+00  0.00000E+00  0.00000E+00 -6.49604E-02 -3.52055E-02  0.00000E+00  0.00000E+00  0.00000E+00  1.45204E-02 -8.45236E-02  6.83282E-01
 OMEGA(6,5)   -7.39561E-02 -3.95548E-03  1.99900E-02  6.97555E-03  1.24719E-02  1.61210E-02 -3.19983E-02  1.46893E-02  2.92338E-02  4.03231E-02  0.00000E+00  0.00000E+00  0.00000E+00 -3.88215E-02  0.00000E+00  0.00000E+00  0.00000E+00  6.21846E-01 -1.34867E-01  0.00000E+00  0.00000E+00  0.00000E+00 -8.45236E-02  1.15156E-02 -6.41964E-02
 OMEGA(6,6)   -1.94622E-02  3.29908E-02 -3.94872E-02 -6.44370E-02  1.87397E-02 -2.84365E-02 -6.04612E-02 -9.07415E-02 -5.10891E-02  1.73080E-02  0.00000E+00  0.00000E+00  0.00000E+00  3.27917E-01  0.00000E+00  0.00000E+00  0.00000E+00 -1.12950E-02 -2.48503E-03  0.00000E+00  0.00000E+00  0.00000E+00  6.83282E-01 -6.41964E-02  2.27860E-02
TABLE NO.     4: First Order Conditional Estimation with Interaction (No Prior): Problem=1 Subproblem=0 Superproblem1=0 Iteration1=0 Superproblem2=0 Iteration2=0
 NAME         THETA1       THETA2       THETA3       SIGMA(1,1)   OMEGA(1,1)   OMEGA(2,1)   OMEGA(2,2)   OMEGA(3,1)   OMEGA(3,2)   OMEGA(3,3)   OMEGA(4,1)   OMEGA(4,2)   OMEGA(4,3)   OMEGA(4,4)   OMEGA(5,1)   OMEGA(5,2)   OMEGA(5,3)   OMEGA(5,4)   OMEGA(5,5)   OMEGA(6,1)   OMEGA(6,2)   OMEGA(6,3)   OMEGA(6,4)   OMEGA(6,5)   OMEGA(6,6)
 THETA1        5.63033E-03  5.83248E-02  9.29346E-02 -1.39983E-03  1.48742E-02 -2.00181E-02  2.75227E-04  3.33958E-02  5.87664E-04  3.19459E-03  0.00000E+00  0.00000E+00  0.00000E+00  1.11545E-03  0.00000E+00  0.00000E+00  0.00000E+00 -3.40040E-04 -7.69092E-05  0.00000E+00  0.00000E+00  0.00000E+00  7.83510E-04  1.82784E-05  1.98204E-04
 THETA2        5.83248E-02  3.58404E-03  1.14287E-01  1.47809E-02  1.36905E-03  2.26528E-03  1.79287E-03  1.55137E-03  5.36799E-04 -1.15491E-04  0.00000E+00  0.00000E+00  0.00000E+00  3.79505E-04  0.00000E+00  0.00000E+00  0.00000E+00  8.25942E-05  1.13143E-04  0.00000E+00  0.00000E+00  0.00000E+00  3.06190E-04  1.19464E-04  1.22879E-04
 THETA3        9.29346E-02  1.14287E-01  3.59533E-03  1.45285E-02  1.69687E-03 -5.28897E-04  1.44145E-03  4.62296E-03  4.24809E-04  6.53314E-04  0.00000E+00  0.00000E+00  0.00000E+00  1.01070E-04  0.00000E+00  0.00000E+00  0.00000E+00  1.13648E-04  1.01564E-04  0.00000E+00  0.00000E+00  0.00000E+00  1.53392E-04  1.00690E-04  1.10744E-04
 SIGMA(1,1)   -1.39983E-03  1.47809E-02  1.45285E-02  5.47426E-05 -3.60018E-02 -1.99449E-02 -1.48391E-02 -2.03007E-02 -2.21160E-02 -1.76144E-02  0.00000E+00  0.00000E+00  0.00000E+00  1.18205E-02  0.00000E+00  0.00000E+00  0.00000E+00  9.71027E-03  4.28978E-03  0.00000E+00  0.00000E+00  0.00000E+00  1.18738E-02  8.43357E-03  7.91815E-03
 OMEGA(1,1)    1.48742E-02  1.36905E-03  1.69687E-03 -3.60018E-02  9.19968E-04  1.10633E-01  5.44598E-03  1.87623E-01  1.10025E-02  1.19085E-02  0.00000E+00  0.00000E+00  0.00000E+00  5.91166E-03  0.00000E+00  0.00000E+00  0.00000E+00  7.43622E-04 -1.51649E-05  0.00000E+00  0.00000E+00  0.00000E+00  8.47371E-04 -1.09175E-04 -3.07446E-04
 OMEGA(2,1)   -2.00181E-02  2.26528E-03 -5.28897E-04 -1.99449E-02  1.10633E-01  5.54343E-04  8.65528E-02  1.13264E-01  1.02715E-01  1.48551E-02  0.00000E+00  0.00000E+00  0.00000E+00  1.67272E-03  0.00000E+00  0.00000E+00  0.00000E+00  4.31588E-03  1.05273E-03  0.00000E+00  0.00000E+00  0.00000E+00  2.97019E-04  7.51568E-04 -1.10547E-04
 OMEGA(2,2)    2.75227E-04  1.79287E-03  1.44145E-03 -1.48391E-02  5.44598E-03  8.65528E-02  5.19443E-04  8.94494E-03  1.61797E-01  1.33532E-02  0.00000E+00  0.00000E+00  0.00000E+00 -9.90669E-05  0.00000E+00  0.00000E+00  0.00000E+00  1.73360E-03  1.37673E-03  0.00000E+00  0.00000E+00  0.00000E+00 -8.93281E-05  8.24747E-04 -4.64473E-05
 OMEGA(3,1)    3.33958E-02  1.55137E-03  4.62296E-03 -2.03007E-02  1.87623E-01  1.13264E-01  8.94494E-03  6.16805E-04  6.35588E-02  1.21633E-01  0.00000E+00  0.00000E+00  0.00000E+00  1.36838E-03  0.00000E+00  0.00000E+00  0.00000E+00  3.87748E-04  5.34067E-06  0.00000E+00  0.00000E+00  0.00000E+00  2.81550E-03  5.54184E-04  8.13546E-04
 OMEGA(3,2)    5.87664E-04  5.36799E-04  4.24809E-04 -2.21160E-02  1.10025E-02  1.02715E-01  1.61797E-01  6.35588E-02  3.70594E-04  1.58058E-01  0.00000E+00  0.00000E+00  0.00000E+00  2.37099E-04  0.00000E+00  0.00000E+00  0.00000E+00  1.43483E-04  4.85153E-04  0.00000E+00  0.00000E+00  0.00000E+00  7.44083E-04  7.52137E-04  5.42999E-04
 OMEGA(3,3)    3.19459E-03 -1.15491E-04  6.53314E-04 -1.76144E-02  1.19085E-02  1.48551E-02  1.33532E-02  1.21633E-01  1.58058E-01  5.20957E-04  0.00000E+00  0.00000E+00  0.00000E+00 -2.17278E-04  0.00000E+00  0.00000E+00  0.00000E+00  4.72729E-05 -1.02298E-05  0.00000E+00  0.00000E+00  0.00000E+00 -8.29928E-05  2.87415E-04  3.19218E-04
 OMEGA(4,1)    0.00000E+00  0.00000E+00  0.00000E+00  0.00000E+00  0.00000E+00  0.00000E+00  0.00000E+00  0.00000E+00  0.00000E+00  0.00000E+00  0.00000E+00  0.00000E+00  0.00000E+00  0.00000E+00  0.00000E+00  0.00000E+00  0.00000E+00  0.00000E+00  0.00000E+00  0.00000E+00  0.00000E+00  0.00000E+00  0.00000E+00  0.00000E+00  0.00000E+00
 OMEGA(4,2)    0.00000E+00  0.00000E+00  0.00000E+00  0.00000E+00  0.00000E+00  0.00000E+00  0.00000E+00  0.00000E+00  0.00000E+00  0.00000E+00  0.00000E+00  0.00000E+00  0.00000E+00  0.00000E+00  0.00000E+00  0.00000E+00  0.00000E+00  0.00000E+00  0.00000E+00  0.00000E+00  0.00000E+00  0.00000E+00  0.00000E+00  0.00000E+00  0.00000E+00
 OMEGA(4,3)    0.00000E+00  0.00000E+00  0.00000E+00  0.00000E+00  0.00000E+00  0.00000E+00  0.00000E+00  0.00000E+00  0.00000E+00  0.00000E+00  0.00000E+00  0.00000E+00  0.00000E+00  0.00000E+00  0.00000E+00  0.00000E+00  0.00000E+00  0.00000E+00  0.00000E+00  0.00000E+00  0.00000E+00  0.00000E+00  0.00000E+00  0.00000E+00  0.00000E+00
 OMEGA(4,4)    1.11545E-03  3.79505E-04  1.01070E-04  1.18205E-02  5.91166E-03  1.67272E-03 -9.90669E-05  1.36838E-03  2.37099E-04 -2.17278E-04  0.00000E+00  0.00000E+00  0.00000E+00  1.20481E-02  0.00000E+00  0.00000E+00  0.00000E+00 -1.75528E-01  1.59747E-02  0.00000E+00  0.00000E+00  0.00000E+00  7.98077E-01 -1.17389E-01  4.72480E-01
 OMEGA(5,1)    0.00000E+00  0.00000E+00  0.00000E+00  0.00000E+00  0.00000E+00  0.00000E+00  0.00000E+00  0.00000E+00  0.00000E+00  0.00000E+00  0.00000E+00  0.00000E+00  0.00000E+00  0.00000E+00  0.00000E+00  0.00000E+00  0.00000E+00  0.00000E+00  0.00000E+00  0.00000E+00  0.00000E+00  0.00000E+00  0.00000E+00  0.00000E+00  0.00000E+00
 OMEGA(5,2)    0.00000E+00  0.00000E+00  0.00000E+00  0.00000E+00  0.00000E+00  0.00000E+00  0.00000E+00  0.00000E+00  0.00000E+00  0.00000E+00  0.00000E+00  0.00000E+00  0.00000E+00  0.00000E+00  0.00000E+00  0.00000E+00  0.00000E+00  0.00000E+00  0.00000E+00  0.00000E+00  0.00000E+00  0.00000E+00  0.00000E+00  0.00000E+00  0.00000E+00
 OMEGA(5,3)    0.00000E+00  0.00000E+00  0.00000E+00  0.00000E+00  0.00000E+00  0.00000E+00  0.00000E+00  0.00000E+00  0.00000E+00  0.00000E+00  0.00000E+00  0.00000E+00  0.00000E+00  0.00000E+00  0.00000E+00  0.00000E+00  0.00000E+00  0.00000E+00  0.00000E+00  0.00000E+00  0.00000E+00  0.00000E+00  0.00000E+00  0.00000E+00  0.00000E+00
 OMEGA(5,4)   -3.40040E-04  8.25942E-05  1.13648E-04  9.71027E-03  7.43622E-04  4.31588E-03  1.73360E-03  3.87748E-04  1.43483E-04  4.72729E-05  0.00000E+00  0.00000E+00  0.00000E+00 -1.75528E-01  0.00000E+00  0.00000E+00  0.00000E+00  7.57391E-03 -1.44006E-01  0.00000E+00  0.00000E+00  0.00000E+00 -1.74057E-01  6.97917E-01 -1.22352E-01
 OMEGA(5,5)   -7.69092E-05  1.13143E-04  1.01564E-04  4.28978E-03 -1.51649E-05  1.05273E-03  1.37673E-03  5.34067E-06  4.85153E-04 -1.02298E-05  0.00000E+00  0.00000E+00  0.00000E+00  1.59747E-02  0.00000E+00  0.00000E+00  0.00000E+00 -1.44006E-01  8.96752E-03  0.00000E+00  0.00000E+00  0.00000E+00  1.71211E-02 -1.59898E-01  1.46828E-02
 OMEGA(6,1)    0.00000E+00  0.00000E+00  0.00000E+00  0.00000E+00  0.00000E+00  0.00000E+00  0.00000E+00  0.00000E+00  0.00000E+00  0.00000E+00  0.00000E+00  0.00000E+00  0.00000E+00  0.00000E+00  0.00000E+00  0.00000E+00  0.00000E+00  0.00000E+00  0.00000E+00  0.00000E+00  0.00000E+00  0.00000E+00  0.00000E+00  0.00000E+00  0.00000E+00
 OMEGA(6,2)    0.00000E+00  0.00000E+00  0.00000E+00  0.00000E+00  0.00000E+00  0.00000E+00  0.00000E+00  0.00000E+00  0.00000E+00  0.00000E+00  0.00000E+00  0.00000E+00  0.00000E+00  0.00000E+00  0.00000E+00  0.00000E+00  0.00000E+00  0.00000E+00  0.00000E+00  0.00000E+00  0.00000E+00  0.00000E+00  0.00000E+00  0.00000E+00  0.00000E+00
 OMEGA(6,3)    0.00000E+00  0.00000E+00  0.00000E+00  0.00000E+00  0.00000E+00  0.00000E+00  0.00000E+00  0.00000E+00  0.00000E+00  0.00000E+00  0.00000E+00  0.00000E+00  0.00000E+00  0.00000E+00  0.00000E+00  0.00000E+00  0.00000E+00  0.00000E+00  0.00000E+00  0.00000E+00  0.00000E+00  0.00000E+00  0.00000E+00  0.00000E+00  0.00000E+00
 OMEGA(6,4)    7.83510E-04  3.06190E-04  1.53392E-04  1.18738E-02  8.47371E-04  2.97019E-04 -8.93281E-05  2.81550E-03  7.44083E-04 -8.29928E-05  0.00000E+00  0.00000E+00  0.00000E+00  7.98077E-01  0.00000E+00  0.00000E+00  0.00000E+00 -1.74057E-01  1.71211E-02  0.00000E+00  0.00000E+00  0.00000E+00  1.27180E-02 -1.60797E-01  8.08212E-01
 OMEGA(6,5)    1.82784E-05  1.19464E-04  1.00690E-04  8.43357E-03 -1.09175E-04  7.51568E-04  8.24747E-04  5.54184E-04  7.52137E-04  2.87415E-04  0.00000E+00  0.00000E+00  0.00000E+00 -1.17389E-01  0.00000E+00  0.00000E+00  0.00000E+00  6.97917E-01 -1.59898E-01  0.00000E+00  0.00000E+00  0.00000E+00 -1.60797E-01  9.10542E-03 -1.66451E-01
 OMEGA(6,6)    1.98204E-04  1.22879E-04  1.10744E-04  7.91815E-03 -3.07446E-04 -1.10547E-04 -4.64473E-05  8.13546E-04  5.42999E-04  3.19218E-04  0.00000E+00  0.00000E+00  0.00000E+00  4.72480E-01  0.00000E+00  0.00000E+00  0.00000E+00 -1.22352E-01  1.46828E-02  0.00000E+00  0.00000E+00  0.00000E+00  8.08212E-01 -1.66451E-01  1.79332E-02
