TABLE NO.     1: Iterative Two Stage: Problem=1 Subproblem=0 Superproblem1=0 Iteration1=0 Superproblem2=0 Iteration2=0
 NAME           THETA1         THETA2         THETA3         SIGMA(1,1)     OMEGA(1,1)     OMEGA(2,1)     OMEGA(2,2)     OMEGA(3,1)     OMEGA(3,2)     OMEGA(3,3)     OMEGA(4,4)     OMEGA(5,4)     OMEGA(5,5)     OMEGA(6,4)     OMEGA(6,5)     OMEGA(6,6)
 THETA1          4.50290E-02   -2.13371E-01    6.73060E-01   -1.30095E-01    0.00000E+00    0.00000E+00    0.00000E+00    0.00000E+00    0.00000E+00    0.00000E+00    0.00000E+00    0.00000E+00    0.00000E+00    0.00000E+00    0.00000E+00    0.00000E+00
 THETA2         -2.13371E-01    4.20476E-02   -1.67639E-01   -3.25661E-02    0.00000E+00    0.00000E+00    0.00000E+00    0.00000E+00    0.00000E+00    0.00000E+00    0.00000E+00    0.00000E+00    0.00000E+00    0.00000E+00    0.00000E+00    0.00000E+00
 THETA3          6.73060E-01   -1.67639E-01    5.99862E-02   -1.91927E-01    0.00000E+00    0.00000E+00    0.00000E+00    0.00000E+00    0.00000E+00    0.00000E+00    0.00000E+00    0.00000E+00    0.00000E+00    0.00000E+00    0.00000E+00    0.00000E+00
 SIGMA(1,1)     -1.30095E-01   -3.25661E-02   -1.91927E-01    4.90773E-05    0.00000E+00    0.00000E+00    0.00000E+00    0.00000E+00    0.00000E+00    0.00000E+00    0.00000E+00    0.00000E+00    0.00000E+00    0.00000E+00    0.00000E+00    0.00000E+00
 OMEGA(1,1)      0.00000E+00    0.00000E+00    0.00000E+00    0.00000E+00    7.31666E-03    0.00000E+00    0.00000E+00    0.00000E+00    0.00000E+00    0.00000E+00    0.00000E+00    0.00000E+00    0.00000E+00    0.00000E+00    0.00000E+00    0.00000E+00
 OMEGA(2,1)      0.00000E+00    0.00000E+00    0.00000E+00    0.00000E+00    0.00000E+00    5.70753E-03    0.00000E+00    0.00000E+00    0.00000E+00    0.00000E+00    0.00000E+00    0.00000E+00    0.00000E+00    0.00000E+00    0.00000E+00    0.00000E+00
 OMEGA(2,2)      0.00000E+00    0.00000E+00    0.00000E+00    0.00000E+00    0.00000E+00    0.00000E+00    1.23270E-02    0.00000E+00    0.00000E+00    0.00000E+00    0.00000E+00    0.00000E+00    0.00000E+00    0.00000E+00    0.00000E+00    0.00000E+00
 OMEGA(3,1)      0.00000E+00    0.00000E+00    0.00000E+00    0.00000E+00    0.00000E+00    0.00000E+00    0.00000E+00    5.64877E-03    0.00000E+00    0.00000E+00    0.00000E+00    0.00000E+00    0.00000E+00    0.00000E+00    0.00000E+00    0.00000E+00
 OMEGA(3,2)      0.00000E+00    0.00000E+00    0.00000E+00    0.00000E+00    0.00000E+00    0.00000E+00    0.00000E+00    0.00000E+00    6.15472E-03    0.00000E+00    0.00000E+00    0.00000E+00    0.00000E+00    0.00000E+00    0.00000E+00    0.00000E+00
 OMEGA(3,3)      0.00000E+00    0.00000E+00    0.00000E+00    0.00000E+00    0.00000E+00    0.00000E+00    0.00000E+00    0.00000E+00    0.00000E+00    1.13407E-02    0.00000E+00    0.00000E+00    0.00000E+00    0.00000E+00    0.00000E+00    0.00000E+00
 OMEGA(4,4)      0.00000E+00    0.00000E+00    0.00000E+00    0.00000E+00    0.00000E+00    0.00000E+00    0.00000E+00    0.00000E+00    0.00000E+00    0.00000E+00    8.64101E-04    1.19025E-12   -1.34703E-12    6.09824E-12    3.74194E-13   -3.80065E-12
 OMEGA(5,4)      0.00000E+00    0.00000E+00    0.00000E+00    0.00000E+00    0.00000E+00    0.00000E+00    0.00000E+00    0.00000E+00    0.00000E+00    0.00000E+00    1.19025E-12    5.10083E-04    2.77077E-12    9.12950E-13   -5.88710E-12    1.46247E-11
 OMEGA(5,5)      0.00000E+00    0.00000E+00    0.00000E+00    0.00000E+00    0.00000E+00    0.00000E+00    0.00000E+00    0.00000E+00    0.00000E+00    0.00000E+00   -1.34703E-12    2.77077E-12    4.81277E-04   -3.48567E-12    2.10480E-12   -5.55645E-11
 OMEGA(6,4)      0.00000E+00    0.00000E+00    0.00000E+00    0.00000E+00    0.00000E+00    0.00000E+00    0.00000E+00    0.00000E+00    0.00000E+00    0.00000E+00    6.09824E-12    9.12950E-13   -3.48567E-12    6.21469E-04   -1.05645E-12   -4.30966E-12
 OMEGA(6,5)      0.00000E+00    0.00000E+00    0.00000E+00    0.00000E+00    0.00000E+00    0.00000E+00    0.00000E+00    0.00000E+00    0.00000E+00    0.00000E+00    3.74194E-13   -5.88710E-12    2.10480E-12   -1.05645E-12    3.51324E-04    5.62481E-13
 OMEGA(6,6)      0.00000E+00    0.00000E+00    0.00000E+00    0.00000E+00    0.00000E+00    0.00000E+00    0.00000E+00    0.00000E+00    0.00000E+00    0.00000E+00   -3.80065E-12    1.46247E-11   -5.55645E-11   -4.30966E-12    5.62481E-13    4.85211E-04
