TABLE NO.     1: Iterative Two Stage: Problem=1 Subproblem=0 Superproblem1=0 Iteration1=0 Superproblem2=0 Iteration2=0
 NAME         THETA1       THETA2       THETA3       THETA4       SIGMA(1,1)   OMEGA(1,1)   OMEGA(2,1)   OMEGA(2,2)   OMEGA(3,1)   OMEGA(3,2)   OMEGA(3,3)   OMEGA(4,1)   OMEGA(4,2)   OMEGA(4,3)   OMEGA(4,4)
 THETA1        2.78794E-02  3.19510E-01  1.15179E-01  2.48115E-01 -3.13594E-02  2.08656E-02  2.07352E-01  1.42551E-01 -9.57080E-02 -4.21440E-02 -1.69878E-01 -3.01350E-01  4.34361E-02 -9.36565E-02 -2.15187E-01
 THETA2        3.19510E-01  4.60902E-02  4.97766E-01 -4.66011E-02  2.08797E-01  3.25981E-01  4.60894E-01  3.70753E-02  2.71807E-01 -4.16176E-01 -3.13370E-01  1.45927E-01  6.08157E-02  3.59787E-02  1.17597E-01
 THETA3        1.15179E-01  4.97766E-01  3.53418E-02  5.67801E-01  1.63791E-01  4.65277E-02  2.30989E-01 -1.99095E-01 -7.49436E-04 -2.77529E-01 -6.58910E-02  4.79970E-02  1.73611E-01  1.30154E-01  1.17371E-01
 THETA4        2.48115E-01 -4.66011E-02  5.67801E-01  3.62929E-02  2.64431E-03 -1.32849E-01  4.41811E-03 -2.26115E-01 -1.04491E-01 -5.79838E-02  8.33980E-02 -5.20038E-02  3.39602E-01  1.39022E-01 -1.96811E-02
 SIGMA(1,1)   -3.13594E-02  2.08797E-01  1.63791E-01  2.64431E-03  1.42399E-03  4.66761E-02  4.47712E-02 -1.21698E-01 -9.80879E-02 -1.59983E-01 -4.25669E-01 -2.47323E-02 -7.50801E-03 -2.84902E-01 -1.67346E-01
 OMEGA(1,1)    2.08656E-02  3.25981E-01  4.65277E-02 -1.32849E-01  4.66761E-02  7.18551E-03  5.90065E-01  2.90828E-01  5.70691E-01 -1.01978E-01 -9.57445E-02  4.83637E-01  1.30630E-01  1.13926E-01  2.11062E-01
 OMEGA(2,1)    2.07352E-01  4.60894E-01  2.30989E-01  4.41811E-03  4.47712E-02  5.90065E-01  1.30206E-02  5.63331E-01  4.48859E-01 -2.22335E-01 -2.83165E-01  1.24932E-01  1.48178E-01 -3.29454E-02 -3.22980E-02
 OMEGA(2,2)    1.42551E-01  3.70753E-02 -1.99095E-01 -2.26115E-01 -1.21698E-01  2.90828E-01  5.63331E-01  1.67862E-02  1.86626E-01 -5.48229E-02 -2.94803E-01  4.42855E-02 -4.53767E-01 -3.00717E-01 -9.03133E-02
 OMEGA(3,1)   -9.57080E-02  2.71807E-01 -7.49436E-04 -1.04491E-01 -9.80879E-02  5.70691E-01  4.48859E-01  1.86626E-01  9.91390E-03  8.80446E-02  8.34629E-02  6.95235E-01  1.53222E-01  3.15017E-01  4.10339E-01
 OMEGA(3,2)   -4.21440E-02 -4.16176E-01 -2.77529E-01 -5.79838E-02 -1.59983E-01 -1.01978E-01 -2.22335E-01 -5.48229E-02  8.80446E-02  9.58033E-03  4.08935E-01 -1.91264E-02  2.26890E-01 -1.43725E-01 -2.45435E-01
 OMEGA(3,3)   -1.69878E-01 -3.13370E-01 -6.58910E-02  8.33980E-02 -4.25669E-01 -9.57445E-02 -2.83165E-01 -2.94803E-01  8.34629E-02  4.08935E-01  1.50220E-02  1.38846E-01  1.77634E-01  6.37655E-01  3.95959E-01
 OMEGA(4,1)   -3.01350E-01  1.45927E-01  4.79970E-02 -5.20038E-02 -2.47323E-02  4.83637E-01  1.24932E-01  4.42855E-02  6.95235E-01 -1.91264E-02  1.38846E-01  1.15739E-02  4.53095E-02  3.12507E-01  7.24079E-01
 OMEGA(4,2)    4.34361E-02  6.08157E-02  1.73611E-01  3.39602E-01 -7.50801E-03  1.30630E-01  1.48178E-01 -4.53767E-01  1.53222E-01  2.26890E-01  1.77634E-01  4.53095E-02  1.26200E-02  3.64506E-01  1.76901E-02
 OMEGA(4,3)   -9.36565E-02  3.59787E-02  1.30154E-01  1.39022E-01 -2.84902E-01  1.13926E-01 -3.29454E-02 -3.00717E-01  3.15017E-01 -1.43725E-01  6.37655E-01  3.12507E-01  3.64506E-01  1.46556E-02  7.65115E-01
 OMEGA(4,4)   -2.15187E-01  1.17597E-01  1.17371E-01 -1.96811E-02 -1.67346E-01  2.11062E-01 -3.22980E-02 -9.03133E-02  4.10339E-01 -2.45435E-01  3.95959E-01  7.24079E-01  1.76901E-02  7.65115E-01  1.75675E-02
TABLE NO.     2: Importance Sampling: Problem=1 Subproblem=0 Superproblem1=0 Iteration1=0 Superproblem2=0 Iteration2=0
 NAME         THETA1       THETA2       THETA3       THETA4       SIGMA(1,1)   OMEGA(1,1)   OMEGA(2,1)   OMEGA(2,2)   OMEGA(3,1)   OMEGA(3,2)   OMEGA(3,3)   OMEGA(4,1)   OMEGA(4,2)   OMEGA(4,3)   OMEGA(4,4)
 THETA1        2.49621E-02  3.58266E-01  1.32536E-01  3.39889E-01 -6.56659E-04  5.23244E-03  2.71904E-03 -1.60231E-02  8.90989E-03  7.06110E-04  6.82390E-04  8.07194E-03  1.22837E-02  4.53251E-03  8.01372E-03
 THETA2        3.58266E-01  3.42890E-02  3.59974E-01 -7.05214E-02  2.00444E-02  3.77610E-03 -1.19567E-02 -2.27204E-02  5.72092E-03 -3.63570E-02 -3.63200E-02  1.42163E-02 -1.22538E-02  7.59259E-03  3.41121E-02
 THETA3        1.32536E-01  3.59974E-01  2.98076E-02  5.91926E-01  9.80794E-06  1.16798E-02  9.64885E-03 -8.39473E-02 -1.13123E-02  9.82218E-02  8.48363E-02  1.34724E-02  9.32311E-02 -7.55496E-03 -2.06155E-02
 THETA4        3.39889E-01 -7.05214E-02  5.91926E-01  3.16914E-02  8.56554E-03  8.06142E-03  3.63476E-03 -6.00447E-02  5.58300E-03  4.08548E-02  3.02331E-02  1.71334E-02  6.00505E-02 -6.48664E-03 -8.70180E-03
 SIGMA(1,1)   -6.56659E-04  2.00444E-02  9.80794E-06  8.56554E-03  1.32122E-03 -5.86019E-02 -4.90411E-02 -9.36838E-02 -1.56479E-01 -5.50159E-02 -2.68509E-01 -1.13910E-01 -6.40406E-02 -2.27888E-01 -1.47612E-01
 OMEGA(1,1)    5.23244E-03  3.77610E-03  1.16798E-02  8.06142E-03 -5.86019E-02  9.04667E-03  4.81608E-01  1.33043E-01  2.05945E-01  6.79135E-02  3.34296E-02  4.68533E-01  1.67054E-01  7.02245E-02  1.26811E-01
 OMEGA(2,1)    2.71904E-03 -1.19567E-02  9.64885E-03  3.63476E-03 -4.90411E-02  4.81608E-01  9.21335E-03  4.80098E-01  4.09055E-01  2.48606E-01  8.18102E-02  6.12422E-02  2.73007E-01  1.00035E-01 -2.70300E-02
 OMEGA(2,2)   -1.60231E-02 -2.27204E-02 -8.39473E-02 -6.00447E-02 -9.36838E-02  1.33043E-01  4.80098E-01  1.80542E-02  2.00464E-01  4.31230E-01  6.49611E-02 -3.03850E-02 -1.54275E-01 -7.89354E-02 -3.49200E-02
 OMEGA(3,1)    8.90989E-03  5.72092E-03 -1.13123E-02  5.58300E-03 -1.56479E-01  2.05945E-01  4.09055E-01  2.00464E-01  7.45105E-03  3.62310E-01  2.12364E-01  5.98922E-01  3.36821E-01  3.79918E-01  2.95100E-01
 OMEGA(3,2)    7.06110E-04 -3.63570E-02  9.82218E-02  4.08548E-02 -5.50159E-02  6.79135E-02  2.48606E-01  4.31230E-01  3.62310E-01  1.13363E-02  5.48733E-01  1.72400E-01  5.16689E-01  1.48483E-01 -4.49909E-02
 OMEGA(3,3)    6.82390E-04 -3.63200E-02  8.48363E-02  3.02331E-02 -2.68509E-01  3.34296E-02  8.18102E-02  6.49611E-02  2.12364E-01  5.48733E-01  1.34382E-02  1.29497E-01  3.61993E-01  7.17734E-01  3.40124E-01
 OMEGA(4,1)    8.07194E-03  1.42163E-02  1.34724E-02  1.71334E-02 -1.13910E-01  4.68533E-01  6.12422E-02 -3.03850E-02  5.98922E-01  1.72400E-01  1.29497E-01  8.51503E-03  3.35938E-01  2.92418E-01  4.48705E-01
 OMEGA(4,2)    1.22837E-02 -1.22538E-02  9.32311E-02  6.00505E-02 -6.40406E-02  1.67054E-01  2.73007E-01 -1.54275E-01  3.36821E-01  5.16689E-01  3.61993E-01  3.35938E-01  1.11760E-02  3.33426E-01 -5.75214E-02
 OMEGA(4,3)    4.53251E-03  7.59259E-03 -7.55496E-03 -6.48664E-03 -2.27888E-01  7.02245E-02  1.00035E-01 -7.89354E-02  3.79918E-01  1.48483E-01  7.17734E-01  2.92418E-01  3.33426E-01  1.10761E-02  7.16490E-01
 OMEGA(4,4)    8.01372E-03  3.41121E-02 -2.06155E-02 -8.70180E-03 -1.47612E-01  1.26811E-01 -2.70300E-02 -3.49200E-02  2.95100E-01 -4.49909E-02  3.40124E-01  4.48705E-01 -5.75214E-02  7.16490E-01  1.46399E-02
TABLE NO.     3: Laplacian Conditional Estimation with Interaction: Problem=1 Subproblem=0 Superproblem1=0 Iteration1=0 Superproblem2=0 Iteration2=0
 NAME         THETA1       THETA2       THETA3       THETA4       SIGMA(1,1)   OMEGA(1,1)   OMEGA(2,1)   OMEGA(2,2)   OMEGA(3,1)   OMEGA(3,2)   OMEGA(3,3)   OMEGA(4,1)   OMEGA(4,2)   OMEGA(4,3)   OMEGA(4,4)
 THETA1        2.47939E-02  3.57446E-01  1.28786E-01  3.38414E-01 -4.49074E-03  4.75021E-03 -9.74773E-04 -1.57740E-02  9.49132E-03  8.67904E-04  3.83878E-03  1.12317E-02  1.24993E-02  6.21506E-03  8.05438E-03
 THETA2        3.57446E-01  3.39020E-02  3.59985E-01 -7.30872E-02  1.36859E-02  1.68191E-03 -1.26822E-02 -1.40490E-02  6.86290E-03 -2.76425E-02 -3.25763E-02  1.53765E-02 -7.01650E-03  7.13733E-03  2.87032E-02
 THETA3        1.28786E-01  3.59985E-01  2.93904E-02  5.90091E-01 -9.32826E-03  1.17967E-02  8.16386E-03 -7.85203E-02 -4.76412E-03  1.07188E-01  1.01370E-01  1.65270E-02  9.40194E-02 -2.01285E-04 -1.80037E-02
 THETA4        3.38414E-01 -7.30872E-02  5.90091E-01  3.14096E-02  2.31263E-03  9.33718E-03  3.05267E-03 -5.61755E-02  7.87329E-03  4.41164E-02  3.90814E-02  1.75560E-02  5.53062E-02 -1.70340E-03 -3.33787E-03
 SIGMA(1,1)   -4.49074E-03  1.36859E-02 -9.32826E-03  2.31263E-03  1.28767E-03 -7.85447E-02 -3.69495E-02 -9.08087E-02 -1.24455E-01 -4.10367E-02 -2.51749E-01 -1.13044E-01 -5.42792E-02 -2.04853E-01 -1.46449E-01
 OMEGA(1,1)    4.75021E-03  1.68191E-03  1.17967E-02  9.33718E-03 -7.85447E-02  8.69958E-03  4.82778E-01  1.38579E-01  2.20592E-01  6.21371E-02  4.51910E-02  4.71726E-01  1.59124E-01  8.35156E-02  1.36121E-01
 OMEGA(2,1)   -9.74773E-04 -1.26822E-02  8.16386E-03  3.05267E-03 -3.69495E-02  4.82778E-01  8.94760E-03  4.79489E-01  3.98550E-01  2.24620E-01  6.16250E-02  4.36930E-02  2.58233E-01  8.04786E-02 -5.28357E-02
 OMEGA(2,2)   -1.57740E-02 -1.40490E-02 -7.85203E-02 -5.61755E-02 -9.08087E-02  1.38579E-01  4.79489E-01  1.71904E-02  1.82144E-01  4.00146E-01  2.32669E-02 -4.44499E-02 -1.81271E-01 -1.19448E-01 -5.71686E-02
 OMEGA(3,1)    9.49132E-03  6.86290E-03 -4.76412E-03  7.87329E-03 -1.24455E-01  2.20592E-01  3.98550E-01  1.82144E-01  7.02444E-03  3.52450E-01  1.84483E-01  5.91754E-01  3.28185E-01  3.48852E-01  2.72924E-01
 OMEGA(3,2)    8.67904E-04 -2.76425E-02  1.07188E-01  4.41164E-02 -4.10367E-02  6.21371E-02  2.24620E-01  4.00146E-01  3.52450E-01  1.09228E-02  5.45816E-01  1.58772E-01  5.14422E-01  1.21184E-01 -6.62229E-02
 OMEGA(3,3)    3.83878E-03 -3.25763E-02  1.01370E-01  3.90814E-02 -2.51749E-01  4.51910E-02  6.16250E-02  2.32669E-02  1.84483E-01  5.45816E-01  1.27275E-02  1.24183E-01  3.65966E-01  7.00619E-01  3.33138E-01
 OMEGA(4,1)    1.12317E-02  1.53765E-02  1.65270E-02  1.75560E-02 -1.13044E-01  4.71726E-01  4.36930E-02 -4.44499E-02  5.91754E-01  1.58772E-01  1.24183E-01  8.25491E-03  3.16492E-01  2.88230E-01  4.67864E-01
 OMEGA(4,2)    1.24993E-02 -7.01650E-03  9.40194E-02  5.53062E-02 -5.42792E-02  1.59124E-01  2.58233E-01 -1.81271E-01  3.28185E-01  5.14422E-01  3.65966E-01  3.16492E-01  1.08478E-02  3.35161E-01 -5.65966E-02
 OMEGA(4,3)    6.21506E-03  7.13733E-03 -2.01285E-04 -1.70340E-03 -2.04853E-01  8.35156E-02  8.04786E-02 -1.19448E-01  3.48852E-01  1.21184E-01  7.00619E-01  2.88230E-01  3.35161E-01  1.05109E-02  7.17068E-01
 OMEGA(4,4)    8.05438E-03  2.87032E-02 -1.80037E-02 -3.33787E-03 -1.46449E-01  1.36121E-01 -5.28357E-02 -5.71686E-02  2.72924E-01 -6.62229E-02  3.33138E-01  4.67864E-01 -5.65966E-02  7.17068E-01  1.40296E-02
