TABLE NO.     1: Iterative Two Stage: Problem=1 Subproblem=0 Superproblem1=0 Iteration1=0 Superproblem2=0 Iteration2=0
 NAME         THETA1       THETA2       THETA3       THETA4       SIGMA(1,1)   OMEGA(1,1)   OMEGA(2,1)   OMEGA(2,2)   OMEGA(3,1)   OMEGA(3,2)   OMEGA(3,3)   OMEGA(4,1)   OMEGA(4,2)   OMEGA(4,3)   OMEGA(4,4)
 THETA1        2.48939E+03 -1.04729E+03  9.93060E+02 -1.28522E+03  4.59980E+03 -1.82762E+03 -1.31589E+02 -1.37145E+02 -9.07447E+01 -2.58066E+03  8.17619E+02  4.69673E+03  6.03053E+02  9.09963E+02 -2.33856E+03
 THETA2       -1.04729E+03  1.62864E+03 -1.30445E+03  1.09600E+03 -3.09932E+03 -9.50035E+01 -1.60956E+02  2.88429E+02 -2.73163E+03  3.12067E+03 -6.75115E+02  7.41554E+02 -1.46796E+03  2.12586E+03 -9.33549E+02
 THETA3        9.93060E+02 -1.30445E+03  2.85459E+03 -1.89942E+03  9.75371E+02  1.72627E+02 -3.33944E+03  2.07027E+03  2.98133E+03 -3.22392E+03  1.12110E+03  2.15333E+02  2.87759E+03 -1.17574E+03 -8.02935E+02
 THETA4       -1.28522E+03  1.09600E+03 -1.89942E+03  2.44799E+03 -1.63743E+03  2.23554E+03  9.76966E+02 -9.20222E+02  1.50440E+02  3.04015E+03 -7.05656E+02 -4.39707E+03 -2.08126E+03 -1.57872E+03  3.24247E+03
 SIGMA(1,1)    4.59980E+03 -3.09932E+03  9.75371E+02 -1.63743E+03  7.19327E+05 -3.56534E+03 -2.87397E+04  3.08924E+04  4.66818E+04 -3.73464E+04  4.91740E+04 -4.11583E+04  3.23299E+04 -3.66626E+04  2.44399E+04
 OMEGA(1,1)   -1.82762E+03 -9.50035E+01  1.72627E+02  2.23554E+03 -3.56534E+03  5.36554E+04 -1.95840E+04  2.57741E+03  2.03867E+04 -6.45397E+03  8.67293E+03 -5.16213E+04  1.21662E+04 -3.67290E+04  3.39220E+04
 OMEGA(2,1)   -1.31589E+02 -1.60956E+02 -3.33944E+03  9.76966E+02 -2.87397E+04 -1.95840E+04  4.01033E+04 -1.94375E+04 -3.50465E+04  2.51522E+04 -1.58524E+04  3.79096E+04 -2.86149E+04  3.57017E+04 -2.22429E+04
 OMEGA(2,2)   -1.37145E+02  2.88429E+02  2.07027E+03 -9.20222E+02  3.08924E+04  2.57741E+03 -1.94375E+04  1.67037E+04  1.13440E+04 -1.32218E+04  8.98187E+03 -9.92833E+03  1.67679E+04 -1.11737E+04  4.72814E+03
 OMEGA(3,1)   -9.07447E+01 -2.73163E+03  2.98133E+03  1.50440E+02  4.66818E+04  2.03867E+04 -3.50465E+04  1.13440E+04  9.31248E+04 -4.36657E+04  3.42580E+04 -1.06790E+05  4.31238E+04 -9.84580E+04  7.33591E+04
 OMEGA(3,2)   -2.58066E+03  3.12067E+03 -3.22392E+03  3.04015E+03 -3.73464E+04 -6.45397E+03  2.51522E+04 -1.32218E+04 -4.36657E+04  5.70275E+04 -3.36639E+04  3.77998E+04 -3.61454E+04  5.80309E+04 -2.69184E+04
 OMEGA(3,3)    8.17619E+02 -6.75115E+02  1.12110E+03 -7.05656E+02  4.91740E+04  8.67293E+03 -1.58524E+04  8.98187E+03  3.42580E+04 -3.36639E+04  3.32160E+04 -4.13460E+04  2.68106E+04 -5.61621E+04  3.20536E+04
 OMEGA(4,1)    4.69673E+03  7.41554E+02  2.15333E+02 -4.39707E+03 -4.11583E+04 -5.16213E+04  3.79096E+04 -9.92833E+03 -1.06790E+05  3.77998E+04 -4.13460E+04  1.80116E+05 -5.64028E+04  1.48409E+05 -1.31053E+05
 OMEGA(4,2)    6.03053E+02 -1.46796E+03  2.87759E+03 -2.08126E+03  3.23299E+04  1.21662E+04 -2.86149E+04  1.67679E+04  4.31238E+04 -3.61454E+04  2.68106E+04 -5.64028E+04  4.54701E+04 -6.62997E+04  4.47906E+04
 OMEGA(4,3)    9.09963E+02  2.12586E+03 -1.17574E+03 -1.57872E+03 -3.66626E+04 -3.67290E+04  3.57017E+04 -1.11737E+04 -9.84580E+04  5.80309E+04 -5.61621E+04  1.48409E+05 -6.62997E+04  1.62808E+05 -1.21859E+05
 OMEGA(4,4)   -2.33856E+03 -9.33549E+02 -8.02935E+02  3.24247E+03  2.44399E+04  3.39220E+04 -2.22429E+04  4.72814E+03  7.33591E+04 -2.69184E+04  3.20536E+04 -1.31053E+05  4.47906E+04 -1.21859E+05  1.08617E+05
TABLE NO.     2: Importance Sampling: Problem=1 Subproblem=0 Superproblem1=0 Iteration1=0 Superproblem2=0 Iteration2=0
 NAME         THETA1       THETA2       THETA3       THETA4       SIGMA(1,1)   OMEGA(1,1)   OMEGA(2,1)   OMEGA(2,2)   OMEGA(3,1)   OMEGA(3,2)   OMEGA(3,3)   OMEGA(4,1)   OMEGA(4,2)   OMEGA(4,3)   OMEGA(4,4)
 THETA1        2.54264E+03 -1.07491E+03  1.01951E+03 -1.31932E+03  8.18577E+02  8.86833E+01 -2.96945E+02  1.65708E+02  2.11061E+02 -2.37007E+02 -2.70112E+02 -1.23460E+02  1.10955E+02  2.42793E+02  2.49736E+01
 THETA2       -1.07491E+03  1.62119E+03 -1.29741E+03  1.11588E+03 -1.02910E+03 -1.83512E+02  4.75905E+02 -2.52258E+02 -3.98967E+02  3.69407E+02  4.66647E+02  2.74292E+02 -1.79436E+02 -4.05682E+02 -8.28254E+01
 THETA3        1.01951E+03 -1.29741E+03  2.84476E+03 -1.91561E+03  1.39150E+03  3.31810E+02 -9.93697E+02  6.59824E+02  8.03820E+02 -8.84479E+02 -7.04558E+02 -4.79290E+02  3.29377E+02  8.29172E+02 -6.44038E+01
 THETA4       -1.31932E+03  1.11588E+03 -1.91561E+03  2.48761E+03 -1.15182E+03 -1.84177E+02  4.84901E+02 -2.32345E+02 -5.44573E+02  4.72641E+02  2.92761E+02  3.40103E+02 -3.32890E+02 -1.14045E+02 -1.42045E+02
 SIGMA(1,1)    8.18577E+02 -1.02910E+03  1.39150E+03 -1.15182E+03  6.91728E+05  1.32756E+04 -3.06592E+04  2.18250E+04  4.93934E+04 -5.84323E+04  5.25816E+04 -2.50777E+04  3.63910E+04 -4.96546E+04  1.78897E+04
 OMEGA(1,1)    8.86833E+01 -1.83512E+02  3.31810E+02 -1.84177E+02  1.32756E+04  3.02157E+04 -2.47449E+04  4.69562E+03  2.28262E+04 -8.48477E+03  4.69517E+03 -3.00093E+04  1.17268E+04 -1.08184E+04  6.63566E+03
 OMEGA(2,1)   -2.96945E+02  4.75905E+02 -9.93697E+02  4.84901E+02 -3.06592E+04 -2.47449E+04  4.71661E+04 -1.42637E+04 -3.82329E+04  2.43052E+04 -1.28761E+04  3.68724E+04 -2.77457E+04  2.42429E+04 -1.17216E+04
 OMEGA(2,2)    1.65708E+02 -2.52258E+02  6.59824E+02 -2.32345E+02  2.18250E+04  4.69562E+03 -1.42637E+04  1.07460E+04  1.11249E+04 -1.77458E+04  9.19801E+03 -1.00826E+04  1.56209E+04 -1.36990E+04  5.76653E+03
 OMEGA(3,1)    2.11061E+02 -3.98967E+02  8.03820E+02 -5.44573E+02  4.93934E+04  2.28262E+04 -3.82329E+04  1.11249E+04  7.62937E+04 -3.78702E+04  2.82301E+04 -5.46640E+04  3.16610E+04 -5.18364E+04  2.09146E+04
 OMEGA(3,2)   -2.37007E+02  3.69407E+02 -8.84479E+02  4.72641E+02 -5.84323E+04 -8.48477E+03  2.43052E+04 -1.77458E+04 -3.78702E+04  5.73625E+04 -3.84528E+04  2.67733E+04 -4.02838E+04  5.48501E+04 -1.93165E+04
 OMEGA(3,3)   -2.70112E+02  4.66647E+02 -7.04558E+02  2.92761E+02  5.25816E+04  4.69517E+03 -1.28761E+04  9.19801E+03  2.82301E+04 -3.84528E+04  4.13155E+04 -1.80957E+04  2.50615E+04 -5.49836E+04  1.76019E+04
 OMEGA(4,1)   -1.23460E+02  2.74292E+02 -4.79290E+02  3.40103E+02 -2.50777E+04 -3.00093E+04  3.68724E+04 -1.00826E+04 -5.46640E+04  2.67733E+04 -1.80957E+04  7.10148E+04 -3.53341E+04  4.35624E+04 -2.67301E+04
 OMEGA(4,2)    1.10955E+02 -1.79436E+02  3.29377E+02 -3.32890E+02  3.63910E+04  1.17268E+04 -2.77457E+04  1.56209E+04  3.16610E+04 -4.02838E+04  2.50615E+04 -3.53341E+04  4.73286E+04 -5.01216E+04  2.42734E+04
 OMEGA(4,3)    2.42793E+02 -4.05682E+02  8.29172E+02 -1.14045E+02 -4.96546E+04 -1.08184E+04  2.42429E+04 -1.36990E+04 -5.18364E+04  5.48501E+04 -5.49836E+04  4.35624E+04 -5.01216E+04  1.04533E+05 -4.33018E+04
 OMEGA(4,4)    2.49736E+01 -8.28254E+01 -6.44038E+01 -1.42045E+02  1.78897E+04  6.63566E+03 -1.17216E+04  5.76653E+03  2.09146E+04 -1.93165E+04  1.76019E+04 -2.67301E+04  2.42734E+04 -4.33018E+04  2.66391E+04
TABLE NO.     3: Laplacian Conditional Estimation with Interaction: Problem=1 Subproblem=0 Superproblem1=0 Iteration1=0 Superproblem2=0 Iteration2=0
 NAME         THETA1       THETA2       THETA3       THETA4       SIGMA(1,1)   OMEGA(1,1)   OMEGA(2,1)   OMEGA(2,2)   OMEGA(3,1)   OMEGA(3,2)   OMEGA(3,3)   OMEGA(4,1)   OMEGA(4,2)   OMEGA(4,3)   OMEGA(4,4)
 THETA1        2.58325E+03 -1.10215E+03  1.05475E+03 -1.34769E+03  7.87854E+02  1.01115E+02 -2.86051E+02  1.68216E+02  1.91462E+02 -1.80523E+02 -3.29778E+02 -1.72260E+02  1.07044E+02  2.56420E+02  5.21288E+01
 THETA2       -1.10215E+03  1.66492E+03 -1.34064E+03  1.14692E+03 -9.17408E+02 -1.87914E+02  5.03166E+02 -2.77564E+02 -3.73475E+02  3.31308E+02  5.28145E+02  2.92738E+02 -2.00448E+02 -4.27430E+02 -9.19738E+01
 THETA3        1.05475E+03 -1.34064E+03  2.93222E+03 -1.96531E+03  1.42832E+03  3.33918E+02 -9.95239E+02  6.72190E+02  7.57194E+02 -8.31174E+02 -8.16893E+02 -5.04709E+02  3.35243E+02  8.74219E+02 -3.70430E+01
 THETA4       -1.34769E+03  1.14692E+03 -1.96531E+03  2.53516E+03 -1.05105E+03 -2.03878E+02  4.80941E+02 -2.34615E+02 -5.24764E+02  4.21566E+02  3.48860E+02  3.87197E+02 -3.18648E+02 -1.13930E+02 -1.84009E+02
 SIGMA(1,1)    7.87854E+02 -9.17408E+02  1.42832E+03 -1.05105E+03  7.31556E+05  1.72107E+04 -3.70828E+04  2.63514E+04  5.38232E+04 -6.77542E+04  5.99606E+04 -2.99976E+04  4.40317E+04 -6.00414E+04  2.25462E+04
 OMEGA(1,1)    1.01115E+02 -1.87914E+02  3.33918E+02 -2.03878E+02  1.72107E+04  3.26843E+04 -2.64314E+04  5.18761E+03  2.43428E+04 -9.49133E+03  5.28308E+03 -3.24738E+04  1.29519E+04 -1.25741E+04  7.81703E+03
 OMEGA(2,1)   -2.86051E+02  5.03166E+02 -9.95239E+02  4.80941E+02 -3.70828E+04 -2.64314E+04  5.04582E+04 -1.59709E+04 -4.14453E+04  2.75022E+04 -1.48533E+04  3.94667E+04 -3.02580E+04  2.69356E+04 -1.28396E+04
 OMEGA(2,2)    1.68216E+02 -2.77564E+02  6.72190E+02 -2.34615E+02  2.63514E+04  5.18761E+03 -1.59709E+04  1.21085E+04  1.28150E+04 -1.99670E+04  1.07651E+04 -1.12124E+04  1.74124E+04 -1.54155E+04  6.36293E+03
 OMEGA(3,1)    1.91462E+02 -3.73475E+02  7.57194E+02 -5.24764E+02  5.38232E+04  2.43428E+04 -4.14453E+04  1.28150E+04  8.39050E+04 -4.28913E+04  3.18160E+04 -5.98531E+04  3.52575E+04 -5.77008E+04  2.39432E+04
 OMEGA(3,2)   -1.80523E+02  3.31308E+02 -8.31174E+02  4.21566E+02 -6.77542E+04 -9.49133E+03  2.75022E+04 -1.99670E+04 -4.28913E+04  6.35851E+04 -4.30307E+04  2.99989E+04 -4.44568E+04  6.05739E+04 -2.12315E+04
 OMEGA(3,3)   -3.29778E+02  5.28145E+02 -8.16893E+02  3.48860E+02  5.99606E+04  5.28308E+03 -1.48533E+04  1.07651E+04  3.18160E+04 -4.30307E+04  4.53258E+04 -2.04561E+04  2.78406E+04 -5.94613E+04  1.90826E+04
 OMEGA(4,1)   -1.72260E+02  2.92738E+02 -5.04709E+02  3.87197E+02 -2.99976E+04 -3.24738E+04  3.94667E+04 -1.12124E+04 -5.98531E+04  2.99989E+04 -2.04561E+04  7.76019E+04 -3.86586E+04  4.94954E+04 -3.08886E+04
 OMEGA(4,2)    1.07044E+02 -2.00448E+02  3.35243E+02 -3.18648E+02  4.40317E+04  1.29519E+04 -3.02580E+04  1.74124E+04  3.52575E+04 -4.44568E+04  2.78406E+04 -3.86586E+04  5.12495E+04 -5.50385E+04  2.66503E+04
 OMEGA(4,3)    2.56420E+02 -4.27430E+02  8.74219E+02 -1.13930E+02 -6.00414E+04 -1.25741E+04  2.69356E+04 -1.54155E+04 -5.77008E+04  6.05739E+04 -5.94613E+04  4.94954E+04 -5.50385E+04  1.13506E+05 -4.78939E+04
 OMEGA(4,4)    5.21288E+01 -9.19738E+01 -3.70430E+01 -1.84009E+02  2.25462E+04  7.81703E+03 -1.28396E+04  6.36293E+03  2.39432E+04 -2.12315E+04  1.90826E+04 -3.08886E+04  2.66503E+04 -4.78939E+04  3.00053E+04
