TABLE NO.     1: Iterative Two Stage: Problem=1 Subproblem=0 Superproblem1=0 Iteration1=0 Superproblem2=0 Iteration2=0
 NAME         THETA1       THETA2       THETA3       THETA4       SIGMA(1,1)   OMEGA(1,1)   OMEGA(2,1)   OMEGA(2,2)   OMEGA(3,1)   OMEGA(3,2)   OMEGA(3,3)   OMEGA(4,1)   OMEGA(4,2)   OMEGA(4,3)   OMEGA(4,4)
 THETA1        7.77260E-04  4.10560E-04  1.13487E-04  2.51048E-04 -1.24497E-06  4.17996E-06  7.52699E-05  6.67122E-05 -2.64531E-05 -1.12564E-05 -7.11457E-05 -9.72371E-05  1.52824E-05 -3.82671E-05 -1.05392E-04
 THETA2        4.10560E-04  2.12431E-03  8.10815E-04 -7.79519E-05  1.37037E-05  1.07959E-04  2.76592E-04  2.86844E-05  1.24198E-04 -1.83767E-04 -2.16968E-04  7.78437E-05  3.53739E-05  2.43029E-05  9.52173E-05
 THETA3        1.13487E-04  8.10815E-04  1.24904E-03  7.28292E-04  8.24298E-06  1.18156E-05  1.06295E-04 -1.18114E-04 -2.62584E-07 -9.39674E-05 -3.49819E-05  1.96327E-05  7.74325E-05  6.74140E-05  7.28715E-05
 THETA4        2.51048E-04 -7.79519E-05  7.28292E-04  1.31717E-03  1.36660E-07 -3.46446E-05  2.08780E-06 -1.37754E-04 -3.75962E-05 -2.01608E-05  4.54680E-05 -2.18441E-05  1.55543E-04  7.39451E-05 -1.25482E-05
 SIGMA(1,1)   -1.24497E-06  1.37037E-05  8.24298E-06  1.36660E-07  2.02774E-06  4.77593E-07  8.30110E-07 -2.90898E-06 -1.38473E-06 -2.18253E-06 -9.10557E-06 -4.07615E-07 -1.34924E-07 -5.94573E-06 -4.18630E-06
 OMEGA(1,1)    4.17996E-06  1.07959E-04  1.18156E-05 -3.46446E-05  4.77593E-07  5.16315E-05  5.52062E-05  3.50789E-05  4.06539E-05 -7.02009E-06 -1.03348E-05  4.02212E-05  1.18456E-05  1.19973E-05  2.66426E-05
 OMEGA(2,1)    7.52699E-05  2.76592E-04  1.06295E-04  2.08780E-06  8.30110E-07  5.52062E-05  1.69536E-04  1.23125E-04  5.79409E-05 -2.77344E-05 -5.53860E-05  1.88271E-05  2.43485E-05 -6.28680E-06 -7.38780E-06
 OMEGA(2,2)    6.67122E-05  2.86844E-05 -1.18114E-04 -1.37754E-04 -2.90898E-06  3.50789E-05  1.23125E-04  2.81776E-04  3.10577E-05 -8.81647E-06 -7.43384E-05  8.60384E-06 -9.61266E-05 -7.39799E-05 -2.66326E-05
 OMEGA(3,1)   -2.64531E-05  1.24198E-04 -2.62584E-07 -3.75962E-05 -1.38473E-06  4.06539E-05  5.79409E-05  3.10577E-05  9.82855E-05  8.36235E-06  1.24299E-05  7.97728E-05  1.91701E-05  4.57701E-05  7.14656E-05
 OMEGA(3,2)   -1.12564E-05 -1.83767E-04 -9.39674E-05 -2.01608E-05 -2.18253E-06 -7.02009E-06 -2.77344E-05 -8.81647E-06  8.36235E-06  9.17828E-05  5.88524E-05 -2.12076E-06  2.74318E-05 -2.01798E-05 -4.13072E-05
 OMEGA(3,3)   -7.11457E-05 -2.16968E-04 -3.49819E-05  4.54680E-05 -9.10557E-06 -1.03348E-05 -5.53860E-05 -7.43384E-05  1.24299E-05  5.88524E-05  2.25662E-04  2.41401E-05  3.36755E-05  1.40384E-04  1.04493E-04
 OMEGA(4,1)   -9.72371E-05  7.78437E-05  1.96327E-05 -2.18441E-05 -4.07615E-07  4.02212E-05  1.88271E-05  8.60384E-06  7.97728E-05 -2.12076E-06  2.41401E-05  1.33954E-04  6.61798E-06  5.30081E-05  1.47222E-04
 OMEGA(4,2)    1.52824E-05  3.53739E-05  7.74325E-05  1.55543E-04 -1.34924E-07  1.18456E-05  2.43485E-05 -9.61266E-05  1.91701E-05  2.74318E-05  3.36755E-05  6.61798E-06  1.59264E-04  6.74166E-05  3.92191E-06
 OMEGA(4,3)   -3.82671E-05  2.43029E-05  6.74140E-05  7.39451E-05 -5.94573E-06  1.19973E-05 -6.28680E-06 -7.39799E-05  4.57701E-05 -2.01798E-05  1.40384E-04  5.30081E-05  6.74166E-05  2.14787E-04  1.96988E-04
 OMEGA(4,4)   -1.05392E-04  9.52173E-05  7.28715E-05 -1.25482E-05 -4.18630E-06  2.66426E-05 -7.38780E-06 -2.66326E-05  7.14656E-05 -4.13072E-05  1.04493E-04  1.47222E-04  3.92191E-06  1.96988E-04  3.08616E-04
TABLE NO.     2: Importance Sampling: Problem=1 Subproblem=0 Superproblem1=0 Iteration1=0 Superproblem2=0 Iteration2=0
 NAME         THETA1       THETA2       THETA3       THETA4       SIGMA(1,1)   OMEGA(1,1)   OMEGA(2,1)   OMEGA(2,2)   OMEGA(3,1)   OMEGA(3,2)   OMEGA(3,3)   OMEGA(4,1)   OMEGA(4,2)   OMEGA(4,3)   OMEGA(4,4)
 THETA1        6.23104E-04  3.06649E-04  9.86147E-05  2.68880E-04 -2.16569E-08  1.18161E-06  6.25335E-07 -7.22111E-06  1.65718E-06  1.99813E-07  2.28904E-07  1.71571E-06  3.42685E-06  1.25316E-06  2.92856E-06
 THETA2        3.06649E-04  1.17574E-03  3.67919E-04 -7.66333E-05  9.08082E-07  1.17135E-06 -3.77733E-06 -1.40653E-05  1.46163E-06 -1.41323E-05 -1.67356E-05  4.15076E-06 -4.69581E-06  2.88359E-06  1.71239E-05
 THETA3        9.86147E-05  3.67919E-04  8.88492E-04  5.59158E-04  3.86262E-10  3.14956E-06  2.64984E-06 -4.51764E-05 -2.51244E-06  3.31899E-05  3.39820E-05  3.41946E-06  3.10580E-05 -2.49429E-06 -8.99620E-06
 THETA4        2.68880E-04 -7.66333E-05  5.59158E-04  1.00434E-03  3.58651E-07  2.31122E-06  1.06129E-06 -3.43553E-05  1.31834E-06  1.46776E-05  1.28755E-05  4.62350E-06  2.12688E-05 -2.27692E-06 -4.03728E-06
 SIGMA(1,1)   -2.16569E-08  9.08082E-07  3.86262E-10  3.58651E-07  1.74564E-06 -7.00449E-07 -5.96973E-07 -2.23470E-06 -1.54046E-06 -8.24018E-07 -4.76733E-06 -1.28151E-06 -9.45623E-07 -3.33493E-06 -2.85521E-06
 OMEGA(1,1)    1.18161E-06  1.17135E-06  3.14956E-06  2.31122E-06 -7.00449E-07  8.18422E-05  4.01421E-05  2.17300E-05  1.38822E-05  6.96492E-06  4.06406E-06  3.60924E-05  1.68901E-05  7.03663E-06  1.67952E-05
 OMEGA(2,1)    6.25335E-07 -3.77733E-06  2.64984E-06  1.06129E-06 -5.96973E-07  4.01421E-05  8.48858E-05  7.98594E-05  2.80812E-05  2.59658E-05  1.01290E-05  4.80457E-06  2.81111E-05  1.02084E-05 -3.64589E-06
 OMEGA(2,2)   -7.22111E-06 -1.40653E-05 -4.51764E-05 -3.43553E-05 -2.23470E-06  2.17300E-05  7.98594E-05  3.25954E-04  2.69670E-05  8.82588E-05  1.57605E-05 -4.67115E-06 -3.11286E-05 -1.57847E-05 -9.22978E-06
 OMEGA(3,1)    1.65718E-06  1.46163E-06 -2.51244E-06  1.31834E-06 -1.54046E-06  1.38822E-05  2.80812E-05  2.69670E-05  5.55181E-05  3.06034E-05  2.12637E-05  3.79991E-05  2.80480E-05  3.13542E-05  3.21903E-05
 OMEGA(3,2)    1.99813E-07 -1.41323E-05  3.31899E-05  1.46776E-05 -8.24018E-07  6.96492E-06  2.59658E-05  8.82588E-05  3.06034E-05  1.28512E-04  8.35935E-05  1.66416E-05  6.54616E-05  1.86438E-05 -7.46681E-06
 OMEGA(3,3)    2.28904E-07 -1.67356E-05  3.39820E-05  1.28755E-05 -4.76733E-06  4.06406E-06  1.01290E-05  1.57605E-05  2.12637E-05  8.35935E-05  1.80584E-04  1.48178E-05  5.43658E-05  1.06829E-04  6.69140E-05
 OMEGA(4,1)    1.71571E-06  4.15076E-06  3.41946E-06  4.62350E-06 -1.28151E-06  3.60924E-05  4.80457E-06 -4.67115E-06  3.79991E-05  1.66416E-05  1.48178E-05  7.25058E-05  3.19691E-05  2.75790E-05  5.59354E-05
 OMEGA(4,2)    3.42685E-06 -4.69581E-06  3.10580E-05  2.12688E-05 -9.45623E-07  1.68901E-05  2.81111E-05 -3.11286E-05  2.80480E-05  6.54616E-05  5.43658E-05  3.19691E-05  1.24902E-04  4.12736E-05 -9.41140E-06
 OMEGA(4,3)    1.25316E-06  2.88359E-06 -2.49429E-06 -2.27692E-06 -3.33493E-06  7.03663E-06  1.02084E-05 -1.57847E-05  3.13542E-05  1.86438E-05  1.06829E-04  2.75790E-05  4.12736E-05  1.22680E-04  1.16182E-04
 OMEGA(4,4)    2.92856E-06  1.71239E-05 -8.99620E-06 -4.03728E-06 -2.85521E-06  1.67952E-05 -3.64589E-06 -9.22978E-06  3.21903E-05 -7.46681E-06  6.69140E-05  5.59354E-05 -9.41140E-06  1.16182E-04  2.14328E-04
TABLE NO.     3: Laplacian Conditional Estimation with Interaction: Problem=1 Subproblem=0 Superproblem1=0 Iteration1=0 Superproblem2=0 Iteration2=0
 NAME         THETA1       THETA2       THETA3       THETA4       SIGMA(1,1)   OMEGA(1,1)   OMEGA(2,1)   OMEGA(2,2)   OMEGA(3,1)   OMEGA(3,2)   OMEGA(3,3)   OMEGA(4,1)   OMEGA(4,2)   OMEGA(4,3)   OMEGA(4,4)
 THETA1        6.14738E-04  3.00456E-04  9.38468E-05  2.63546E-04 -1.43372E-07  1.02460E-06 -2.16249E-07 -6.72314E-06  1.65304E-06  2.35045E-07  1.21138E-06  2.29880E-06  3.36182E-06  1.61968E-06  2.80170E-06
 THETA2        3.00456E-04  1.14935E-03  3.58687E-04 -7.78267E-05  5.97448E-07  4.96050E-07 -3.84702E-06 -8.18761E-06  1.63435E-06 -1.02361E-05 -1.40563E-05  4.30323E-06 -2.58041E-06  2.54332E-06  1.36521E-05
 THETA3        9.38468E-05  3.58687E-04  8.63795E-04  5.44736E-04 -3.53028E-07  3.01623E-06  2.14688E-06 -3.96710E-05 -9.83557E-07  3.44101E-05  3.79192E-05  4.00970E-06  2.99755E-05 -6.21809E-08 -7.42354E-06
 THETA4        2.63546E-04 -7.78267E-05  5.44736E-04  9.86560E-04  9.35341E-08  2.55138E-06  8.57921E-07 -3.03316E-05  1.73712E-06  1.51354E-05  1.56234E-05  4.55198E-06  1.88442E-05 -5.62366E-07 -1.47088E-06
 SIGMA(1,1)   -1.43372E-07  5.97448E-07 -3.53028E-07  9.35341E-08  1.65808E-06 -8.79868E-07 -4.25714E-07 -2.01009E-06 -1.12571E-06 -5.77178E-07 -4.12585E-06 -1.20161E-06 -7.58193E-07 -2.77259E-06 -2.64566E-06
 OMEGA(1,1)    1.02460E-06  4.96050E-07  3.01623E-06  2.55138E-06 -8.79868E-07  7.56826E-05  3.75796E-05  2.07244E-05  1.34803E-05  5.90450E-06  5.00373E-06  3.38766E-05  1.50168E-05  7.63670E-06  1.66137E-05
 OMEGA(2,1)   -2.16249E-07 -3.84702E-06  2.14688E-06  8.57921E-07 -4.25714E-07  3.75796E-05  8.00595E-05  7.37515E-05  2.50496E-05  2.19527E-05  7.01789E-06  3.22723E-06  2.50646E-05  7.56880E-06 -6.63253E-06
 OMEGA(2,2)   -6.72314E-06 -8.18761E-06 -3.96710E-05 -3.03316E-05 -2.01009E-06  2.07244E-05  7.37515E-05  2.95510E-04  2.19945E-05  7.51344E-05  5.09058E-06 -6.30768E-06 -3.38031E-05 -2.15827E-05 -1.37876E-05
 OMEGA(3,1)    1.65304E-06  1.63435E-06 -9.83557E-07  1.73712E-06 -1.12571E-06  1.34803E-05  2.50496E-05  2.19945E-05  4.93427E-05  2.70422E-05  1.64934E-05  3.43135E-05  2.50077E-05  2.57569E-05  2.68967E-05
 OMEGA(3,2)    2.35045E-07 -1.02361E-05  3.44101E-05  1.51354E-05 -5.77178E-07  5.90450E-06  2.19527E-05  7.51344E-05  2.70422E-05  1.19307E-04  7.58793E-05  1.43159E-05  6.09531E-05  1.39129E-05 -1.01482E-05
 OMEGA(3,3)    1.21138E-06 -1.40563E-05  3.79192E-05  1.56234E-05 -4.12585E-06  5.00373E-06  7.01789E-06  5.09058E-06  1.64934E-05  7.58793E-05  1.61990E-04  1.30472E-05  5.05275E-05  9.37271E-05  5.94858E-05
 OMEGA(4,1)    2.29880E-06  4.30323E-06  4.00970E-06  4.55198E-06 -1.20161E-06  3.38766E-05  3.22723E-06 -6.30768E-06  3.43135E-05  1.43159E-05  1.30472E-05  6.81436E-05  2.83412E-05  2.50087E-05  5.41847E-05
 OMEGA(4,2)    3.36182E-06 -2.58041E-06  2.99755E-05  1.88442E-05 -7.58193E-07  1.50168E-05  2.50646E-05 -3.38031E-05  2.50077E-05  6.09531E-05  5.05275E-05  2.83412E-05  1.17675E-04  3.82152E-05 -8.61347E-06
 OMEGA(4,3)    1.61968E-06  2.54332E-06 -6.21809E-08 -5.62366E-07 -2.77259E-06  7.63670E-06  7.56880E-06 -2.15827E-05  2.57569E-05  1.39129E-05  9.37271E-05  2.50087E-05  3.82152E-05  1.10479E-04  1.05742E-04
 OMEGA(4,4)    2.80170E-06  1.36521E-05 -7.42354E-06 -1.47088E-06 -2.64566E-06  1.66137E-05 -6.63253E-06 -1.37876E-05  2.68967E-05 -1.01482E-05  5.94858E-05  5.41847E-05 -8.61347E-06  1.05742E-04  1.96830E-04
