TABLE NO.     1: Iterative Two Stage: Problem=1 Subproblem=0 Superproblem1=0 Iteration1=0 Superproblem2=0 Iteration2=0
 NAME         THETA1       THETA2       THETA3       THETA4       SIGMA(1,1)   OMEGA(1,1)   OMEGA(2,1)   OMEGA(2,2)   OMEGA(3,1)   OMEGA(3,2)   OMEGA(3,3)   OMEGA(4,1)   OMEGA(4,2)   OMEGA(4,3)   OMEGA(4,4)   OMEGA(5,1)   OMEGA(5,2)   OMEGA(5,3)   OMEGA(5,4)   OMEGA(5,5)
 THETA1        3.08372E-11 -1.09948E-11  2.05184E-11 -2.71004E-11 -7.17501E-12  3.05631E-21  1.36074E-21 -2.84700E-21  2.88147E-21 -2.16401E-21 -9.13939E-22 -2.75409E-21 -6.64995E-22 -8.29644E-22  1.45551E-21  0.00000E+00  0.00000E+00  0.00000E+00  0.00000E+00  0.00000E+00
 THETA2       -1.09948E-11  4.99779E-12 -5.65067E-12  9.03450E-12  1.41326E-12 -9.20214E-22  2.35767E-22  7.31608E-22 -5.81215E-22  1.64497E-21  1.88977E-21  1.17672E-21 -6.94822E-22 -2.69437E-22 -8.59981E-22  0.00000E+00  0.00000E+00  0.00000E+00  0.00000E+00  0.00000E+00
 THETA3        2.05184E-11 -5.65067E-12  2.03540E-11 -2.15516E-11 -6.50710E-12 -1.19779E-21  3.15023E-21 -2.35080E-21  3.16510E-21  1.34659E-22  5.68573E-21  4.60080E-22 -2.44237E-21 -3.19920E-21  2.93521E-22  0.00000E+00  0.00000E+00  0.00000E+00  0.00000E+00  0.00000E+00
 THETA4       -2.71004E-11  9.03450E-12 -2.15516E-11  2.59704E-11  7.43307E-12 -1.13652E-22 -2.47359E-21  2.62554E-21 -2.76122E-21  1.06420E-21 -2.28903E-21  7.37931E-22  1.51429E-21  1.84055E-21 -9.18746E-22  0.00000E+00  0.00000E+00  0.00000E+00  0.00000E+00  0.00000E+00
 SIGMA(1,1)   -7.17501E-12  1.41326E-12 -6.50710E-12  7.43307E-12  6.23073E-11  1.11318E-20 -6.80899E-21  8.82320E-22  1.23176E-20 -9.11715E-21  1.04873E-21 -1.34889E-20  6.85859E-21 -1.09911E-20  1.09791E-20  0.00000E+00  0.00000E+00  0.00000E+00  0.00000E+00  0.00000E+00
 OMEGA(1,1)    3.05631E-21 -9.20214E-22 -1.19779E-21 -1.13652E-22  1.11318E-20  1.90255E-29 -4.62211E-30 -2.07825E-30  1.22705E-29 -6.16140E-30 -1.09958E-30 -1.56644E-29  3.04082E-30 -8.06239E-30  8.82481E-30  0.00000E+00  0.00000E+00  0.00000E+00  0.00000E+00  0.00000E+00
 OMEGA(2,1)    1.36074E-21  2.35767E-22  3.15023E-21 -2.47359E-21 -6.80899E-21 -4.62211E-30  4.54665E-30 -1.23234E-30  1.08951E-30  3.00637E-30  7.75212E-30  4.71455E-30 -3.99554E-30 -1.60592E-30 -2.77474E-30  0.00000E+00  0.00000E+00  0.00000E+00  0.00000E+00  0.00000E+00
 OMEGA(2,2)   -2.84700E-21  7.31608E-22 -2.35080E-21  2.62554E-21  8.82320E-22 -2.07825E-30 -1.23234E-30  1.50973E-30 -3.58192E-30  4.78893E-31 -3.68779E-30  1.38382E-30  1.29151E-30  3.05317E-30 -1.03043E-30  0.00000E+00  0.00000E+00  0.00000E+00  0.00000E+00  0.00000E+00
 OMEGA(3,1)    2.88147E-21 -5.81215E-22  3.16510E-21 -2.76122E-21  1.23176E-20  1.22705E-29  1.08951E-30 -3.58192E-30  2.43909E-29 -6.54109E-30  2.06048E-29 -1.55502E-29  4.74148E-31 -2.28508E-29  1.56297E-29  0.00000E+00  0.00000E+00  0.00000E+00  0.00000E+00  0.00000E+00
 OMEGA(3,2)   -2.16401E-21  1.64497E-21  1.34659E-22  1.06420E-21 -9.11715E-21 -6.16140E-30  3.00637E-30  4.78893E-31 -6.54109E-30  5.58167E-30  7.32263E-31  8.02906E-30 -3.68520E-30  5.97459E-30 -7.60699E-30  0.00000E+00  0.00000E+00  0.00000E+00  0.00000E+00  0.00000E+00
 OMEGA(3,3)   -9.13939E-22  1.88977E-21  5.68573E-21 -2.28903E-21  1.04873E-21 -1.09958E-30  7.75212E-30 -3.68779E-30  2.06048E-29  7.32263E-31  3.51052E-29 -3.69190E-30 -5.87345E-30 -2.32662E-29  8.49873E-30  0.00000E+00  0.00000E+00  0.00000E+00  0.00000E+00  0.00000E+00
 OMEGA(4,1)   -2.75409E-21  1.17672E-21  4.60080E-22  7.37931E-22 -1.34889E-20 -1.56644E-29  4.71455E-30  1.38382E-30 -1.55502E-29  8.02906E-30 -3.69190E-30  1.94372E-29 -5.64338E-30  1.43730E-29 -1.77161E-29  0.00000E+00  0.00000E+00  0.00000E+00  0.00000E+00  0.00000E+00
 OMEGA(4,2)   -6.64995E-22 -6.94822E-22 -2.44237E-21  1.51429E-21  6.85859E-21  3.04082E-30 -3.99554E-30  1.29151E-30  4.74148E-31 -3.68520E-30 -5.87345E-30 -5.64338E-30  4.86446E-30 -4.93378E-31  5.82609E-30  0.00000E+00  0.00000E+00  0.00000E+00  0.00000E+00  0.00000E+00
 OMEGA(4,3)   -8.29644E-22 -2.69437E-22 -3.19920E-21  1.84055E-21 -1.09911E-20 -8.06239E-30 -1.60592E-30  3.05317E-30 -2.28508E-29  5.97459E-30 -2.32662E-29  1.43730E-29 -4.93378E-31  2.48882E-29 -1.76674E-29  0.00000E+00  0.00000E+00  0.00000E+00  0.00000E+00  0.00000E+00
 OMEGA(4,4)    1.45551E-21 -8.59981E-22  2.93521E-22 -9.18746E-22  1.09791E-20  8.82481E-30 -2.77474E-30 -1.03043E-30  1.56297E-29 -7.60699E-30  8.49873E-30 -1.77161E-29  5.82609E-30 -1.76674E-29  2.17042E-29  0.00000E+00  0.00000E+00  0.00000E+00  0.00000E+00  0.00000E+00
 OMEGA(5,1)    0.00000E+00  0.00000E+00  0.00000E+00  0.00000E+00  0.00000E+00  0.00000E+00  0.00000E+00  0.00000E+00  0.00000E+00  0.00000E+00  0.00000E+00  0.00000E+00  0.00000E+00  0.00000E+00  0.00000E+00  0.00000E+00  0.00000E+00  0.00000E+00  0.00000E+00  0.00000E+00
 OMEGA(5,2)    0.00000E+00  0.00000E+00  0.00000E+00  0.00000E+00  0.00000E+00  0.00000E+00  0.00000E+00  0.00000E+00  0.00000E+00  0.00000E+00  0.00000E+00  0.00000E+00  0.00000E+00  0.00000E+00  0.00000E+00  0.00000E+00  0.00000E+00  0.00000E+00  0.00000E+00  0.00000E+00
 OMEGA(5,3)    0.00000E+00  0.00000E+00  0.00000E+00  0.00000E+00  0.00000E+00  0.00000E+00  0.00000E+00  0.00000E+00  0.00000E+00  0.00000E+00  0.00000E+00  0.00000E+00  0.00000E+00  0.00000E+00  0.00000E+00  0.00000E+00  0.00000E+00  0.00000E+00  0.00000E+00  0.00000E+00
 OMEGA(5,4)    0.00000E+00  0.00000E+00  0.00000E+00  0.00000E+00  0.00000E+00  0.00000E+00  0.00000E+00  0.00000E+00  0.00000E+00  0.00000E+00  0.00000E+00  0.00000E+00  0.00000E+00  0.00000E+00  0.00000E+00  0.00000E+00  0.00000E+00  0.00000E+00  0.00000E+00  0.00000E+00
 OMEGA(5,5)    0.00000E+00  0.00000E+00  0.00000E+00  0.00000E+00  0.00000E+00  0.00000E+00  0.00000E+00  0.00000E+00  0.00000E+00  0.00000E+00  0.00000E+00  0.00000E+00  0.00000E+00  0.00000E+00  0.00000E+00  0.00000E+00  0.00000E+00  0.00000E+00  0.00000E+00  0.00000E+00
