TABLE NO.     1: Iterative Two Stage (No Prior): Problem=1 Subproblem=0 Superproblem1=0 Iteration1=0 Superproblem2=0 Iteration2=0
 NAME         THETA1       THETA2       THETA3       THETA4       SIGMA(1,1)   OMEGA(1,1)   OMEGA(2,1)   OMEGA(2,2)   OMEGA(3,1)   OMEGA(3,2)   OMEGA(3,3)   OMEGA(4,1)   OMEGA(4,2)   OMEGA(4,3)   OMEGA(4,4)
 THETA1        1.94740E+01 -2.19231E+00 -4.56924E+00  3.30149E-01 -4.01445E+01  4.09690E+01 -2.88755E+01 -1.18724E+01  4.25141E+00 -1.56441E+01  1.23292E+01  5.97881E+00  5.14386E+01 -1.96654E+01 -3.80116E+00
 THETA2       -2.19231E+00  2.05588E+01 -1.03821E+00 -9.44018E-01 -1.17850E+02 -1.91818E+01 -3.52644E+01 -7.11551E+00 -2.91789E+01  1.01033E+01  1.46815E+01  4.85889E+01  2.02707E+00 -6.35738E+00 -1.12832E+01
 THETA3       -4.56924E+00 -1.03821E+00  7.06726E+01 -9.01846E+00  1.04785E+01  5.77047E-01 -6.04926E+01  4.34262E+01  9.46982E+01  9.43753E+00  2.12199E+01 -7.16464E+01 -2.97889E+01 -1.47268E+01 -3.60574E+01
 THETA4        3.30149E-01 -9.44018E-01 -9.01846E+00  4.77819E+00 -1.29426E+01  8.31822E-01  2.14609E+01 -5.38296E-01 -1.41783E+01 -8.98446E-02 -3.25685E+00 -3.46721E+00 -7.97605E+00 -1.68270E+01  2.67154E+01
 SIGMA(1,1)   -4.01445E+01 -1.17850E+02  1.04785E+01 -1.29426E+01  2.52887E+04  7.67354E+02  3.07289E+02  9.99999E+02  4.93956E+02 -9.25244E+02 -4.50255E+02  1.31426E+03  7.60434E+02  7.16368E+02  1.05800E+03
 OMEGA(1,1)    4.09690E+01 -1.91818E+01  5.77047E-01  8.31822E-01  7.67354E+02  1.82217E+03 -9.71466E+02  1.16490E+02  2.40606E+02 -2.79859E+02  1.25797E+01 -3.82817E+02  1.89914E+02 -5.53775E+01 -1.28018E+02
 OMEGA(2,1)   -2.88755E+01 -3.52644E+01 -6.04926E+01  2.14609E+01  3.07289E+02 -9.71466E+02  3.08511E+03 -4.48394E+02 -6.80264E+02  1.13440E+02  5.20635E+01  1.00809E+01 -1.90606E+02  1.59496E+01  8.55479E+01
 OMEGA(2,2)   -1.18724E+01 -7.11551E+00  4.34262E+01 -5.38296E-01  9.99999E+02  1.16490E+02 -4.48394E+02  1.18432E+03  2.16775E+02 -2.36951E+01 -1.26198E+02 -1.24596E+02 -4.75439E+02  7.09783E+01 -6.04832E+01
 OMEGA(3,1)    4.25141E+00 -2.91789E+01  9.46982E+01 -1.41783E+01  4.93956E+02  2.40606E+02 -6.80264E+02  2.16775E+02  2.12475E+03  9.54944E+00 -3.83296E+02 -1.32927E+03  1.41144E+02  1.26307E+02  1.27123E+02
 OMEGA(3,2)   -1.56441E+01  1.01033E+01  9.43753E+00 -8.98446E-02 -9.25244E+02 -2.79859E+02  1.13440E+02 -2.36951E+01  9.54944E+00  1.11185E+03 -2.45106E+00  1.20476E+02 -8.75854E+02 -1.29739E+02  6.14504E+01
 OMEGA(3,3)    1.23292E+01  1.46815E+01  2.12199E+01 -3.25685E+00 -4.50255E+02  1.25797E+01  5.20635E+01 -1.26198E+02 -3.83296E+02 -2.45106E+00  7.29258E+02  1.07124E+02 -2.10010E+00 -8.77621E+02  2.01141E+02
 OMEGA(4,1)    5.97881E+00  4.85889E+01 -7.16464E+01 -3.46721E+00  1.31426E+03 -3.82817E+02  1.00809E+01 -1.24596E+02 -1.32927E+03  1.20476E+02  1.07124E+02  2.61582E+03 -1.40494E+02  3.37217E+01 -9.15944E+01
 OMEGA(4,2)    5.14386E+01  2.02707E+00 -2.97889E+01 -7.97605E+00  7.60434E+02  1.89914E+02 -1.90606E+02 -4.75439E+02  1.41144E+02 -8.75854E+02 -2.10010E+00 -1.40494E+02  2.49383E+03 -7.85223E+01 -5.05057E+01
 OMEGA(4,3)   -1.96654E+01 -6.35738E+00 -1.47268E+01 -1.68270E+01  7.16368E+02 -5.53775E+01  1.59496E+01  7.09783E+01  1.26307E+02 -1.29739E+02 -8.77621E+02  3.37217E+01 -7.85223E+01  2.36149E+03 -1.29361E+03
 OMEGA(4,4)   -3.80116E+00 -1.12832E+01 -3.60574E+01  2.67154E+01  1.05800E+03 -1.28018E+02  8.55479E+01 -6.04832E+01  1.27123E+02  6.14504E+01  2.01141E+02 -9.15944E+01 -5.05057E+01 -1.29361E+03  1.69878E+03
TABLE NO.     2: MCMC Bayesian Analysis: Problem=1 Subproblem=0 Superproblem1=0 Iteration1=0 Superproblem2=0 Iteration2=0
 NAME         THETA1       THETA2       THETA3       THETA4       SIGMA(1,1)   OMEGA(1,1)   OMEGA(2,1)   OMEGA(2,2)   OMEGA(3,1)   OMEGA(3,2)   OMEGA(3,3)   OMEGA(4,1)   OMEGA(4,2)   OMEGA(4,3)   OMEGA(4,4)
 THETA1        1.95680E+01 -2.89722E+00 -5.98712E+00  9.18272E-01 -9.89149E+00 -8.25306E+00 -1.88841E+01  5.61583E+00  3.84147E+00  1.31506E+01 -2.05700E-01  1.20670E+01  1.55948E+01  1.48931E+00  9.48621E+00
 THETA2       -2.89722E+00  1.77747E+01 -4.55123E+00 -2.27799E+00  1.88303E+01 -3.96617E+00 -7.02109E+00  9.52040E-01 -1.36381E+01 -1.08918E+01  2.31726E+00 -4.10356E+01  2.30361E+01  6.02082E+00 -2.05846E+01
 THETA3       -5.98712E+00 -4.55123E+00  8.30188E+01 -7.32488E+00 -7.84163E+01  1.05279E+01 -5.28090E+01  7.89707E+01  7.02087E+01 -6.11488E+01  3.41391E+01 -1.50561E+01 -1.42899E+01 -3.93551E+01  1.71748E+01
 THETA4        9.18272E-01 -2.27799E+00 -7.32488E+00  5.27091E+00 -4.58521E+01 -3.69852E+00 -4.11728E+00  1.01547E+01 -1.56868E+00  9.71955E+00 -1.95437E+00  1.17897E+01  3.82106E+00  1.52254E+01  7.08999E-01
 SIGMA(1,1)   -9.89149E+00  1.88303E+01 -7.84163E+01 -4.58521E+01  2.59707E+04 -3.61713E+02  2.89749E+02  9.61397E+02 -1.69442E+02 -3.65640E+02  6.27068E+02 -1.03331E+02 -1.65435E+02  1.00689E+03  1.22507E+03
 OMEGA(1,1)   -8.25306E+00 -3.96617E+00  1.05279E+01 -3.69852E+00 -3.61713E+02  1.32026E+03 -2.16598E+02  1.50081E+02 -2.71106E+02  9.69597E+01  3.72425E+01  1.33808E+02  1.02046E+02 -9.43421E+01 -2.53294E+01
 OMEGA(2,1)   -1.88841E+01 -7.02109E+00 -5.28090E+01 -4.11728E+00  2.89749E+02 -2.16598E+02  2.07703E+03 -6.74674E+01  1.14712E+02 -1.66531E+02 -2.00714E+01 -3.10261E+02  2.00913E+02  1.97192E+02 -2.75208E+02
 OMEGA(2,2)    5.61583E+00  9.52040E-01  7.89707E+01  1.01547E+01  9.61397E+02  1.50081E+02 -6.74674E+01  9.86480E+02  6.79310E+01  4.24212E+01  8.94337E+01 -4.44954E+00 -3.29770E+02  4.12988E+01 -6.39441E+01
 OMEGA(3,1)    3.84147E+00 -1.36381E+01  7.02087E+01 -1.56868E+00 -1.69442E+02 -2.71106E+02  1.14712E+02  6.79310E+01  1.80918E+03 -6.68838E+01 -1.74275E+02 -6.08481E+02  1.84797E+02  1.20963E+02 -1.20902E+02
 OMEGA(3,2)    1.31506E+01 -1.08918E+01 -6.11488E+01  9.71955E+00 -3.65640E+02  9.69597E+01 -1.66531E+02  4.24212E+01 -6.68838E+01  1.47444E+03 -2.71563E+02  8.95938E+01 -1.69373E+02 -2.55529E+02  2.94455E+02
 OMEGA(3,3)   -2.05700E-01  2.31726E+00  3.41391E+01 -1.95437E+00  6.27068E+02  3.72425E+01 -2.00714E+01  8.94337E+01 -1.74275E+02 -2.71563E+02  5.89318E+02  2.88173E+02 -1.77471E+02 -2.94018E+02  1.97013E+02
 OMEGA(4,1)    1.20670E+01 -4.10356E+01 -1.50561E+01  1.17897E+01 -1.03331E+02  1.33808E+02 -3.10261E+02 -4.44954E+00 -6.08481E+02  8.95938E+01  2.88173E+02  3.05118E+03  1.66070E+02 -4.56932E+02  2.07258E+02
 OMEGA(4,2)    1.55948E+01  2.30361E+01 -1.42899E+01  3.82106E+00 -1.65435E+02  1.02046E+02  2.00913E+02 -3.29770E+02  1.84797E+02 -1.69373E+02 -1.77471E+02  1.66070E+02  2.76766E+03 -8.75906E+01 -8.23750E+01
 OMEGA(4,3)    1.48931E+00  6.02082E+00 -3.93551E+01  1.52254E+01  1.00689E+03 -9.43421E+01  1.97192E+02  4.12988E+01  1.20963E+02 -2.55529E+02 -2.94018E+02 -4.56932E+02 -8.75906E+01  2.54339E+03 -6.58588E+02
 OMEGA(4,4)    9.48621E+00 -2.05846E+01  1.71748E+01  7.08999E-01  1.22507E+03 -2.53294E+01 -2.75208E+02 -6.39441E+01 -1.20902E+02  2.94455E+02  1.97013E+02  2.07258E+02 -8.23750E+01 -6.58588E+02  1.39467E+03
TABLE NO.     3: First Order Conditional Estimation with Interaction (No Prior): Problem=1 Subproblem=0 Superproblem1=0 Iteration1=0 Superproblem2=0 Iteration2=0
 NAME         THETA1       THETA2       THETA3       THETA4       SIGMA(1,1)   OMEGA(1,1)   OMEGA(2,1)   OMEGA(2,2)   OMEGA(3,1)   OMEGA(3,2)   OMEGA(3,3)   OMEGA(4,1)   OMEGA(4,2)   OMEGA(4,3)   OMEGA(4,4)
 THETA1        1.95208E+01 -1.72409E+00 -5.55114E+00  2.04330E-01 -5.66682E+01 -2.13842E+00 -8.18603E+00 -2.49169E+00 -6.78682E+00  4.97410E+00 -9.73824E-01 -3.09767E+00  1.12959E+00 -4.59863E+00 -3.08706E+00
 THETA2       -1.72409E+00  1.87621E+01  5.52212E-01 -8.84249E-01 -4.83428E+01 -8.03418E+00 -1.50081E+01 -6.47313E+00 -1.37432E+01 -8.20442E+00  5.12514E+00 -8.82865E+00  1.75594E+01  1.07104E+00 -1.21163E+01
 THETA3       -5.55114E+00  5.52212E-01  6.59474E+01 -8.66686E+00 -2.19947E+01 -1.44279E+01 -1.83393E+01  3.03223E+01  5.25286E+01 -6.79426E+01 -2.17224E+01 -3.89402E+01 -1.25227E+01  3.64436E+00  1.48469E+01
 THETA4        2.04330E-01 -8.84249E-01 -8.66686E+00  4.63008E+00 -1.68321E+01 -1.49135E+00 -4.72542E+00  1.24833E+00 -6.19550E+00  6.14808E+00 -3.03501E+00 -2.48740E+00 -7.60272E+00  4.49603E+00 -4.14018E+00
 SIGMA(1,1)   -5.66682E+01 -4.83428E+01 -2.19947E+01 -1.68321E+01  2.62836E+04  3.56764E+02  9.45565E+02  1.18056E+03  2.60985E+01 -2.88712E+02  9.60327E+02  6.52084E+02  8.38628E+00  5.20439E+02  9.22429E+02
 OMEGA(1,1)   -2.13842E+00 -8.03418E+00 -1.44279E+01 -1.49135E+00  3.56764E+02  1.59987E+03 -2.88787E+02  4.93965E+01 -4.16965E+02 -3.20326E+01  2.17021E+01  1.08223E+01  3.09590E-01  4.42805E+00 -1.40447E+01
 OMEGA(2,1)   -8.18603E+00 -1.50081E+01 -1.83393E+01 -4.72542E+00  9.45565E+02 -2.88787E+02  2.74832E+03 -2.04527E+02 -9.48238E+01 -3.78831E+02  1.61444E+00 -3.66892E+02  1.93302E+02 -8.24990E+00 -3.14907E+01
 OMEGA(2,2)   -2.49169E+00 -6.47313E+00  3.03223E+01  1.24833E+00  1.18056E+03  4.93965E+01 -2.04527E+02  1.18481E+03 -1.88479E+01  1.01829E+02  1.07235E+00  6.66512E+01 -3.45238E+02  3.12591E+00  4.11583E+00
 OMEGA(3,1)   -6.78682E+00 -1.37432E+01  5.25286E+01 -6.19550E+00  2.60985E+01 -4.16965E+02 -9.48238E+01 -1.88479E+01  2.03919E+03  7.85893E+01 -2.56757E+02 -1.18065E+03  5.52505E+01  1.10586E+02 -3.14447E+01
 OMEGA(3,2)    4.97410E+00 -8.20442E+00 -6.79426E+01  6.14808E+00 -2.88712E+02 -3.20326E+01 -3.78831E+02  1.01829E+02  7.85893E+01  1.13804E+03 -2.32058E+01  7.04492E+01 -6.89177E+02  5.43284E+01  6.30385E+01
 OMEGA(3,3)   -9.73824E-01  5.12514E+00 -2.17224E+01 -3.03501E+00  9.60327E+02  2.17021E+01  1.61444E+00  1.07235E+00 -2.56757E+02 -2.32058E+01  6.09349E+02  1.36471E+02  5.56792E+01 -8.41284E+02  2.25243E+02
 OMEGA(4,1)   -3.09767E+00 -8.82865E+00 -3.89402E+01 -2.48740E+00  6.52084E+02  1.08223E+01 -3.66892E+02  6.66512E+01 -1.18065E+03  7.04492E+01  1.36471E+02  3.02813E+03 -2.95138E+02 -3.96028E+02  4.78227E+01
 OMEGA(4,2)    1.12959E+00  1.75594E+01 -1.25227E+01 -7.60272E+00  8.38628E+00  3.09590E-01  1.93302E+02 -3.45238E+02  5.52505E+01 -6.89177E+02  5.56792E+01 -2.95138E+02  2.54361E+03 -6.15065E+01 -3.39129E+02
 OMEGA(4,3)   -4.59863E+00  1.07104E+00  3.64436E+00  4.49603E+00  5.20439E+02  4.42805E+00 -8.24990E+00  3.12591E+00  1.10586E+02  5.43284E+01 -8.41284E+02 -3.96028E+02 -6.15065E+01  2.43570E+03 -1.10658E+03
 OMEGA(4,4)   -3.08706E+00 -1.21163E+01  1.48469E+01 -4.14018E+00  9.22429E+02 -1.40447E+01 -3.14907E+01  4.11583E+00 -3.14447E+01  6.30385E+01  2.25243E+02  4.78227E+01 -3.39129E+02 -1.10658E+03  1.49121E+03
