TABLE NO.     1: Iterative Two Stage (No Prior): Problem=1 Subproblem=0 Superproblem1=0 Iteration1=0 Superproblem2=0 Iteration2=0
 NAME         THETA1       THETA2       THETA3       THETA4       SIGMA(1,1)   OMEGA(1,1)   OMEGA(2,1)   OMEGA(2,2)   OMEGA(3,1)   OMEGA(3,2)   OMEGA(3,3)   OMEGA(4,1)   OMEGA(4,2)   OMEGA(4,3)   OMEGA(4,4)
 THETA1        6.15847E-02  9.58955E-03  4.32711E-03 -1.81486E-03  2.45182E-04 -1.31255E-03  7.97708E-05 -2.07182E-04 -8.76528E-04 -4.04921E-04 -1.73804E-03 -9.51000E-04 -1.38794E-03 -1.06996E-04  1.70888E-04
 THETA2        9.58955E-03  5.75231E-02  2.40552E-03  8.26409E-03  3.04416E-04  4.80158E-04  8.66962E-04 -9.21287E-05  7.91145E-06 -4.63680E-04 -1.61440E-03 -1.03686E-03 -5.08861E-04 -4.47474E-04 -8.01772E-05
 THETA3        4.32711E-03  2.40552E-03  2.14611E-02  3.86744E-02 -1.53516E-05  1.77996E-04  9.27740E-05 -4.62458E-04 -5.51294E-04  1.46538E-04 -3.82627E-04  3.50524E-04  3.30211E-04  6.29673E-04  4.64284E-04
 THETA4       -1.81486E-03  8.26409E-03  3.86744E-02  3.34517E-01  2.74485E-04 -8.69854E-04 -1.39416E-03 -1.15892E-03  2.48760E-03  1.37793E-03  5.86662E-03  1.94454E-03  1.70989E-03  3.05747E-03 -3.04323E-03
 SIGMA(1,1)    2.45182E-04  3.04416E-04 -1.53516E-05  2.74485E-04  6.03004E-05 -6.02600E-05 -4.30167E-05 -8.09110E-05 -5.85493E-05  8.13961E-06 -1.03666E-04 -7.99440E-05 -4.15506E-05 -1.13425E-04 -1.20439E-04
 OMEGA(1,1)   -1.31255E-03  4.80158E-04  1.77996E-04 -8.69854E-04 -6.02600E-05  8.35224E-04  3.09408E-04  1.39076E-04  1.38612E-04  1.87514E-04  2.24028E-04  2.20798E-04  1.15038E-04  2.52327E-04  2.71341E-04
 OMEGA(2,1)    7.97708E-05  8.66962E-04  9.27740E-05 -1.39416E-03 -4.30167E-05  3.09408E-04  5.31749E-04  2.34893E-04  2.39988E-04  3.79364E-05  1.49470E-04  1.82036E-04  8.56610E-05  1.17579E-04  1.26392E-04
 OMEGA(2,2)   -2.07182E-04 -9.21287E-05 -4.62458E-04 -1.15892E-03 -8.09110E-05  1.39076E-04  2.34893E-04  1.21121E-03  8.48509E-05  2.81732E-04  5.49216E-04  1.40339E-04  3.79229E-04  3.81738E-04  3.27463E-04
 OMEGA(3,1)   -8.76528E-04  7.91145E-06 -5.51294E-04  2.48760E-03 -5.85493E-05  1.38612E-04  2.39988E-04  8.48509E-05  1.04044E-03 -6.17990E-05  8.01418E-04  5.41399E-04  2.24140E-05  2.92445E-04  6.71540E-05
 OMEGA(3,2)   -4.04921E-04 -4.63680E-04  1.46538E-04  1.37793E-03  8.13961E-06  1.87514E-04  3.79364E-05  2.81732E-04 -6.17990E-05  1.44766E-03  4.35346E-04 -3.07482E-05  5.80789E-04  3.68735E-04  1.91747E-04
 OMEGA(3,3)   -1.73804E-03 -1.61440E-03 -3.82627E-04  5.86662E-03 -1.03666E-04  2.24028E-04  1.49470E-04  5.49216E-04  8.01418E-04  4.35346E-04  4.18567E-03  3.89930E-04  4.06561E-04  2.19218E-03  1.10960E-03
 OMEGA(4,1)   -9.51000E-04 -1.03686E-03  3.50524E-04  1.94454E-03 -7.99440E-05  2.20798E-04  1.82036E-04  1.40339E-04  5.41399E-04 -3.07482E-05  3.89930E-04  7.62472E-04  9.11116E-05  2.21906E-04  1.57332E-04
 OMEGA(4,2)   -1.38794E-03 -5.08861E-04  3.30211E-04  1.70989E-03 -4.15506E-05  1.15038E-04  8.56610E-05  3.79229E-04  2.24140E-05  5.80789E-04  4.06561E-04  9.11116E-05  7.45582E-04  3.35390E-04  2.29021E-04
 OMEGA(4,3)   -1.06996E-04 -4.47474E-04  6.29673E-04  3.05747E-03 -1.13425E-04  2.52327E-04  1.17579E-04  3.81738E-04  2.92445E-04  3.68735E-04  2.19218E-03  2.21906E-04  3.35390E-04  2.03396E-03  1.33539E-03
 OMEGA(4,4)    1.70888E-04 -8.01772E-05  4.64284E-04 -3.04323E-03 -1.20439E-04  2.71341E-04  1.26392E-04  3.27463E-04  6.71540E-05  1.91747E-04  1.10960E-03  1.57332E-04  2.29021E-04  1.33539E-03  1.63582E-03
TABLE NO.     2: MCMC Bayesian Analysis: Problem=1 Subproblem=0 Superproblem1=0 Iteration1=0 Superproblem2=0 Iteration2=0
 NAME         THETA1       THETA2       THETA3       THETA4       SIGMA(1,1)   OMEGA(1,1)   OMEGA(2,1)   OMEGA(2,2)   OMEGA(3,1)   OMEGA(3,2)   OMEGA(3,3)   OMEGA(4,1)   OMEGA(4,2)   OMEGA(4,3)   OMEGA(4,4)
 THETA1        5.79269E-02  1.48112E-02  8.62680E-03  1.55786E-02  1.68217E-04  7.81932E-04  8.86627E-04 -1.57748E-03 -1.90623E-04 -2.86888E-04 -9.66903E-04  8.93852E-05 -7.91709E-04 -3.46315E-04 -3.63434E-04
 THETA2        1.48112E-02  7.58347E-02  1.29429E-02  5.44471E-02  1.95469E-04  1.04985E-03  1.21602E-03 -2.27867E-03  6.93394E-04  4.45460E-05 -1.90333E-03  1.19019E-03 -1.33438E-03 -2.99443E-04  7.36806E-04
 THETA3        8.62680E-03  1.29429E-02  2.15528E-02  4.14590E-02  2.89612E-04  3.93363E-04  7.59313E-04 -2.57700E-03 -5.92371E-04  6.15947E-04 -1.12113E-03  1.50185E-04 -4.89561E-04 -2.41365E-04 -5.57941E-04
 THETA4        1.55786E-02  5.44471E-02  4.14590E-02  3.07670E-01  1.21174E-03  2.41141E-03  1.96938E-03 -8.45634E-03 -3.79520E-04 -4.33436E-04 -3.37361E-03 -9.42350E-05 -2.27278E-03 -2.73807E-03 -1.86704E-03
 SIGMA(1,1)    1.68217E-04  1.95469E-04  2.89612E-04  1.21174E-03  5.16651E-05  2.52879E-05  2.17620E-06 -9.48524E-05 -6.82826E-07  1.10193E-05 -5.74381E-05  3.35912E-06 -1.86672E-05 -4.46934E-05 -6.82630E-05
 OMEGA(1,1)    7.81932E-04  1.04985E-03  3.93363E-04  2.41141E-03  2.52879E-05  8.61956E-04  1.08463E-04 -2.37814E-04  1.33211E-04 -6.51808E-05 -1.06727E-04  1.75155E-05 -1.00987E-04 -1.03767E-05  3.49659E-05
 OMEGA(2,1)    8.86627E-04  1.21602E-03  7.59313E-04  1.96938E-03  2.17620E-06  1.08463E-04  5.57662E-04 -7.58550E-05 -9.57753E-06  2.36703E-05 -1.06473E-04  6.31532E-05 -7.35866E-05 -1.83422E-05  9.50084E-05
 OMEGA(2,2)   -1.57748E-03 -2.27867E-03 -2.57700E-03 -8.45634E-03 -9.48524E-05 -2.37814E-04 -7.58550E-05  1.53785E-03 -4.54828E-05 -1.25583E-04 -2.13990E-05 -2.21320E-05  2.22486E-04  7.58576E-05  2.25517E-04
 OMEGA(3,1)   -1.90623E-04  6.93394E-04 -5.92371E-04 -3.79520E-04 -6.82826E-07  1.33211E-04 -9.57753E-06 -4.54828E-05  6.66955E-04  1.56328E-05  1.51860E-04  1.22795E-04 -5.65358E-05  1.53088E-05  3.67692E-05
 OMEGA(3,2)   -2.86888E-04  4.45460E-05  6.15947E-04 -4.33436E-04  1.10193E-05 -6.51808E-05  2.36703E-05 -1.25583E-04  1.56328E-05  9.01291E-04  5.62883E-04 -3.89006E-05  8.02048E-05  9.70101E-05 -2.28825E-04
 OMEGA(3,3)   -9.66903E-04 -1.90333E-03 -1.12113E-03 -3.37361E-03 -5.74381E-05 -1.06727E-04 -1.06473E-04 -2.13990E-05  1.51860E-04  5.62883E-04  2.52317E-03 -1.99243E-04  2.24788E-04  2.79155E-04 -2.66865E-04
 OMEGA(4,1)    8.93852E-05  1.19019E-03  1.50185E-04 -9.42350E-05  3.35912E-06  1.75155E-05  6.31532E-05 -2.21320E-05  1.22795E-04 -3.89006E-05 -1.99243E-04  4.02150E-04 -6.26605E-05  3.87996E-05  2.58338E-05
 OMEGA(4,2)   -7.91709E-04 -1.33438E-03 -4.89561E-04 -2.27278E-03 -1.86672E-05 -1.00987E-04 -7.35866E-05  2.22486E-04 -5.65358E-05  8.02048E-05  2.24788E-04 -6.26605E-05  4.41075E-04  5.94067E-05  1.29455E-05
 OMEGA(4,3)   -3.46315E-04 -2.99443E-04 -2.41365E-04 -2.73807E-03 -4.46934E-05 -1.03767E-05 -1.83422E-05  7.58576E-05  1.53088E-05  9.70101E-05  2.79155E-04  3.87996E-05  5.94067E-05  5.34870E-04  2.32959E-04
 OMEGA(4,4)   -3.63434E-04  7.36806E-04 -5.57941E-04 -1.86704E-03 -6.82630E-05  3.49659E-05  9.50084E-05  2.25517E-04  3.67692E-05 -2.28825E-04 -2.66865E-04  2.58338E-05  1.29455E-05  2.32959E-04  1.02400E-03
TABLE NO.     3: First Order Conditional Estimation with Interaction (No Prior): Problem=1 Subproblem=0 Superproblem1=0 Iteration1=0 Superproblem2=0 Iteration2=0
 NAME         THETA1       THETA2       THETA3       THETA4       SIGMA(1,1)   OMEGA(1,1)   OMEGA(2,1)   OMEGA(2,2)   OMEGA(3,1)   OMEGA(3,2)   OMEGA(3,3)   OMEGA(4,1)   OMEGA(4,2)   OMEGA(4,3)   OMEGA(4,4)
 THETA1        5.45539E-02  6.66030E-03  7.09837E-03  1.43962E-02  2.49088E-05  4.01498E-04  4.31063E-04 -1.43055E-05  6.10180E-04  3.01400E-04  1.42304E-03  5.11678E-04  1.68694E-04  8.69013E-04  5.85865E-04
 THETA2        6.66030E-03  5.73579E-02  2.67453E-03  1.79073E-02  4.29124E-05  6.95589E-04  6.55887E-04  1.94216E-04  9.45862E-04  4.76029E-04  1.28254E-04  6.67723E-04 -6.98651E-05  3.60549E-04  7.06940E-04
 THETA3        7.09837E-03  2.67453E-03  2.55758E-02  4.88531E-02 -2.88677E-05  4.62588E-04  5.98771E-04 -5.50823E-04  1.01525E-04  1.88566E-03  2.13100E-03  5.46877E-04  7.18156E-04  8.32798E-04  3.18123E-04
 THETA4        1.43962E-02  1.79073E-02  4.88531E-02  3.20333E-01 -2.29522E-04  1.83601E-03  1.90247E-03 -7.40112E-04  2.40361E-03  2.71491E-03  7.85609E-03  2.39066E-03  2.03823E-03  3.55089E-03  2.55091E-03
 SIGMA(1,1)    2.49088E-05  4.29124E-05 -2.88677E-05 -2.29522E-04  7.04784E-05 -3.96965E-05 -4.52860E-05 -8.11913E-05 -8.94480E-05  1.28766E-05 -3.91742E-04 -6.75009E-05 -3.04855E-05 -2.33068E-04 -1.65632E-04
 OMEGA(1,1)    4.01498E-04  6.95589E-04  4.62588E-04  1.83601E-03 -3.96965E-05  7.38084E-04  1.42421E-04  2.53005E-05  2.82483E-04  6.16243E-05  3.83539E-04  1.53995E-04  4.11119E-05  2.17745E-04  1.52831E-04
 OMEGA(2,1)    4.31063E-04  6.55887E-04  5.98771E-04  1.90247E-03 -4.52860E-05  1.42421E-04  4.61356E-04  1.01869E-04  1.65615E-04  1.69666E-04  3.80262E-04  1.50953E-04  6.11359E-05  2.25680E-04  1.59773E-04
 OMEGA(2,2)   -1.43055E-05  1.94216E-04 -5.50823E-04 -7.40112E-04 -8.11913E-05  2.53005E-05  1.01869E-04  9.99133E-04  1.15909E-04 -4.57710E-05  4.19204E-04  7.52249E-05  1.44736E-04  2.81914E-04  2.35595E-04
 OMEGA(3,1)    6.10180E-04  9.45862E-04  1.01525E-04  2.40361E-03 -8.94480E-05  2.82483E-04  1.65615E-04  1.15909E-04  9.41151E-04 -5.54444E-05  1.13050E-03  4.39291E-04  6.03038E-05  6.09242E-04  3.78936E-04
 OMEGA(3,2)    3.01400E-04  4.76029E-04  1.88566E-03  2.71491E-03  1.28766E-05  6.16243E-05  1.69666E-04 -4.57710E-05 -5.54444E-05  1.25197E-03  1.88413E-05  2.56568E-05  3.36671E-04 -1.82869E-05 -5.18783E-06
 OMEGA(3,3)    1.42304E-03  1.28254E-04  2.13100E-03  7.85609E-03 -3.91742E-04  3.83539E-04  3.80262E-04  4.19204E-04  1.13050E-03  1.88413E-05  6.24095E-03  7.13254E-04  2.79447E-04  3.03711E-03  1.63217E-03
 OMEGA(4,1)    5.11678E-04  6.67723E-04  5.46877E-04  2.39066E-03 -6.75009E-05  1.53995E-04  1.50953E-04  7.52249E-05  4.39291E-04  2.56568E-05  7.13254E-04  5.78261E-04  1.05855E-04  4.74130E-04  3.11671E-04
 OMEGA(4,2)    1.68694E-04 -6.98651E-05  7.18156E-04  2.03823E-03 -3.04855E-05  4.11119E-05  6.11359E-05  1.44736E-04  6.03038E-05  3.36671E-04  2.79447E-04  1.05855E-04  5.55293E-04  2.39289E-04  2.63714E-04
 OMEGA(4,3)    8.69013E-04  3.60549E-04  8.32798E-04  3.55089E-03 -2.33068E-04  2.17745E-04  2.25680E-04  2.81914E-04  6.09242E-04 -1.82869E-05  3.03711E-03  4.74130E-04  2.39289E-04  2.18087E-03  1.36895E-03
 OMEGA(4,4)    5.85865E-04  7.06940E-04  3.18123E-04  2.55091E-03 -1.65632E-04  1.52831E-04  1.59773E-04  2.35595E-04  3.78936E-04 -5.18783E-06  1.63217E-03  3.11671E-04  2.63714E-04  1.36895E-03  1.61559E-03
